case,n,replicate,method,tangent_mse,oracle_excess,covariance_relative_frobenius
isotropic,16,0,projection,1.0,0.0,0.0
isotropic,16,0,empirical,1.912374520661067,0.9123745206610668,1.3573072817692386
isotropic,16,0,oas,1.0025577791443314,0.0025577791443313924,0.11066930310962136
isotropic,16,0,spiked_known_floor,1.0,1.9194776195995268e-31,9.67855990684899e-16
isotropic,16,0,oracle,1.0,0.0,0.0
isotropic,16,1,projection,1.0,0.0,0.0
isotropic,16,1,empirical,1.686403527675179,0.686403527675179,1.163128436351269
isotropic,16,1,oas,1.0000316793124795,3.1679312479458513e-05,0.07707574957180753
isotropic,16,1,spiked_known_floor,1.0,3.2686463967163315e-31,1.0503037168275622e-15
isotropic,16,1,oracle,1.0,0.0,0.0
isotropic,16,2,projection,1.0,0.0,0.0
isotropic,16,2,empirical,1.665837034321857,0.6658370343218569,1.184039883681642
isotropic,16,2,oas,1.0,0.0,0.04004261772593931
isotropic,16,2,spiked_known_floor,1.0,3.0553504019517896e-31,1.1533903573124037e-15
isotropic,16,2,oracle,1.0,0.0,0.0
isotropic,16,3,projection,1.0,0.0,0.0
isotropic,16,3,empirical,1.863109090465156,0.8631090904651558,1.2455190842974981
isotropic,16,3,oas,1.0014893264459768,0.001489326445976784,0.08276885078950412
isotropic,16,3,spiked_known_floor,1.0,2.85361997828395e-31,1.2318764489688518e-15
isotropic,16,3,oracle,1.0,0.0,0.0
isotropic,16,4,projection,1.0,0.0,0.0
isotropic,16,4,empirical,1.4506082278655323,0.4506082278655322,1.29941982404793
isotropic,16,4,oas,1.0,0.0,0.10425265771678305
isotropic,16,4,spiked_known_floor,1.0,3.4778875693685915e-31,1.2291307717516782e-15
isotropic,16,4,oracle,1.0,0.0,0.0
isotropic,16,5,projection,1.0,0.0,0.0
isotropic,16,5,empirical,1.5780179867269193,0.5780179867269194,1.216411137104911
isotropic,16,5,oas,1.0012229573702456,0.001222957370245654,0.0873898363842078
isotropic,16,5,spiked_known_floor,1.0,2.7749150806457628e-31,1.111180019228623e-15
isotropic,16,5,oracle,1.0,0.0,0.0
isotropic,16,6,projection,1.0,0.0,0.0
isotropic,16,6,empirical,1.8336556576196348,0.833655657619635,1.1870368107183342
isotropic,16,6,oas,1.0,0.0,0.015639468967279524
isotropic,16,6,spiked_known_floor,1.0,2.292787743936061e-31,1.064498842992219e-15
isotropic,16,6,oracle,1.0,0.0,0.0
isotropic,16,7,projection,1.0,0.0,0.0
isotropic,16,7,empirical,1.8843215473733024,0.8843215473733022,1.2079636330319259
isotropic,16,7,oas,1.0,0.0,0.005205215149247878
isotropic,16,7,spiked_known_floor,1.0,3.455337390379829e-31,1.188375073904176e-15
isotropic,16,7,oracle,1.0,0.0,0.0
isotropic,16,8,projection,1.0,0.0,0.0
isotropic,16,8,empirical,1.4948322240148408,0.49483222401484084,1.1805913231789797
isotropic,16,8,oas,1.0002375953637488,0.00023759536374872605,0.0770902529374758
isotropic,16,8,spiked_known_floor,1.0,4.513840505002088e-31,1.2821225204389007e-15
isotropic,16,8,oracle,1.0,0.0,0.0
isotropic,16,9,projection,1.0,0.0,0.0
isotropic,16,9,empirical,1.4624260080089002,0.46242600800890027,1.060918950401483
isotropic,16,9,oas,1.0,0.0,0.10370451531549886
isotropic,16,9,spiked_known_floor,1.0,3.5518122163603234e-31,1.1231199306611138e-15
isotropic,16,9,oracle,1.0,0.0,0.0
isotropic,16,10,projection,1.0,0.0,0.0
isotropic,16,10,empirical,1.6295533989321167,0.6295533989321168,1.180707065432122
isotropic,16,10,oas,1.0002769329862515,0.0002769329862514583,0.07669300214944674
isotropic,16,10,spiked_known_floor,1.0,2.3296728241698346e-31,1.1084807796442932e-15
isotropic,16,10,oracle,1.0,0.0,0.0
isotropic,16,11,projection,1.0,0.0,0.0
isotropic,16,11,empirical,1.4187517090390742,0.4187517090390742,1.2557359886057453
isotropic,16,11,oas,1.0,0.0,0.03516668507057875
isotropic,16,11,spiked_known_floor,1.0,2.2112439945088447e-31,1.060624584109071e-15
isotropic,16,11,oracle,1.0,0.0,0.0
isotropic,16,12,projection,1.0,0.0,0.0
isotropic,16,12,empirical,1.6411453221265646,0.6411453221265647,1.299987164244505
isotropic,16,12,oas,1.0135513271240952,0.013551327124095179,0.24437461781979966
isotropic,16,12,spiked_known_floor,1.0,2.4730638605256752e-31,1.0424051792997639e-15
isotropic,16,12,oracle,1.0,0.0,0.0
isotropic,16,13,projection,1.0,0.0,0.0
isotropic,16,13,empirical,1.4828143999805123,0.48281439998051234,1.2900898833075787
isotropic,16,13,oas,1.0,0.0,0.04984592989008264
isotropic,16,13,spiked_known_floor,1.0,3.179541650320153e-31,1.1157486399078876e-15
isotropic,16,13,oracle,1.0,0.0,0.0
isotropic,16,14,projection,1.0,0.0,0.0
isotropic,16,14,empirical,1.762703295674502,0.7627032956745019,1.3854040458983448
isotropic,16,14,oas,1.0019936770656999,0.0019936770656998754,0.1185879507546761
isotropic,16,14,spiked_known_floor,1.007531658968637,0.007531658968636896,0.23066150987279
isotropic,16,14,oracle,1.0,0.0,0.0
isotropic,16,15,projection,1.0,0.0,0.0
isotropic,16,15,empirical,1.837865192615912,0.8378651926159117,1.31135601738615
isotropic,16,15,oas,1.0020549382965476,0.002054938296547617,0.09763679383742395
isotropic,16,15,spiked_known_floor,1.0007159816293292,0.0007159816293291953,0.06280177891207898
isotropic,16,15,oracle,1.0,0.0,0.0
isotropic,16,16,projection,1.0,0.0,0.0
isotropic,16,16,empirical,1.8253355576314558,0.8253355576314558,1.3328552604845312
isotropic,16,16,oas,1.002315145444956,0.0023151454449559764,0.10915072566075451
isotropic,16,16,spiked_known_floor,1.0,3.6921387669123684e-31,1.2216317498638292e-15
isotropic,16,16,oracle,1.0,0.0,0.0
isotropic,16,17,projection,1.0,0.0,0.0
isotropic,16,17,empirical,2.396158353663126,1.3961583536631261,1.1693945078173051
isotropic,16,17,oas,1.0,0.0,0.043722575849010625
isotropic,16,17,spiked_known_floor,1.0,3.402665915811581e-31,1.2916966592426323e-15
isotropic,16,17,oracle,1.0,0.0,0.0
isotropic,16,18,projection,1.0,0.0,0.0
isotropic,16,18,empirical,1.3895356919032034,0.3895356919032033,1.0213319075705676
isotropic,16,18,oas,1.0,0.0,0.15245973069723728
isotropic,16,18,spiked_known_floor,1.0,3.019469495838224e-31,1.1677049059996796e-15
isotropic,16,18,oracle,1.0,0.0,0.0
isotropic,16,19,projection,1.0,0.0,0.0
isotropic,16,19,empirical,1.6592853607252276,0.6592853607252277,1.1727241942254234
isotropic,16,19,oas,1.0003697281039348,0.00036972810393478487,0.08732110730919009
isotropic,16,19,spiked_known_floor,1.0,4.573033044914882e-31,1.4980808611416051e-15
isotropic,16,19,oracle,1.0,0.0,0.0
isotropic,16,20,projection,1.0,0.0,0.0
isotropic,16,20,empirical,1.860021130595216,0.8600211305952161,1.357640257983333
isotropic,16,20,oas,1.0084040955809526,0.008404095580952444,0.1845274058796142
isotropic,16,20,spiked_known_floor,1.0015697371298957,0.0015697371298956783,0.08232677478969662
isotropic,16,20,oracle,1.0,0.0,0.0
isotropic,16,21,projection,1.0,0.0,0.0
isotropic,16,21,empirical,1.7442813346947572,0.7442813346947573,1.2010963254732165
isotropic,16,21,oas,1.0003867718738166,0.00038677187381678136,0.06706939419194861
isotropic,16,21,spiked_known_floor,1.0,2.7051212488757613e-31,1.0544780996640368e-15
isotropic,16,21,oracle,1.0,0.0,0.0
isotropic,16,22,projection,1.0,0.0,0.0
isotropic,16,22,empirical,1.5535650654926174,0.5535650654926173,1.2915830550035494
isotropic,16,22,oas,1.0,0.0,0.03633624434788518
isotropic,16,22,spiked_known_floor,1.0,2.895809108669136e-31,1.0908789422336337e-15
isotropic,16,22,oracle,1.0,0.0,0.0
isotropic,16,23,projection,1.0,0.0,0.0
isotropic,16,23,empirical,1.4752044569404466,0.4752044569404464,1.2287906467380916
isotropic,16,23,oas,1.0,0.0,0.035679092643582384
isotropic,16,23,spiked_known_floor,1.0,2.2218172092270026e-31,9.86568620902723e-16
isotropic,16,23,oracle,1.0,0.0,0.0
isotropic,16,24,projection,1.0,0.0,0.0
isotropic,16,24,empirical,1.6610312795693882,0.6610312795693882,1.298230620657974
isotropic,16,24,oas,1.0,0.0,0.05184870945721421
isotropic,16,24,spiked_known_floor,1.0,3.0326367359453423e-31,1.1350679757554283e-15
isotropic,16,24,oracle,1.0,0.0,0.0
isotropic,16,25,projection,1.0,0.0,0.0
isotropic,16,25,empirical,1.7869278375491997,0.7869278375491997,1.4547453514283453
isotropic,16,25,oas,1.0011833079487613,0.001183307948761294,0.1477697443174137
isotropic,16,25,spiked_known_floor,1.0016414632538533,0.0016414632538531758,0.09228276533689163
isotropic,16,25,oracle,1.0,0.0,0.0
isotropic,16,26,projection,1.0,0.0,0.0
isotropic,16,26,empirical,1.5730371781861037,0.5730371781861037,1.2095057990233546
isotropic,16,26,oas,1.0,0.0,0.010394942997702161
isotropic,16,26,spiked_known_floor,1.0,2.338631236205725e-31,9.391928041380575e-16
isotropic,16,26,oracle,1.0,0.0,0.0
isotropic,16,27,projection,1.0,0.0,0.0
isotropic,16,27,empirical,1.53994422341021,0.5399442234102101,1.2453312026081897
isotropic,16,27,oas,1.0,0.0,0.019277812314754783
isotropic,16,27,spiked_known_floor,1.0,2.737373245336386e-31,1.0860625093988344e-15
isotropic,16,27,oracle,1.0,0.0,0.0
isotropic,16,28,projection,1.0,0.0,0.0
isotropic,16,28,empirical,1.5479271180734169,0.5479271180734169,1.3087073607444955
isotropic,16,28,oas,1.0128549308550783,0.012854930855078156,0.23503808960111278
isotropic,16,28,spiked_known_floor,1.0088878642900807,0.008887864290080719,0.24989977527538654
isotropic,16,28,oracle,1.0,0.0,0.0
isotropic,16,29,projection,1.0,0.0,0.0
isotropic,16,29,empirical,1.5983683394132673,0.5983683394132673,1.2143982478226758
isotropic,16,29,oas,1.0,0.0,0.03170014524446829
isotropic,16,29,spiked_known_floor,1.0,2.624988055641903e-31,1.0756859136636143e-15
isotropic,16,29,oracle,1.0,0.0,0.0
isotropic,16,30,projection,1.0,0.0,0.0
isotropic,16,30,empirical,2.3066025082350343,1.3066025082350343,1.3761688888733878
isotropic,16,30,oas,1.0,0.0,0.11210253946261318
isotropic,16,30,spiked_known_floor,1.0,2.5339007154444326e-31,1.156430408397365e-15
isotropic,16,30,oracle,1.0,0.0,0.0
isotropic,16,31,projection,1.0,0.0,0.0
isotropic,16,31,empirical,1.4308606605477516,0.43086066054775146,1.2560134178229112
isotropic,16,31,oas,1.0000205699320772,2.056993207736482e-05,0.009557527503908984
isotropic,16,31,spiked_known_floor,1.0,2.3134343977327273e-31,1.0883334540195455e-15
isotropic,16,31,oracle,1.0,0.0,0.0
isotropic,16,32,projection,1.0,0.0,0.0
isotropic,16,32,empirical,1.6131644625619659,0.6131644625619657,1.2205451796718125
isotropic,16,32,oas,1.0006021744865554,0.0006021744865555021,0.0746519510819922
isotropic,16,32,spiked_known_floor,1.0,3.0899653572523843e-31,1.1512413794617157e-15
isotropic,16,32,oracle,1.0,0.0,0.0
isotropic,16,33,projection,1.0,0.0,0.0
isotropic,16,33,empirical,1.8529734349506153,0.8529734349506151,1.2426729644770729
isotropic,16,33,oas,1.0,0.0,0.011963822207454069
isotropic,16,33,spiked_known_floor,1.0,2.908519153890877e-31,1.2662815163425833e-15
isotropic,16,33,oracle,1.0,0.0,0.0
isotropic,16,34,projection,1.0,0.0,0.0
isotropic,16,34,empirical,1.9191069075536815,0.9191069075536813,1.5361911275901208
isotropic,16,34,oas,1.0007990956676145,0.0007990956676145486,0.20206154983991706
isotropic,16,34,spiked_known_floor,1.0074983919670688,0.007498391967068805,0.21498519002015157
isotropic,16,34,oracle,1.0,0.0,0.0
isotropic,16,35,projection,1.0,0.0,0.0
isotropic,16,35,empirical,1.9727119830652409,0.9727119830652408,1.1088951273790377
isotropic,16,35,oas,1.0,0.0,0.047409163756347635
isotropic,16,35,spiked_known_floor,1.0,3.3562519122821418e-31,1.2654829907960796e-15
isotropic,16,35,oracle,1.0,0.0,0.0
isotropic,16,36,projection,1.0,0.0,0.0
isotropic,16,36,empirical,1.5360154049670731,0.5360154049670733,1.3780661802744452
isotropic,16,36,oas,1.0045154926354474,0.00451549263544727,0.14325644487861341
isotropic,16,36,spiked_known_floor,1.006563429167784,0.006563429167784089,0.19713193536832857
isotropic,16,36,oracle,1.0,0.0,0.0
isotropic,16,37,projection,1.0,0.0,0.0
isotropic,16,37,empirical,1.830777924118217,0.8307779241182166,1.2872002623142906
isotropic,16,37,oas,1.0000521935320021,5.2193532002190646e-05,0.02752683310876626
isotropic,16,37,spiked_known_floor,1.0,2.799526232234777e-31,1.0596935868183396e-15
isotropic,16,37,oracle,1.0,0.0,0.0
isotropic,16,38,projection,1.0,0.0,0.0
isotropic,16,38,empirical,1.4495451205728473,0.44954512057284723,1.1738301823231783
isotropic,16,38,oas,1.0,0.0,0.06204815981638767
isotropic,16,38,spiked_known_floor,1.0,2.2883075293848184e-31,1.0074732093751587e-15
isotropic,16,38,oracle,1.0,0.0,0.0
isotropic,16,39,projection,1.0,0.0,0.0
isotropic,16,39,empirical,1.498078123144152,0.498078123144152,1.2183238906242446
isotropic,16,39,oas,1.0,0.0,0.024731850167771467
isotropic,16,39,spiked_known_floor,1.0,2.7171993036039335e-31,1.071891038688212e-15
isotropic,16,39,oracle,1.0,0.0,0.0
isotropic,16,40,projection,1.0,0.0,0.0
isotropic,16,40,empirical,1.865502427368946,0.8655024273689461,1.3235794752808658
isotropic,16,40,oas,1.0010873408573968,0.0010873408573969137,0.0731986367193369
isotropic,16,40,spiked_known_floor,1.0,4.377814559728889e-31,1.3819540522076586e-15
isotropic,16,40,oracle,1.0,0.0,0.0
isotropic,16,41,projection,1.0,0.0,0.0
isotropic,16,41,empirical,1.5417870369479725,0.5417870369479725,1.3175632870216458
isotropic,16,41,oas,1.0015265841930137,0.0015265841930137925,0.08192676596223591
isotropic,16,41,spiked_known_floor,1.0,2.707725165622942e-31,1.0083666648536843e-15
isotropic,16,41,oracle,1.0,0.0,0.0
isotropic,16,42,projection,1.0,0.0,0.0
isotropic,16,42,empirical,1.4765951469887686,0.47659514698876876,1.3098858730528677
isotropic,16,42,oas,1.0027660625470851,0.0027660625470850688,0.11415854709531234
isotropic,16,42,spiked_known_floor,1.0,3.6639777507299246e-31,1.2303153779623862e-15
isotropic,16,42,oracle,1.0,0.0,0.0
isotropic,16,43,projection,1.0,0.0,0.0
isotropic,16,43,empirical,1.7626470081893533,0.7626470081893532,1.3866094799661968
isotropic,16,43,oas,1.0013582233071123,0.0013582233071124559,0.11032610408217329
isotropic,16,43,spiked_known_floor,1.0,3.764877320984659e-31,1.2968079622719672e-15
isotropic,16,43,oracle,1.0,0.0,0.0
isotropic,16,44,projection,1.0,0.0,0.0
isotropic,16,44,empirical,1.631113235480087,0.631113235480087,1.4514162882623167
isotropic,16,44,oas,1.0,0.0,0.19057422041186123
isotropic,16,44,spiked_known_floor,1.0,3.2911781911428086e-31,1.0937590510632025e-15
isotropic,16,44,oracle,1.0,0.0,0.0
isotropic,16,45,projection,1.0,0.0,0.0
isotropic,16,45,empirical,1.6607160183144594,0.6607160183144595,1.2321165171102075
isotropic,16,45,oas,1.0,0.0,0.023875070920688968
isotropic,16,45,spiked_known_floor,1.0,2.6571899215405286e-31,1.1267836641295487e-15
isotropic,16,45,oracle,1.0,0.0,0.0
isotropic,16,46,projection,1.0,0.0,0.0
isotropic,16,46,empirical,1.570137184128769,0.5701371841287689,1.5151363601276884
isotropic,16,46,oas,1.0049162308304147,0.004916230830414693,0.21619130660955732
isotropic,16,46,spiked_known_floor,1.006051467187433,0.006051467187433066,0.1874119092430648
isotropic,16,46,oracle,1.0,0.0,0.0
isotropic,16,47,projection,1.0,0.0,0.0
isotropic,16,47,empirical,1.7199343446630568,0.7199343446630571,1.1695902783602992
isotropic,16,47,oas,1.0000934476489074,9.344764890749783e-05,0.07632134224373474
isotropic,16,47,spiked_known_floor,1.0,3.5293826943994586e-31,1.1591451520475557e-15
isotropic,16,47,oracle,1.0,0.0,0.0
isotropic,16,48,projection,1.0,0.0,0.0
isotropic,16,48,empirical,1.5875155117949769,0.5875155117949766,1.2089954991123344
isotropic,16,48,oas,1.00010386889,0.0001038688899997998,0.047654912812616766
isotropic,16,48,spiked_known_floor,1.0,2.899295111891126e-31,1.152565483088322e-15
isotropic,16,48,oracle,1.0,0.0,0.0
isotropic,16,49,projection,1.0,0.0,0.0
isotropic,16,49,empirical,1.4307559816384026,0.4307559816384025,1.3224391597946477
isotropic,16,49,oas,1.000632405057039,0.0006324050570391394,0.062131339596387586
isotropic,16,49,spiked_known_floor,1.0,2.689104375656957e-31,1.0787709072140884e-15
isotropic,16,49,oracle,1.0,0.0,0.0
isotropic,16,50,projection,1.0,0.0,0.0
isotropic,16,50,empirical,1.7627156025992063,0.7627156025992062,1.1883659083283746
isotropic,16,50,oas,1.0,0.0,0.04000193848257727
isotropic,16,50,spiked_known_floor,1.0,2.54901476315973e-31,1.0726865618945922e-15
isotropic,16,50,oracle,1.0,0.0,0.0
isotropic,16,51,projection,1.0,0.0,0.0
isotropic,16,51,empirical,1.5514966459023776,0.5514966459023776,1.2992254806886552
isotropic,16,51,oas,1.0,0.0,0.11161915787749634
isotropic,16,51,spiked_known_floor,1.0,2.5382896199901233e-31,9.877347274039837e-16
isotropic,16,51,oracle,1.0,0.0,0.0
isotropic,16,52,projection,1.0,0.0,0.0
isotropic,16,52,empirical,1.735855643953975,0.735855643953975,1.247652390232403
isotropic,16,52,oas,1.0007787557269066,0.0007787557269067233,0.06496903589963018
isotropic,16,52,spiked_known_floor,1.0,2.484546986194727e-31,9.873411794492516e-16
isotropic,16,52,oracle,1.0,0.0,0.0
isotropic,16,53,projection,1.0,0.0,0.0
isotropic,16,53,empirical,1.9172869783808453,0.9172869783808455,1.348230553941802
isotropic,16,53,oas,1.0013207077718043,0.0013207077718041618,0.08919744195210437
isotropic,16,53,spiked_known_floor,1.0,4.942656437902152e-31,1.4363960701173113e-15
isotropic,16,53,oracle,1.0,0.0,0.0
isotropic,16,54,projection,1.0,0.0,0.0
isotropic,16,54,empirical,1.6983327246053244,0.6983327246053244,1.2677020682604878
isotropic,16,54,oas,1.000005864510625,5.864510624967314e-06,0.013000369451787544
isotropic,16,54,spiked_known_floor,1.0,2.266728799363373e-31,1.1362376872675413e-15
isotropic,16,54,oracle,1.0,0.0,0.0
isotropic,16,55,projection,1.0,0.0,0.0
isotropic,16,55,empirical,1.5602589112014718,0.560258911201472,1.4218759667668819
isotropic,16,55,oas,1.0022279075780678,0.00222790757806766,0.1482557123813055
isotropic,16,55,spiked_known_floor,1.0005018234302139,0.0005018234302139188,0.1096183559893106
isotropic,16,55,oracle,1.0,0.0,0.0
isotropic,16,56,projection,1.0,0.0,0.0
isotropic,16,56,empirical,2.098588022377409,1.098588022377409,1.3659275775561468
isotropic,16,56,oas,1.001943313538096,0.0019433135380959093,0.11316093334093479
isotropic,16,56,spiked_known_floor,1.0,1.5000971569348823e-31,9.819684753623297e-16
isotropic,16,56,oracle,1.0,0.0,0.0
isotropic,16,57,projection,1.0,0.0,0.0
isotropic,16,57,empirical,1.5685803927866944,0.5685803927866943,1.1226714306272907
isotropic,16,57,oas,1.0,0.0,0.04733080505117171
isotropic,16,57,spiked_known_floor,1.0,2.8290870767088442e-31,1.2427549283421069e-15
isotropic,16,57,oracle,1.0,0.0,0.0
isotropic,16,58,projection,1.0,0.0,0.0
isotropic,16,58,empirical,1.6971003600417345,0.6971003600417345,1.4539270572640925
isotropic,16,58,oas,1.0013986093080547,0.0013986093080547146,0.15125015158653524
isotropic,16,58,spiked_known_floor,1.0073726669723986,0.007372666972398666,0.21945187981630093
isotropic,16,58,oracle,1.0,0.0,0.0
isotropic,16,59,projection,1.0,0.0,0.0
isotropic,16,59,empirical,1.6514282596882675,0.6514282596882676,1.3250114951766285
isotropic,16,59,oas,1.0008539392179268,0.0008539392179266872,0.07033859674176157
isotropic,16,59,spiked_known_floor,1.0001289471775123,0.0001289471775121912,0.024387839311457635
isotropic,16,59,oracle,1.0,0.0,0.0
isotropic,16,60,projection,1.0,0.0,0.0
isotropic,16,60,empirical,1.572769351060288,0.572769351060288,1.1242555407205683
isotropic,16,60,oas,1.0,0.0,0.07635895263212011
isotropic,16,60,spiked_known_floor,1.0,3.1489607697726014e-31,1.0932557961975176e-15
isotropic,16,60,oracle,1.0,0.0,0.0
isotropic,16,61,projection,1.0,0.0,0.0
isotropic,16,61,empirical,1.5805939770736148,0.5805939770736148,1.2035275868416444
isotropic,16,61,oas,1.0,0.0,0.01736986746267244
isotropic,16,61,spiked_known_floor,1.0,2.7443104942336097e-31,1.134738150404004e-15
isotropic,16,61,oracle,1.0,0.0,0.0
isotropic,16,62,projection,1.0,0.0,0.0
isotropic,16,62,empirical,1.7384923886653876,0.7384923886653874,1.355938274589672
isotropic,16,62,oas,1.0035425327536835,0.003542532753683559,0.13535248287421256
isotropic,16,62,spiked_known_floor,1.0027699203011906,0.002769920301190628,0.12958299807142803
isotropic,16,62,oracle,1.0,0.0,0.0
isotropic,16,63,projection,1.0,0.0,0.0
isotropic,16,63,empirical,1.4978882077573143,0.4978882077573145,1.3458404556749615
isotropic,16,63,oas,1.0,0.0,0.09180990649852916
isotropic,16,63,spiked_known_floor,1.0,3.945783278874016e-31,1.3008347234189315e-15
isotropic,16,63,oracle,1.0,0.0,0.0
isotropic,16,64,projection,1.0,0.0,0.0
isotropic,16,64,empirical,1.5527973519718967,0.5527973519718967,1.2395066305416647
isotropic,16,64,oas,1.0,0.0,0.00858881810055401
isotropic,16,64,spiked_known_floor,1.0,3.002524994773093e-31,1.0939182905262767e-15
isotropic,16,64,oracle,1.0,0.0,0.0
isotropic,16,65,projection,1.0,0.0,0.0
isotropic,16,65,empirical,1.4156700853274284,0.41567008532742844,1.3027528794717942
isotropic,16,65,oas,1.0,0.0,0.06124921295347119
isotropic,16,65,spiked_known_floor,1.0,2.0676867825768963e-31,1.0164265667102004e-15
isotropic,16,65,oracle,1.0,0.0,0.0
isotropic,16,66,projection,1.0,0.0,0.0
isotropic,16,66,empirical,1.6695496437646844,0.6695496437646844,1.182096825565899
isotropic,16,66,oas,1.0020517535783935,0.0020517535783935188,0.1254802819975782
isotropic,16,66,spiked_known_floor,1.0,2.7308039396425383e-31,1.114265169623879e-15
isotropic,16,66,oracle,1.0,0.0,0.0
isotropic,16,67,projection,1.0,0.0,0.0
isotropic,16,67,empirical,1.4753949894280405,0.47539498942804037,1.1494997071365451
isotropic,16,67,oas,1.0,0.0,0.06598116354037187
isotropic,16,67,spiked_known_floor,1.0,3.1371384112632094e-31,1.256262508784344e-15
isotropic,16,67,oracle,1.0,0.0,0.0
isotropic,16,68,projection,1.0,0.0,0.0
isotropic,16,68,empirical,1.9310762206126215,0.9310762206126214,1.315337193718824
isotropic,16,68,oas,1.0,0.0,0.11753462257388714
isotropic,16,68,spiked_known_floor,1.0,3.652334480814368e-31,1.1422763423710137e-15
isotropic,16,68,oracle,1.0,0.0,0.0
isotropic,16,69,projection,1.0,0.0,0.0
isotropic,16,69,empirical,1.624841574829271,0.624841574829271,1.2496895929266465
isotropic,16,69,oas,1.00097395735326,0.0009739573532599553,0.06676552138742133
isotropic,16,69,spiked_known_floor,1.0,2.669816839527985e-31,1.06749303480715e-15
isotropic,16,69,oracle,1.0,0.0,0.0
isotropic,16,70,projection,1.0,0.0,0.0
isotropic,16,70,empirical,1.8122539326960536,0.8122539326960536,1.2367061939366166
isotropic,16,70,oas,1.0,0.0,0.01870438766924676
isotropic,16,70,spiked_known_floor,1.0,2.2619657985919936e-31,9.971927483831464e-16
isotropic,16,70,oracle,1.0,0.0,0.0
isotropic,16,71,projection,1.0,0.0,0.0
isotropic,16,71,empirical,2.182006564004867,1.182006564004867,1.1097750254646186
isotropic,16,71,oas,1.0,0.0,0.06361507613274821
isotropic,16,71,spiked_known_floor,1.0,5.02579542365425e-31,1.2466970262448449e-15
isotropic,16,71,oracle,1.0,0.0,0.0
isotropic,16,72,projection,1.0,0.0,0.0
isotropic,16,72,empirical,1.6744156427928825,0.6744156427928822,1.169396729639928
isotropic,16,72,oas,1.0,0.0,0.05708761726704559
isotropic,16,72,spiked_known_floor,1.0,2.020000422825907e-31,1.20624598594268e-15
isotropic,16,72,oracle,1.0,0.0,0.0
isotropic,16,73,projection,1.0,0.0,0.0
isotropic,16,73,empirical,1.9106245793612093,0.9106245793612096,1.1781320733539011
isotropic,16,73,oas,1.0,0.0,0.018142844710950738
isotropic,16,73,spiked_known_floor,1.0,2.7240722900528567e-31,1.0184548220080071e-15
isotropic,16,73,oracle,1.0,0.0,0.0
isotropic,16,74,projection,1.0,0.0,0.0
isotropic,16,74,empirical,3.0551938336056392,2.0551938336056392,1.3246120932133225
isotropic,16,74,oas,1.0,0.0,0.06208613429198163
isotropic,16,74,spiked_known_floor,1.0,3.1994206699684638e-31,1.333381829791014e-15
isotropic,16,74,oracle,1.0,0.0,0.0
isotropic,16,75,projection,1.0,0.0,0.0
isotropic,16,75,empirical,1.6666619496298756,0.6666619496298757,1.2504532830117703
isotropic,16,75,oas,1.0008919137857426,0.0008919137857426434,0.06480355811127969
isotropic,16,75,spiked_known_floor,1.0,2.396240301653609e-31,1.0816682264799605e-15
isotropic,16,75,oracle,1.0,0.0,0.0
isotropic,16,76,projection,1.0,0.0,0.0
isotropic,16,76,empirical,1.4506214491828222,0.4506214491828222,1.1792142120715878
isotropic,16,76,oas,1.0,0.0,0.001712208110350888
isotropic,16,76,spiked_known_floor,1.0,2.5595410675624637e-31,9.891755816744887e-16
isotropic,16,76,oracle,1.0,0.0,0.0
isotropic,16,77,projection,1.0,0.0,0.0
isotropic,16,77,empirical,1.5773111955021024,0.5773111955021022,1.240950683355558
isotropic,16,77,oas,1.0010625272556157,0.0010625272556158397,0.0698240168727136
isotropic,16,77,spiked_known_floor,1.0,4.670528404118523e-31,1.4275181426617412e-15
isotropic,16,77,oracle,1.0,0.0,0.0
isotropic,16,78,projection,1.0,0.0,0.0
isotropic,16,78,empirical,1.5742382045572734,0.5742382045572733,1.0880606538299946
isotropic,16,78,oas,1.0,0.0,0.0853867782053962
isotropic,16,78,spiked_known_floor,1.0,3.3157002394542893e-31,1.1308184028718353e-15
isotropic,16,78,oracle,1.0,0.0,0.0
isotropic,16,79,projection,1.0,0.0,0.0
isotropic,16,79,empirical,1.5450281315104082,0.5450281315104082,1.3941269243200578
isotropic,16,79,oas,1.004143524177601,0.004143524177601258,0.14506607207968536
isotropic,16,79,spiked_known_floor,1.0066520298720956,0.0066520298720954335,0.19977190272141956
isotropic,16,79,oracle,1.0,0.0,0.0
isotropic,16,80,projection,1.0,0.0,0.0
isotropic,16,80,empirical,1.514234663979076,0.5142346639790759,1.3433748569697146
isotropic,16,80,oas,1.0,0.0,0.09663477270591447
isotropic,16,80,spiked_known_floor,1.0,3.2822539849863406e-31,1.2805280036866613e-15
isotropic,16,80,oracle,1.0,0.0,0.0
isotropic,16,81,projection,1.0,0.0,0.0
isotropic,16,81,empirical,1.5454042646179056,0.5454042646179057,1.1572074819895941
isotropic,16,81,oas,1.0,0.0,0.05648882098672814
isotropic,16,81,spiked_known_floor,1.0,2.016856751863757e-31,9.25795985634846e-16
isotropic,16,81,oracle,1.0,0.0,0.0
isotropic,16,82,projection,1.0,0.0,0.0
isotropic,16,82,empirical,1.6622871851166918,0.6622871851166917,1.266210011112671
isotropic,16,82,oas,1.0023704752839038,0.00237047528390384,0.0994012530932068
isotropic,16,82,spiked_known_floor,1.0,3.5175864615625755e-31,1.256224449260529e-15
isotropic,16,82,oracle,1.0,0.0,0.0
isotropic,16,83,projection,1.0,0.0,0.0
isotropic,16,83,empirical,1.6241238814644654,0.6241238814644654,1.2052159469377344
isotropic,16,83,oas,1.0,0.0,0.026341993526238894
isotropic,16,83,spiked_known_floor,1.0,3.951527343027171e-31,1.233418632414422e-15
isotropic,16,83,oracle,1.0,0.0,0.0
isotropic,16,84,projection,1.0,0.0,0.0
isotropic,16,84,empirical,1.3710172569056482,0.37101725690564835,1.2330170200415178
isotropic,16,84,oas,1.0006362087128566,0.0006362087128565642,0.058656054091207964
isotropic,16,84,spiked_known_floor,1.0,3.052637193589632e-31,1.0835879178392263e-15
isotropic,16,84,oracle,1.0,0.0,0.0
isotropic,16,85,projection,1.0,0.0,0.0
isotropic,16,85,empirical,1.6324234739592305,0.6324234739592306,1.2139836209383101
isotropic,16,85,oas,1.0,0.0,0.0066176069168280005
isotropic,16,85,spiked_known_floor,1.0,2.9723954567741836e-31,1.060908517347136e-15
isotropic,16,85,oracle,1.0,0.0,0.0
isotropic,16,86,projection,1.0,0.0,0.0
isotropic,16,86,empirical,1.4482592662293545,0.4482592662293547,1.5306208050389212
isotropic,16,86,oas,1.0030378835186549,0.003037883518654767,0.21031039173615754
isotropic,16,86,spiked_known_floor,1.0031345149380715,0.003134514938071548,0.18610074938214013
isotropic,16,86,oracle,1.0,0.0,0.0
isotropic,16,87,projection,1.0,0.0,0.0
isotropic,16,87,empirical,1.5411935499699416,0.5411935499699417,1.3559271224634253
isotropic,16,87,oas,1.0,0.0,0.09625790282873514
isotropic,16,87,spiked_known_floor,1.0,2.65588052205198e-31,1.1427778837804634e-15
isotropic,16,87,oracle,1.0,0.0,0.0
isotropic,16,88,projection,1.0,0.0,0.0
isotropic,16,88,empirical,1.861840098934692,0.8618400989346919,1.3564268768197754
isotropic,16,88,oas,1.0,0.0,0.12360506782283799
isotropic,16,88,spiked_known_floor,1.0000648329312183,6.483293121836618e-05,0.02249918194745489
isotropic,16,88,oracle,1.0,0.0,0.0
isotropic,16,89,projection,1.0,0.0,0.0
isotropic,16,89,empirical,1.4766140557126795,0.47661405571267956,1.2605989431762674
isotropic,16,89,oas,1.0000011605666732,1.1605666733550399e-06,0.007819710475696939
isotropic,16,89,spiked_known_floor,1.0007654923146145,0.0007654923146145658,0.08686051753192861
isotropic,16,89,oracle,1.0,0.0,0.0
isotropic,16,90,projection,1.0,0.0,0.0
isotropic,16,90,empirical,1.9331183755619148,0.9331183755619149,1.3604751093241334
isotropic,16,90,oas,1.0,0.0,0.10537342048366406
isotropic,16,90,spiked_known_floor,1.0,3.0217463093241007e-31,1.1927253777333453e-15
isotropic,16,90,oracle,1.0,0.0,0.0
isotropic,16,91,projection,1.0,0.0,0.0
isotropic,16,91,empirical,1.7336152061497034,0.7336152061497034,1.268615587316071
isotropic,16,91,oas,1.0046532935984969,0.004653293598496934,0.13469511285603064
isotropic,16,91,spiked_known_floor,1.0,3.077349593223797e-31,1.1480311979646513e-15
isotropic,16,91,oracle,1.0,0.0,0.0
isotropic,16,92,projection,1.0,0.0,0.0
isotropic,16,92,empirical,1.9838098758262437,0.9838098758262439,1.4021336772843274
isotropic,16,92,oas,1.0000080903885813,8.090388581233685e-06,0.11521729198300545
isotropic,16,92,spiked_known_floor,1.0,2.9098765385051417e-31,1.0778209821367002e-15
isotropic,16,92,oracle,1.0,0.0,0.0
isotropic,16,93,projection,1.0,0.0,0.0
isotropic,16,93,empirical,1.8273385555646418,0.827338555564642,1.3183678471676923
isotropic,16,93,oas,1.000484326057067,0.0004843260570670757,0.05721388748668321
isotropic,16,93,spiked_known_floor,1.0,3.952280100834119e-31,1.1887327691370861e-15
isotropic,16,93,oracle,1.0,0.0,0.0
isotropic,16,94,projection,1.0,0.0,0.0
isotropic,16,94,empirical,1.5838410040643969,0.5838410040643969,1.3770595276738045
isotropic,16,94,oas,1.0,0.0,0.10975954194796
isotropic,16,94,spiked_known_floor,1.0,3.6908412806818234e-31,1.2080080299391658e-15
isotropic,16,94,oracle,1.0,0.0,0.0
isotropic,16,95,projection,1.0,0.0,0.0
isotropic,16,95,empirical,1.8177743196223801,0.8177743196223801,1.1411227602125653
isotropic,16,95,oas,1.0,0.0,0.054302472197406804
isotropic,16,95,spiked_known_floor,1.0,3.3321470309000776e-31,1.1689684496240624e-15
isotropic,16,95,oracle,1.0,0.0,0.0
isotropic,16,96,projection,1.0,0.0,0.0
isotropic,16,96,empirical,1.4506797193610808,0.4506797193610807,1.1903959619645468
isotropic,16,96,oas,1.0,0.0,0.02800936846505309
isotropic,16,96,spiked_known_floor,1.0,2.4979727885740528e-31,1.143434173424081e-15
isotropic,16,96,oracle,1.0,0.0,0.0
isotropic,16,97,projection,1.0,0.0,0.0
isotropic,16,97,empirical,1.4376011535534394,0.4376011535534395,1.1153943072751606
isotropic,16,97,oas,1.0,0.0,0.07002112154985042
isotropic,16,97,spiked_known_floor,1.0,2.886658314662962e-31,1.1004547238496683e-15
isotropic,16,97,oracle,1.0,0.0,0.0
isotropic,16,98,projection,1.0,0.0,0.0
isotropic,16,98,empirical,1.5346191460113248,0.5346191460113248,1.14259947983798
isotropic,16,98,oas,1.0,0.0,0.01608677022761873
isotropic,16,98,spiked_known_floor,1.0,2.7976743935284997e-31,1.1012033681594597e-15
isotropic,16,98,oracle,1.0,0.0,0.0
isotropic,16,99,projection,1.0,0.0,0.0
isotropic,16,99,empirical,2.143357565796381,1.143357565796381,1.057013415731148
isotropic,16,99,oas,1.0012797491261256,0.0012797491261255555,0.20862525686020741
isotropic,16,99,spiked_known_floor,1.0,3.046093236932196e-31,1.0951572985534631e-15
isotropic,16,99,oracle,1.0,0.0,0.0
isotropic,16,100,projection,1.0,0.0,0.0
isotropic,16,100,empirical,1.7503691136367339,0.7503691136367336,1.3039492208321173
isotropic,16,100,oas,1.0029672650043406,0.002967265004340679,0.11890084481979307
isotropic,16,100,spiked_known_floor,1.0,2.22946820264207e-31,9.985963946048534e-16
isotropic,16,100,oracle,1.0,0.0,0.0
isotropic,16,101,projection,1.0,0.0,0.0
isotropic,16,101,empirical,1.679054703733752,0.6790547037337521,1.3620181118352686
isotropic,16,101,oas,1.001659806099191,0.0016598060991909675,0.10146816788759438
isotropic,16,101,spiked_known_floor,1.0,2.669439806213173e-31,1.208209413533796e-15
isotropic,16,101,oracle,1.0,0.0,0.0
isotropic,16,102,projection,1.0,0.0,0.0
isotropic,16,102,empirical,2.042738311961078,1.0427383119610778,1.1736850607792866
isotropic,16,102,oas,1.0008640024505233,0.000864002450523353,0.10335423530504737
isotropic,16,102,spiked_known_floor,1.0,2.159860541903544e-31,8.916213304145883e-16
isotropic,16,102,oracle,1.0,0.0,0.0
isotropic,16,103,projection,1.0,0.0,0.0
isotropic,16,103,empirical,1.9785999435466353,0.9785999435466353,1.342360108126829
isotropic,16,103,oas,1.0003749657266725,0.0003749657266725007,0.07020605940216822
isotropic,16,103,spiked_known_floor,1.0,2.8284590302179607e-31,1.1504023565362751e-15
isotropic,16,103,oracle,1.0,0.0,0.0
isotropic,16,104,projection,1.0,0.0,0.0
isotropic,16,104,empirical,1.5782576313458203,0.5782576313458203,1.252140318496766
isotropic,16,104,oas,1.000471574029251,0.0004715740292509298,0.043818083379382644
isotropic,16,104,spiked_known_floor,1.0,4.4215057429995125e-31,1.3070042470616286e-15
isotropic,16,104,oracle,1.0,0.0,0.0
isotropic,16,105,projection,1.0,0.0,0.0
isotropic,16,105,empirical,1.41992593788453,0.41992593788453,1.172817077662299
isotropic,16,105,oas,1.0005422009057483,0.0005422009057482529,0.09635466926433178
isotropic,16,105,spiked_known_floor,1.0,2.4218969037983776e-31,1.147096148441589e-15
isotropic,16,105,oracle,1.0,0.0,0.0
isotropic,16,106,projection,1.0,0.0,0.0
isotropic,16,106,empirical,1.6635031322098175,0.6635031322098173,1.2675767946921066
isotropic,16,106,oas,1.0000111786843384,1.1178684338460638e-05,0.013102389275461142
isotropic,16,106,spiked_known_floor,1.0,1.6733650499371171e-31,9.610464874164641e-16
isotropic,16,106,oracle,1.0,0.0,0.0
isotropic,16,107,projection,1.0,0.0,0.0
isotropic,16,107,empirical,1.4918847237559172,0.4918847237559171,1.121957653575071
isotropic,16,107,oas,1.0,0.0,0.07272396312985929
isotropic,16,107,spiked_known_floor,1.0,2.3260729400017026e-31,1.0984403640173975e-15
isotropic,16,107,oracle,1.0,0.0,0.0
isotropic,16,108,projection,1.0,0.0,0.0
isotropic,16,108,empirical,1.4260539203047786,0.4260539203047787,1.2210650546417035
isotropic,16,108,oas,1.0,0.0,0.039791590546746525
isotropic,16,108,spiked_known_floor,1.0,3.06924815170632e-31,1.1784148820138071e-15
isotropic,16,108,oracle,1.0,0.0,0.0
isotropic,16,109,projection,1.0,0.0,0.0
isotropic,16,109,empirical,1.4707877227988062,0.4707877227988061,1.1578591055427567
isotropic,16,109,oas,1.0,0.0,0.06156960873431639
isotropic,16,109,spiked_known_floor,1.0,2.9141059541802367e-31,1.1540526605533778e-15
isotropic,16,109,oracle,1.0,0.0,0.0
isotropic,16,110,projection,1.0,0.0,0.0
isotropic,16,110,empirical,1.7574449133128087,0.7574449133128086,1.1550624236657245
isotropic,16,110,oas,1.0,0.0,0.05230586552036954
isotropic,16,110,spiked_known_floor,1.0,3.4036532654300015e-31,1.2465833892109314e-15
isotropic,16,110,oracle,1.0,0.0,0.0
isotropic,16,111,projection,1.0,0.0,0.0
isotropic,16,111,empirical,1.8123693409509611,0.8123693409509614,1.1678949955104831
isotropic,16,111,oas,1.0,0.0,0.012034468802334943
isotropic,16,111,spiked_known_floor,1.0,3.072025320652887e-31,1.0844860563753807e-15
isotropic,16,111,oracle,1.0,0.0,0.0
isotropic,16,112,projection,1.0,0.0,0.0
isotropic,16,112,empirical,1.7535544273915107,0.7535544273915106,1.341483561714608
isotropic,16,112,oas,1.0,0.0,0.08458212264714905
isotropic,16,112,spiked_known_floor,1.0019079059102909,0.0019079059102909343,0.10034548918281679
isotropic,16,112,oracle,1.0,0.0,0.0
isotropic,16,113,projection,1.0,0.0,0.0
isotropic,16,113,empirical,1.6022349224712324,0.6022349224712324,1.2697076373251608
isotropic,16,113,oas,1.0030247666770875,0.003024766677087632,0.12247233368512428
isotropic,16,113,spiked_known_floor,1.0,2.4875739944571273e-31,1.0093091564059434e-15
isotropic,16,113,oracle,1.0,0.0,0.0
isotropic,16,114,projection,1.0,0.0,0.0
isotropic,16,114,empirical,1.8814938321351287,0.8814938321351288,1.3450166060980617
isotropic,16,114,oas,1.0002362432355825,0.00023624323558231984,0.0699915535428754
isotropic,16,114,spiked_known_floor,1.0,2.7972165255359845e-31,1.3475447071225618e-15
isotropic,16,114,oracle,1.0,0.0,0.0
isotropic,16,115,projection,1.0,0.0,0.0
isotropic,16,115,empirical,1.6878296190685715,0.6878296190685714,1.3356984808819654
isotropic,16,115,oas,1.0016487746996359,0.0016487746996358059,0.0953174118684084
isotropic,16,115,spiked_known_floor,1.0,3.0835915090764112e-31,1.1524364251250965e-15
isotropic,16,115,oracle,1.0,0.0,0.0
isotropic,16,116,projection,1.0,0.0,0.0
isotropic,16,116,empirical,2.0257823462947653,1.025782346294765,1.1697632654239603
isotropic,16,116,oas,1.0,0.0,0.057077506462153045
isotropic,16,116,spiked_known_floor,1.0,2.6131221195540345e-31,1.1716684885675054e-15
isotropic,16,116,oracle,1.0,0.0,0.0
isotropic,16,117,projection,1.0,0.0,0.0
isotropic,16,117,empirical,1.985340597851467,0.9853405978514669,1.0511390856448968
isotropic,16,117,oas,1.0,0.0,0.14273759730007762
isotropic,16,117,spiked_known_floor,1.0,3.06532625490933e-31,1.314624299487384e-15
isotropic,16,117,oracle,1.0,0.0,0.0
isotropic,16,118,projection,1.0,0.0,0.0
isotropic,16,118,empirical,1.9202285780905148,0.9202285780905147,1.1230877450478285
isotropic,16,118,oas,1.0,0.0,0.06406270187456597
isotropic,16,118,spiked_known_floor,1.0,2.100338930357193e-31,9.83794876432415e-16
isotropic,16,118,oracle,1.0,0.0,0.0
isotropic,16,119,projection,1.0,0.0,0.0
isotropic,16,119,empirical,1.779278583479798,0.7792785834797981,1.4081685011330864
isotropic,16,119,oas,1.0,0.0,0.1742922508160516
isotropic,16,119,spiked_known_floor,1.0,2.535682497373909e-31,1.0564139920458066e-15
isotropic,16,119,oracle,1.0,0.0,0.0
isotropic,16,120,projection,1.0,0.0,0.0
isotropic,16,120,empirical,1.5182470430089756,0.5182470430089758,1.3957322055778283
isotropic,16,120,oas,1.0,0.0,0.12948655883804872
isotropic,16,120,spiked_known_floor,1.0,2.596197346837919e-31,1.1167230944446123e-15
isotropic,16,120,oracle,1.0,0.0,0.0
isotropic,16,121,projection,1.0,0.0,0.0
isotropic,16,121,empirical,1.836835512869689,0.8368355128696892,1.2400668514420743
isotropic,16,121,oas,1.0003901394375718,0.00039013943757189084,0.052079281737894355
isotropic,16,121,spiked_known_floor,1.0,3.2841403355643944e-31,1.0995542658635807e-15
isotropic,16,121,oracle,1.0,0.0,0.0
isotropic,16,122,projection,1.0,0.0,0.0
isotropic,16,122,empirical,1.892189187678718,0.8921891876787181,1.2528537057730262
isotropic,16,122,oas,1.0026725951423918,0.002672595142391654,0.10928418838163374
isotropic,16,122,spiked_known_floor,1.0,1.8371360549552865e-31,1.0350733475496044e-15
isotropic,16,122,oracle,1.0,0.0,0.0
isotropic,16,123,projection,1.0,0.0,0.0
isotropic,16,123,empirical,1.5279775230178605,0.5279775230178604,1.217799867800088
isotropic,16,123,oas,1.0,0.0,0.005482974448448585
isotropic,16,123,spiked_known_floor,1.0,2.524560394601287e-31,1.146228589467637e-15
isotropic,16,123,oracle,1.0,0.0,0.0
isotropic,16,124,projection,1.0,0.0,0.0
isotropic,16,124,empirical,1.5294232881551197,0.5294232881551195,1.288255916107247
isotropic,16,124,oas,1.0,0.0,0.0576134279747318
isotropic,16,124,spiked_known_floor,1.0,2.0613214716019447e-31,1.0129084475254587e-15
isotropic,16,124,oracle,1.0,0.0,0.0
isotropic,16,125,projection,1.0,0.0,0.0
isotropic,16,125,empirical,1.8177409647679923,0.8177409647679924,1.2580727002484586
isotropic,16,125,oas,1.0,0.0,0.00865773064341857
isotropic,16,125,spiked_known_floor,1.0,1.825847566973893e-31,1.0392202335929371e-15
isotropic,16,125,oracle,1.0,0.0,0.0
isotropic,16,126,projection,1.0,0.0,0.0
isotropic,16,126,empirical,2.0508981629722363,1.050898162972236,1.298815254823296
isotropic,16,126,oas,1.0000183363890973,1.833638909720109e-05,0.03597291186237232
isotropic,16,126,spiked_known_floor,1.0,1.892997851246325e-31,9.95346058532667e-16
isotropic,16,126,oracle,1.0,0.0,0.0
isotropic,16,127,projection,1.0,0.0,0.0
isotropic,16,127,empirical,1.5483337918732039,0.5483337918732041,1.1406309129494512
isotropic,16,127,oas,1.0,0.0,0.0654456415514263
isotropic,16,127,spiked_known_floor,1.0,1.7489991701295208e-31,8.291998138758368e-16
isotropic,16,127,oracle,1.0,0.0,0.0
isotropic,16,128,projection,1.0,0.0,0.0
isotropic,16,128,empirical,1.5716452902280906,0.5716452902280905,1.1920463890653616
isotropic,16,128,oas,1.0,0.0,0.008475677620757962
isotropic,16,128,spiked_known_floor,1.0,2.2637482817880435e-31,1.1436843255305497e-15
isotropic,16,128,oracle,1.0,0.0,0.0
isotropic,16,129,projection,1.0,0.0,0.0
isotropic,16,129,empirical,1.7329517671114425,0.7329517671114425,1.3800039971069629
isotropic,16,129,oas,1.0066466816679651,0.0066466816679650745,0.17868695938287327
isotropic,16,129,spiked_known_floor,1.00110088206281,0.0011008820628099969,0.08399566813261009
isotropic,16,129,oracle,1.0,0.0,0.0
isotropic,16,130,projection,1.0,0.0,0.0
isotropic,16,130,empirical,1.7821198959854416,0.7821198959854415,1.1992182895707901
isotropic,16,130,oas,1.0,0.0,0.003233013235226734
isotropic,16,130,spiked_known_floor,1.0,3.376474820906723e-31,1.05998566003418e-15
isotropic,16,130,oracle,1.0,0.0,0.0
isotropic,16,131,projection,1.0,0.0,0.0
isotropic,16,131,empirical,1.432390931555651,0.4323909315556509,1.2313649415510264
isotropic,16,131,oas,1.0,0.0,0.014444681380949786
isotropic,16,131,spiked_known_floor,1.0,1.8774302036114187e-31,1.040129564835331e-15
isotropic,16,131,oracle,1.0,0.0,0.0
isotropic,16,132,projection,1.0,0.0,0.0
isotropic,16,132,empirical,1.3254278633233598,0.3254278633233598,1.1381064807811525
isotropic,16,132,oas,1.0,0.0,0.043273423108121656
isotropic,16,132,spiked_known_floor,1.0,2.7808864073700076e-31,1.0991943779991878e-15
isotropic,16,132,oracle,1.0,0.0,0.0
isotropic,16,133,projection,1.0,0.0,0.0
isotropic,16,133,empirical,1.7625123133676925,0.7625123133676924,1.3015042587115562
isotropic,16,133,oas,1.0002253356623378,0.00022533566233781565,0.042282969052420794
isotropic,16,133,spiked_known_floor,1.0,2.650930369997909e-31,1.1108646688870648e-15
isotropic,16,133,oracle,1.0,0.0,0.0
isotropic,16,134,projection,1.0,0.0,0.0
isotropic,16,134,empirical,1.4557012444403918,0.4557012444403916,1.3505602238051617
isotropic,16,134,oas,1.0006627933485535,0.0006627933485534528,0.08155390604489386
isotropic,16,134,spiked_known_floor,1.0011891649990206,0.001189164999020519,0.09954279237298004
isotropic,16,134,oracle,1.0,0.0,0.0
isotropic,16,135,projection,1.0,0.0,0.0
isotropic,16,135,empirical,1.7892857757087381,0.7892857757087383,1.267006600690256
isotropic,16,135,oas,1.0,0.0,0.03053649090120026
isotropic,16,135,spiked_known_floor,1.0,3.715563297080569e-31,1.3383635266245715e-15
isotropic,16,135,oracle,1.0,0.0,0.0
isotropic,16,136,projection,1.0,0.0,0.0
isotropic,16,136,empirical,1.765663381850442,0.7656633818504419,1.227582460325495
isotropic,16,136,oas,1.0000612966123732,6.129661237309718e-05,0.028118454732772514
isotropic,16,136,spiked_known_floor,1.0,2.9207724380035505e-31,1.1205728902595635e-15
isotropic,16,136,oracle,1.0,0.0,0.0
isotropic,16,137,projection,1.0,0.0,0.0
isotropic,16,137,empirical,1.458660133528307,0.4586601335283068,1.1967624068169838
isotropic,16,137,oas,1.0,0.0,0.01661687213827645
isotropic,16,137,spiked_known_floor,1.0,2.0487705885478637e-31,1.0479327811069635e-15
isotropic,16,137,oracle,1.0,0.0,0.0
isotropic,16,138,projection,1.0,0.0,0.0
isotropic,16,138,empirical,1.6225619807746234,0.6225619807746233,1.281412697837898
isotropic,16,138,oas,1.0000062873045006,6.287304500642927e-06,0.0232635463406983
isotropic,16,138,spiked_known_floor,1.0,2.783554343782801e-31,1.0695792248735768e-15
isotropic,16,138,oracle,1.0,0.0,0.0
isotropic,16,139,projection,1.0,0.0,0.0
isotropic,16,139,empirical,1.5033359865820113,0.5033359865820113,1.1455160421512167
isotropic,16,139,oas,1.0001078036170135,0.00010780361701337256,0.09739194148557252
isotropic,16,139,spiked_known_floor,1.0,2.963946802400613e-31,1.1281669860670972e-15
isotropic,16,139,oracle,1.0,0.0,0.0
isotropic,16,140,projection,1.0,0.0,0.0
isotropic,16,140,empirical,1.5076527858306379,0.5076527858306379,1.2454212845056545
isotropic,16,140,oas,1.0015896870548344,0.001589687054834288,0.09028597691999805
isotropic,16,140,spiked_known_floor,1.0,2.635515465021661e-31,1.0760562906600167e-15
isotropic,16,140,oracle,1.0,0.0,0.0
isotropic,16,141,projection,1.0,0.0,0.0
isotropic,16,141,empirical,1.5211489730308163,0.5211489730308164,1.2992389529938415
isotropic,16,141,oas,1.0,0.0,0.048212038140637244
isotropic,16,141,spiked_known_floor,1.0,3.186200528885728e-31,1.2452655750372453e-15
isotropic,16,141,oracle,1.0,0.0,0.0
isotropic,16,142,projection,1.0,0.0,0.0
isotropic,16,142,empirical,1.6849040775829662,0.6849040775829662,1.0971619069006213
isotropic,16,142,oas,1.0,0.0,0.11810815812647625
isotropic,16,142,spiked_known_floor,1.0,2.3148653242219417e-31,1.0170038978451227e-15
isotropic,16,142,oracle,1.0,0.0,0.0
isotropic,16,143,projection,1.0,0.0,0.0
isotropic,16,143,empirical,1.646395870917007,0.646395870917007,1.2510001291519972
isotropic,16,143,oas,1.0092789543793852,0.009278954379385203,0.19256091494052466
isotropic,16,143,spiked_known_floor,1.0004671664191442,0.000467166419144144,0.048655561899025916
isotropic,16,143,oracle,1.0,0.0,0.0
isotropic,16,144,projection,1.0,0.0,0.0
isotropic,16,144,empirical,1.4398695883816783,0.4398695883816784,1.217148101431254
isotropic,16,144,oas,1.0,0.0,0.04665509498036169
isotropic,16,144,spiked_known_floor,1.0,1.8869976713447466e-31,9.752097188556943e-16
isotropic,16,144,oracle,1.0,0.0,0.0
isotropic,16,145,projection,1.0,0.0,0.0
isotropic,16,145,empirical,1.266613427812944,0.2666134278129439,1.1838795031165965
isotropic,16,145,oas,1.0,0.0,0.00438156798881284
isotropic,16,145,spiked_known_floor,1.0,3.4744574112167968e-31,1.3570992716576506e-15
isotropic,16,145,oracle,1.0,0.0,0.0
isotropic,16,146,projection,1.0,0.0,0.0
isotropic,16,146,empirical,1.6090563031920975,0.6090563031920975,1.266092510183865
isotropic,16,146,oas,1.0,0.0,0.045525319484367666
isotropic,16,146,spiked_known_floor,1.0,3.9434881102565233e-31,1.4593706594650454e-15
isotropic,16,146,oracle,1.0,0.0,0.0
isotropic,16,147,projection,1.0,0.0,0.0
isotropic,16,147,empirical,1.8496941659441868,0.8496941659441866,1.3241666556517706
isotropic,16,147,oas,1.0000081159424943,8.115942494210355e-06,0.05594037160374026
isotropic,16,147,spiked_known_floor,1.0,2.2769807519067443e-31,1.0119960190030697e-15
isotropic,16,147,oracle,1.0,0.0,0.0
isotropic,16,148,projection,1.0,0.0,0.0
isotropic,16,148,empirical,1.7756822496260893,0.7756822496260896,1.2034443768856766
isotropic,16,148,oas,1.0,0.0,0.006360138009604333
isotropic,16,148,spiked_known_floor,1.0,2.2054884953402747e-31,1.0645465751180952e-15
isotropic,16,148,oracle,1.0,0.0,0.0
isotropic,16,149,projection,1.0,0.0,0.0
isotropic,16,149,empirical,1.8308229404347582,0.8308229404347582,1.4075167830790087
isotropic,16,149,oas,1.0013715617064454,0.0013715617064454292,0.12104713181374503
isotropic,16,149,spiked_known_floor,1.0029772381167552,0.002977238116755386,0.165095338574618
isotropic,16,149,oracle,1.0,0.0,0.0
isotropic,16,150,projection,1.0,0.0,0.0
isotropic,16,150,empirical,2.007635162802983,1.0076351628029834,1.178414246547062
isotropic,16,150,oas,1.0,0.0,0.053988020455639
isotropic,16,150,spiked_known_floor,1.0,2.965013565014749e-31,1.1400509619138593e-15
isotropic,16,150,oracle,1.0,0.0,0.0
isotropic,16,151,projection,1.0,0.0,0.0
isotropic,16,151,empirical,1.6589563534892475,0.6589563534892474,1.2229323048225502
isotropic,16,151,oas,1.0000064219182176,6.421918217768522e-06,0.024702464816509947
isotropic,16,151,spiked_known_floor,1.0,2.395018968686912e-31,1.0687900638803373e-15
isotropic,16,151,oracle,1.0,0.0,0.0
isotropic,16,152,projection,1.0,0.0,0.0
isotropic,16,152,empirical,1.818268058915687,0.8182680589156868,1.2041171473939565
isotropic,16,152,oas,1.0011173499460904,0.0011173499460904366,0.08866673590828027
isotropic,16,152,spiked_known_floor,1.0,3.5722969429688696e-31,1.125336408919418e-15
isotropic,16,152,oracle,1.0,0.0,0.0
isotropic,16,153,projection,1.0,0.0,0.0
isotropic,16,153,empirical,1.3764253291798703,0.3764253291798703,1.1569406043758157
isotropic,16,153,oas,1.0001090334384888,0.00010903343848895185,0.08781962029812071
isotropic,16,153,spiked_known_floor,1.0,3.7029417328512133e-31,1.1771975303942568e-15
isotropic,16,153,oracle,1.0,0.0,0.0
isotropic,16,154,projection,1.0,0.0,0.0
isotropic,16,154,empirical,1.6300663374999012,0.6300663374999012,1.5048472459779716
isotropic,16,154,oas,1.0,0.0,0.24526040302761515
isotropic,16,154,spiked_known_floor,1.0,3.2535949651859167e-31,1.1378366128303665e-15
isotropic,16,154,oracle,1.0,0.0,0.0
isotropic,16,155,projection,1.0,0.0,0.0
isotropic,16,155,empirical,1.7916408703247353,0.7916408703247355,1.232074003956979
isotropic,16,155,oas,1.0003660921701687,0.00036609217016857584,0.05315181425174234
isotropic,16,155,spiked_known_floor,1.0,1.922521084117649e-31,9.43503258827947e-16
isotropic,16,155,oracle,1.0,0.0,0.0
isotropic,16,156,projection,1.0,0.0,0.0
isotropic,16,156,empirical,1.8491219749840395,0.8491219749840397,1.4280056311783051
isotropic,16,156,oas,1.0000488666969924,4.886669699256763e-05,0.13197496354697008
isotropic,16,156,spiked_known_floor,1.000857433334753,0.0008574333347529746,0.05763402664321808
isotropic,16,156,oracle,1.0,0.0,0.0
isotropic,16,157,projection,1.0,0.0,0.0
isotropic,16,157,empirical,1.4648644524506236,0.46486445245062363,1.2994165131905657
isotropic,16,157,oas,1.0,0.0,0.05332758310003638
isotropic,16,157,spiked_known_floor,1.0,2.8139701385050063e-31,1.0936351308877973e-15
isotropic,16,157,oracle,1.0,0.0,0.0
isotropic,16,158,projection,1.0,0.0,0.0
isotropic,16,158,empirical,1.7873207697158315,0.7873207697158315,1.0542833671435954
isotropic,16,158,oas,1.0,0.0,0.14221475687491125
isotropic,16,158,spiked_known_floor,1.0,2.9136422453567273e-31,1.147839171944652e-15
isotropic,16,158,oracle,1.0,0.0,0.0
isotropic,16,159,projection,1.0,0.0,0.0
isotropic,16,159,empirical,1.4617677083929113,0.4617677083929111,1.0554583410177902
isotropic,16,159,oas,1.0,0.0,0.14510280043299295
isotropic,16,159,spiked_known_floor,1.0,2.134460350347813e-31,1.05262693440889e-15
isotropic,16,159,oracle,1.0,0.0,0.0
isotropic,16,160,projection,1.0,0.0,0.0
isotropic,16,160,empirical,1.4374374404395658,0.4374374404395659,1.189162757734557
isotropic,16,160,oas,1.0,0.0,0.014498722157698651
isotropic,16,160,spiked_known_floor,1.0,3.8789111253600362e-31,1.2798462404529886e-15
isotropic,16,160,oracle,1.0,0.0,0.0
isotropic,16,161,projection,1.0,0.0,0.0
isotropic,16,161,empirical,1.4234157267501781,0.42341572675017825,1.1445680801208622
isotropic,16,161,oas,1.0,0.0,0.07123308340387746
isotropic,16,161,spiked_known_floor,1.0,2.6672435344819303e-31,1.108981796789154e-15
isotropic,16,161,oracle,1.0,0.0,0.0
isotropic,16,162,projection,1.0,0.0,0.0
isotropic,16,162,empirical,1.4142418862026587,0.41424188620265856,1.1906307560709342
isotropic,16,162,oas,1.0,0.0,0.012050675920742384
isotropic,16,162,spiked_known_floor,1.0,3.0154558466516584e-31,1.3055533300927624e-15
isotropic,16,162,oracle,1.0,0.0,0.0
isotropic,16,163,projection,1.0,0.0,0.0
isotropic,16,163,empirical,1.4409797485985925,0.4409797485985923,1.1794011191567897
isotropic,16,163,oas,1.0,0.0,0.0037743369904292834
isotropic,16,163,spiked_known_floor,1.0,2.39683871237439e-31,1.0156026498985918e-15
isotropic,16,163,oracle,1.0,0.0,0.0
isotropic,16,164,projection,1.0,0.0,0.0
isotropic,16,164,empirical,1.4990984983730675,0.4990984983730674,1.1609353585928364
isotropic,16,164,oas,1.0,0.0,0.03432567214809124
isotropic,16,164,spiked_known_floor,1.0,2.4598491540140223e-31,1.0592434221391792e-15
isotropic,16,164,oracle,1.0,0.0,0.0
isotropic,16,165,projection,1.0,0.0,0.0
isotropic,16,165,empirical,1.6774506727254728,0.6774506727254725,1.135543648439802
isotropic,16,165,oas,1.0,0.0,0.06573142448162328
isotropic,16,165,spiked_known_floor,1.0,3.4879044903465988e-31,1.17323359456876e-15
isotropic,16,165,oracle,1.0,0.0,0.0
isotropic,16,166,projection,1.0,0.0,0.0
isotropic,16,166,empirical,1.6839175894371563,0.6839175894371563,1.3583180116646856
isotropic,16,166,oas,1.0005376236638195,0.000537623663819383,0.08142690832910623
isotropic,16,166,spiked_known_floor,1.0,2.860943745734486e-31,1.0589892526477584e-15
isotropic,16,166,oracle,1.0,0.0,0.0
isotropic,16,167,projection,1.0,0.0,0.0
isotropic,16,167,empirical,1.6707645684299908,0.6707645684299908,1.1908014225476518
isotropic,16,167,oas,1.0025661746341703,0.0025661746341702615,0.13044552031377735
isotropic,16,167,spiked_known_floor,1.0,3.2775882155806495e-31,1.2146864436749798e-15
isotropic,16,167,oracle,1.0,0.0,0.0
isotropic,16,168,projection,1.0,0.0,0.0
isotropic,16,168,empirical,1.7586231380991784,0.7586231380991784,1.254381293565777
isotropic,16,168,oas,1.0,0.0,0.004706747707396764
isotropic,16,168,spiked_known_floor,1.0,1.9305396331607892e-31,9.0824433855566e-16
isotropic,16,168,oracle,1.0,0.0,0.0
isotropic,16,169,projection,1.0,0.0,0.0
isotropic,16,169,empirical,1.7454019288427807,0.7454019288427807,1.2556867816236708
isotropic,16,169,oas,1.0,0.0,0.04905236140547165
isotropic,16,169,spiked_known_floor,1.0,2.774097785050199e-31,1.0583049193969259e-15
isotropic,16,169,oracle,1.0,0.0,0.0
isotropic,16,170,projection,1.0,0.0,0.0
isotropic,16,170,empirical,1.647012712177009,0.6470127121770092,1.067902066731332
isotropic,16,170,oas,1.0,0.0,0.12564489095397713
isotropic,16,170,spiked_known_floor,1.0,2.542443351128349e-31,1.0202486322681528e-15
isotropic,16,170,oracle,1.0,0.0,0.0
isotropic,16,171,projection,1.0,0.0,0.0
isotropic,16,171,empirical,1.4812740681020924,0.48127406810209233,1.2303573214651968
isotropic,16,171,oas,1.0,0.0,0.05827911476577597
isotropic,16,171,spiked_known_floor,1.0,1.6598867046370069e-31,8.916986786028533e-16
isotropic,16,171,oracle,1.0,0.0,0.0
isotropic,16,172,projection,1.0,0.0,0.0
isotropic,16,172,empirical,1.4637802398744453,0.4637802398744453,1.2147714559465561
isotropic,16,172,oas,1.0,0.0,0.03416800262650833
isotropic,16,172,spiked_known_floor,1.0,3.6578293394693644e-31,1.293972950627425e-15
isotropic,16,172,oracle,1.0,0.0,0.0
isotropic,16,173,projection,1.0,0.0,0.0
isotropic,16,173,empirical,1.2905208618447037,0.29052086184470366,1.076633318419277
isotropic,16,173,oas,1.0,0.0,0.091723715224588
isotropic,16,173,spiked_known_floor,1.0,2.14120083058865e-31,9.362452611177471e-16
isotropic,16,173,oracle,1.0,0.0,0.0
isotropic,16,174,projection,1.0,0.0,0.0
isotropic,16,174,empirical,1.760243257473155,0.7602432574731551,1.102478313813508
isotropic,16,174,oas,1.0,0.0,0.10711817665921597
isotropic,16,174,spiked_known_floor,1.0,2.881409810673956e-31,1.1374421303391534e-15
isotropic,16,174,oracle,1.0,0.0,0.0
isotropic,16,175,projection,1.0,0.0,0.0
isotropic,16,175,empirical,1.5803762200968958,0.5803762200968958,1.2242321644639107
isotropic,16,175,oas,1.0,0.0,0.010074523942005921
isotropic,16,175,spiked_known_floor,1.0,3.8469396855509068e-31,1.2568609968128196e-15
isotropic,16,175,oracle,1.0,0.0,0.0
isotropic,16,176,projection,1.0,0.0,0.0
isotropic,16,176,empirical,2.023789085674269,1.0237890856742693,1.2330713450620998
isotropic,16,176,oas,1.0,0.0,0.006304715975796516
isotropic,16,176,spiked_known_floor,1.0,2.970182638822316e-31,1.0469421327566888e-15
isotropic,16,176,oracle,1.0,0.0,0.0
isotropic,16,177,projection,1.0,0.0,0.0
isotropic,16,177,empirical,1.5163910205622644,0.5163910205622643,1.2691031692885224
isotropic,16,177,oas,1.0,0.0,0.0920381777752828
isotropic,16,177,spiked_known_floor,1.0,3.109785799325434e-31,1.0549318885740176e-15
isotropic,16,177,oracle,1.0,0.0,0.0
isotropic,16,178,projection,1.0,0.0,0.0
isotropic,16,178,empirical,1.6879887177640716,0.6879887177640716,1.2581315901653178
isotropic,16,178,oas,1.0,0.0,0.008547493460786981
isotropic,16,178,spiked_known_floor,1.0,3.2624232179371165e-31,1.1082171723714806e-15
isotropic,16,178,oracle,1.0,0.0,0.0
isotropic,16,179,projection,1.0,0.0,0.0
isotropic,16,179,empirical,1.742153937356954,0.742153937356954,1.3544178129127278
isotropic,16,179,oas,1.0007757085399571,0.0007757085399569678,0.08353862529398944
isotropic,16,179,spiked_known_floor,1.0035960493256677,0.0035960493256675594,0.15217412322551502
isotropic,16,179,oracle,1.0,0.0,0.0
isotropic,16,180,projection,1.0,0.0,0.0
isotropic,16,180,empirical,1.4809471850144424,0.48094718501444267,1.1585017967798004
isotropic,16,180,oas,1.0,0.0,0.04077243199078407
isotropic,16,180,spiked_known_floor,1.0,2.133637863014593e-31,1.0683373957083184e-15
isotropic,16,180,oracle,1.0,0.0,0.0
isotropic,16,181,projection,1.0,0.0,0.0
isotropic,16,181,empirical,1.426335123986251,0.42633512398625084,1.268804181934929
isotropic,16,181,oas,1.0,0.0,0.04759768338094351
isotropic,16,181,spiked_known_floor,1.0,1.743424466395668e-31,8.966591965334811e-16
isotropic,16,181,oracle,1.0,0.0,0.0
isotropic,16,182,projection,1.0,0.0,0.0
isotropic,16,182,empirical,1.5362578254127521,0.536257825412752,1.4806688755718627
isotropic,16,182,oas,1.0,0.0,0.17878164028272314
isotropic,16,182,spiked_known_floor,1.0,2.34938984599724e-31,1.1130359535489249e-15
isotropic,16,182,oracle,1.0,0.0,0.0
isotropic,16,183,projection,1.0,0.0,0.0
isotropic,16,183,empirical,1.4235116309594407,0.4235116309594406,1.3526563001878993
isotropic,16,183,oas,1.0014719543114918,0.0014719543114919196,0.09637809038418815
isotropic,16,183,spiked_known_floor,1.0055010633430739,0.0055010633430738415,0.17551633010947926
isotropic,16,183,oracle,1.0,0.0,0.0
isotropic,16,184,projection,1.0,0.0,0.0
isotropic,16,184,empirical,1.4454581928937065,0.4454581928937065,1.3503632480149959
isotropic,16,184,oas,1.0,0.0,0.1269814648992913
isotropic,16,184,spiked_known_floor,1.0,3.4847263989029128e-31,1.1638974725150437e-15
isotropic,16,184,oracle,1.0,0.0,0.0
isotropic,16,185,projection,1.0,0.0,0.0
isotropic,16,185,empirical,1.44492690650851,0.44492690650850997,1.1513814736752532
isotropic,16,185,oas,1.0,0.0,0.01754440794855361
isotropic,16,185,spiked_known_floor,1.0,3.343662329483169e-31,1.1535654298259843e-15
isotropic,16,185,oracle,1.0,0.0,0.0
isotropic,16,186,projection,1.0,0.0,0.0
isotropic,16,186,empirical,1.619729656421561,0.619729656421561,1.5021071559439885
isotropic,16,186,oas,1.000733634514437,0.0007336345144371493,0.17864171058249265
isotropic,16,186,spiked_known_floor,1.0048414993635273,0.004841499363527241,0.20757493520410888
isotropic,16,186,oracle,1.0,0.0,0.0
isotropic,16,187,projection,1.0,0.0,0.0
isotropic,16,187,empirical,1.5204314516211028,0.5204314516211029,1.2665462602594992
isotropic,16,187,oas,1.0,0.0,0.029670371661086
isotropic,16,187,spiked_known_floor,1.0,2.564921527686414e-31,1.0402230321894616e-15
isotropic,16,187,oracle,1.0,0.0,0.0
isotropic,16,188,projection,1.0,0.0,0.0
isotropic,16,188,empirical,1.5119941417826666,0.5119941417826666,1.2652142663065793
isotropic,16,188,oas,1.0,0.0,0.026951547226212295
isotropic,16,188,spiked_known_floor,1.0,2.34461158357139e-31,1.0594403620267853e-15
isotropic,16,188,oracle,1.0,0.0,0.0
isotropic,16,189,projection,1.0,0.0,0.0
isotropic,16,189,empirical,1.4067363403348037,0.4067363403348037,1.3073295745213849
isotropic,16,189,oas,1.0,0.0,0.12792384337239884
isotropic,16,189,spiked_known_floor,1.0,2.164358006786564e-31,9.650741625448978e-16
isotropic,16,189,oracle,1.0,0.0,0.0
isotropic,16,190,projection,1.0,0.0,0.0
isotropic,16,190,empirical,1.4253119723496916,0.4253119723496916,1.3011211550963357
isotropic,16,190,oas,1.0,0.0,0.05654354746365154
isotropic,16,190,spiked_known_floor,1.0,3.488359001038494e-31,1.162037024097285e-15
isotropic,16,190,oracle,1.0,0.0,0.0
isotropic,16,191,projection,1.0,0.0,0.0
isotropic,16,191,empirical,1.7547586496771863,0.7547586496771862,1.3154278445042995
isotropic,16,191,oas,1.0,0.0,0.0835329637732223
isotropic,16,191,spiked_known_floor,1.0,2.532076157297853e-31,1.0931281714439237e-15
isotropic,16,191,oracle,1.0,0.0,0.0
isotropic,16,192,projection,1.0,0.0,0.0
isotropic,16,192,empirical,2.0768841880875013,1.0768841880875015,1.2185392227053022
isotropic,16,192,oas,1.0,0.0,0.022165544188530006
isotropic,16,192,spiked_known_floor,1.0,3.225945213750173e-31,1.1563622802551392e-15
isotropic,16,192,oracle,1.0,0.0,0.0
isotropic,16,193,projection,1.0,0.0,0.0
isotropic,16,193,empirical,1.8258272199598626,0.8258272199598626,1.3841321672324436
isotropic,16,193,oas,1.0070069257308913,0.007006925730891343,0.18862851262099445
isotropic,16,193,spiked_known_floor,1.0031250343624727,0.0031250343624726743,0.14042325594359598
isotropic,16,193,oracle,1.0,0.0,0.0
isotropic,16,194,projection,1.0,0.0,0.0
isotropic,16,194,empirical,1.9451377637865122,0.9451377637865122,1.3849405328971967
isotropic,16,194,oas,1.000970713150746,0.0009707131507459735,0.1065006717275606
isotropic,16,194,spiked_known_floor,1.0,4.109722350538519e-31,1.2306725636469928e-15
isotropic,16,194,oracle,1.0,0.0,0.0
isotropic,16,195,projection,1.0,0.0,0.0
isotropic,16,195,empirical,1.5023493054002062,0.502349305400206,1.3209632217989749
isotropic,16,195,oas,1.0013751137203484,0.0013751137203483717,0.08377819215937572
isotropic,16,195,spiked_known_floor,1.0,3.8612602932667092e-31,1.1695713882441096e-15
isotropic,16,195,oracle,1.0,0.0,0.0
isotropic,16,196,projection,1.0,0.0,0.0
isotropic,16,196,empirical,1.8774836603897616,0.8774836603897614,1.2246739201098105
isotropic,16,196,oas,1.0001011435147782,0.0001011435147781178,0.03562814747097452
isotropic,16,196,spiked_known_floor,1.0,2.51688580078898e-31,1.1074303855224972e-15
isotropic,16,196,oracle,1.0,0.0,0.0
isotropic,16,197,projection,1.0,0.0,0.0
isotropic,16,197,empirical,1.5195788152486425,0.5195788152486426,1.3328491477145121
isotropic,16,197,oas,1.005280572423477,0.005280572423476947,0.16101113696821193
isotropic,16,197,spiked_known_floor,1.0,2.23821699486075e-31,1.0371684534956966e-15
isotropic,16,197,oracle,1.0,0.0,0.0
isotropic,16,198,projection,1.0,0.0,0.0
isotropic,16,198,empirical,1.471648543112656,0.47164854311265586,1.1395696460250022
isotropic,16,198,oas,1.0000009500427238,9.500427237538085e-07,0.09211482078828286
isotropic,16,198,spiked_known_floor,1.0,2.111113157348483e-31,1.0888982873167122e-15
isotropic,16,198,oracle,1.0,0.0,0.0
isotropic,16,199,projection,1.0,0.0,0.0
isotropic,16,199,empirical,1.6901258881579098,0.6901258881579098,1.2610036561751117
isotropic,16,199,oas,1.000104893841174,0.00010489384117396341,0.023740122112436396
isotropic,16,199,spiked_known_floor,1.0,1.918897813068703e-31,1.0226108221603507e-15
isotropic,16,199,oracle,1.0,0.0,0.0
isotropic,32,0,projection,1.0,0.0,0.0
isotropic,32,0,empirical,1.2159893716200336,0.21598937162003362,0.935369757348073
isotropic,32,0,oas,1.0005218713919986,0.0005218713919984936,0.057558743346958444
isotropic,32,0,spiked_known_floor,1.0007838878372268,0.0007838878372267535,0.05461889611844095
isotropic,32,0,oracle,1.0,0.0,0.0
isotropic,32,1,projection,1.0,0.0,0.0
isotropic,32,1,empirical,1.1458694513378231,0.14586945133782317,0.9160570168238301
isotropic,32,1,oas,1.0,0.0,0.05008418557063577
isotropic,32,1,spiked_known_floor,1.0,4.644778892561882e-31,1.5179317724937034e-15
isotropic,32,1,oracle,1.0,0.0,0.0
isotropic,32,2,projection,1.0,0.0,0.0
isotropic,32,2,empirical,1.2535936099687754,0.2535936099687756,0.9069088685784359
isotropic,32,2,oas,1.0,0.0,0.05387146494979556
isotropic,32,2,spiked_known_floor,1.0,4.544530608879559e-31,1.3421356141885421e-15
isotropic,32,2,oracle,1.0,0.0,0.0
isotropic,32,3,projection,1.0,0.0,0.0
isotropic,32,3,empirical,1.257412134472782,0.257412134472782,0.8721992679454382
isotropic,32,3,oas,1.0002530112866017,0.0002530112866015768,0.044362325374999394
isotropic,32,3,spiked_known_floor,1.0,3.870628399170723e-31,1.4356072403208356e-15
isotropic,32,3,oracle,1.0,0.0,0.0
isotropic,32,4,projection,1.0,0.0,0.0
isotropic,32,4,empirical,1.3378192169452523,0.3378192169452523,0.8997499302304064
isotropic,32,4,oas,1.0,0.0,0.024413718190434034
isotropic,32,4,spiked_known_floor,1.0,5.689774059736565e-31,1.5753043920001304e-15
isotropic,32,4,oracle,1.0,0.0,0.0
isotropic,32,5,projection,1.0,0.0,0.0
isotropic,32,5,empirical,1.2476151552956292,0.24761515529562914,0.7905415628799765
isotropic,32,5,oas,1.0,0.0,0.07660664346854296
isotropic,32,5,spiked_known_floor,1.0,4.096594026288374e-31,1.3508779388646272e-15
isotropic,32,5,oracle,1.0,0.0,0.0
isotropic,32,6,projection,1.0,0.0,0.0
isotropic,32,6,empirical,1.3289624780862863,0.32896247808628637,0.8389695062666654
isotropic,32,6,oas,1.0000069538734873,6.9538734872100986e-06,0.0564802320001788
isotropic,32,6,spiked_known_floor,1.0,4.40875684443106e-31,1.4435641885696102e-15
isotropic,32,6,oracle,1.0,0.0,0.0
isotropic,32,7,projection,1.0,0.0,0.0
isotropic,32,7,empirical,1.1600145338090389,0.16001453380903882,0.8922800882385618
isotropic,32,7,oas,1.0,0.0,0.06054702675518065
isotropic,32,7,spiked_known_floor,1.0,4.936346170083723e-31,1.3943351845850065e-15
isotropic,32,7,oracle,1.0,0.0,0.0
isotropic,32,8,projection,1.0,0.0,0.0
isotropic,32,8,empirical,1.239215306423251,0.23921530642325095,0.8957989875318806
isotropic,32,8,oas,1.0,0.0,0.015629365397472398
isotropic,32,8,spiked_known_floor,1.0,5.632333822858081e-31,1.5934531128249895e-15
isotropic,32,8,oracle,1.0,0.0,0.0
isotropic,32,9,projection,1.0,0.0,0.0
isotropic,32,9,empirical,1.2161809986277143,0.21618099862771434,0.9704811013808269
isotropic,32,9,oas,1.0028875440753666,0.002887544075366709,0.11801451619630841
isotropic,32,9,spiked_known_floor,1.0023482382556872,0.002348238255687141,0.10958820819950597
isotropic,32,9,oracle,1.0,0.0,0.0
isotropic,32,10,projection,1.0,0.0,0.0
isotropic,32,10,empirical,1.2433852727397812,0.24338527273978114,0.8905368840595256
isotropic,32,10,oas,1.0,0.0,0.05079649155198674
isotropic,32,10,spiked_known_floor,1.0,3.6329519072819557e-31,1.3139530672112635e-15
isotropic,32,10,oracle,1.0,0.0,0.0
isotropic,32,11,projection,1.0,0.0,0.0
isotropic,32,11,empirical,1.2579579955539766,0.2579579955539766,0.9423837655333893
isotropic,32,11,oas,1.00003624472481,3.624472480986327e-05,0.057886716024316325
isotropic,32,11,spiked_known_floor,1.0,4.738897483324673e-31,1.6251040272499242e-15
isotropic,32,11,oracle,1.0,0.0,0.0
isotropic,32,12,projection,1.0,0.0,0.0
isotropic,32,12,empirical,1.2852053365149911,0.28520533651499114,0.814600055989117
isotropic,32,12,oas,1.0,0.0,0.02286415320616919
isotropic,32,12,spiked_known_floor,1.0,3.899012845232357e-31,1.3298150495005433e-15
isotropic,32,12,oracle,1.0,0.0,0.0
isotropic,32,13,projection,1.0,0.0,0.0
isotropic,32,13,empirical,1.325179455757605,0.3251794557576051,0.8595462085289788
isotropic,32,13,oas,1.0008316179496362,0.0008316179496362029,0.08287953060294974
isotropic,32,13,spiked_known_floor,1.0,3.988361401769879e-31,1.2680548334067665e-15
isotropic,32,13,oracle,1.0,0.0,0.0
isotropic,32,14,projection,1.0,0.0,0.0
isotropic,32,14,empirical,1.2572197233339244,0.2572197233339243,0.8544481053065646
isotropic,32,14,oas,1.0,0.0,0.0338700407042255
isotropic,32,14,spiked_known_floor,1.0,3.948483113382845e-31,1.3070765287728566e-15
isotropic,32,14,oracle,1.0,0.0,0.0
isotropic,32,15,projection,1.0,0.0,0.0
isotropic,32,15,empirical,1.242101966716299,0.24210196671629905,0.9259219924132538
isotropic,32,15,oas,1.0012090704571506,0.0012090704571505676,0.06828612456925316
isotropic,32,15,spiked_known_floor,1.0,5.499078301647454e-31,1.4673343452994933e-15
isotropic,32,15,oracle,1.0,0.0,0.0
isotropic,32,16,projection,1.0,0.0,0.0
isotropic,32,16,empirical,1.1703760836598884,0.17037608365988854,0.9004978094849254
isotropic,32,16,oas,1.0009818879794599,0.0009818879794599548,0.06561560211177683
isotropic,32,16,spiked_known_floor,1.0,5.062885562316727e-31,1.4234671441164197e-15
isotropic,32,16,oracle,1.0,0.0,0.0
isotropic,32,17,projection,1.0,0.0,0.0
isotropic,32,17,empirical,1.2116894037965689,0.21168940379656892,0.9321120744299181
isotropic,32,17,oas,1.0,0.0,0.09641241239893718
isotropic,32,17,spiked_known_floor,1.0,6.0535252892316e-31,1.4445522480486482e-15
isotropic,32,17,oracle,1.0,0.0,0.0
isotropic,32,18,projection,1.0,0.0,0.0
isotropic,32,18,empirical,1.221772661366971,0.2217726613669711,0.9181046497375237
isotropic,32,18,oas,1.0004680821378118,0.0004680821378116148,0.04524791978365314
isotropic,32,18,spiked_known_floor,1.0,3.496820157821634e-31,1.309296333283079e-15
isotropic,32,18,oracle,1.0,0.0,0.0
isotropic,32,19,projection,1.0,0.0,0.0
isotropic,32,19,empirical,1.1848017050212285,0.18480170502122853,0.8305804488073828
isotropic,32,19,oas,1.0006991875388032,0.0006991875388030627,0.11203565700122521
isotropic,32,19,spiked_known_floor,1.0,3.2901162628091755e-31,1.2354837694607548e-15
isotropic,32,19,oracle,1.0,0.0,0.0
isotropic,32,20,projection,1.0,0.0,0.0
isotropic,32,20,empirical,1.311091825637754,0.31109182563775395,0.8533644724975035
isotropic,32,20,oas,1.0004209392549912,0.000420939254991232,0.07195390783611687
isotropic,32,20,spiked_known_floor,1.0,3.759830457646535e-31,1.357968696290119e-15
isotropic,32,20,oracle,1.0,0.0,0.0
isotropic,32,21,projection,1.0,0.0,0.0
isotropic,32,21,empirical,1.2646085502444673,0.2646085502444674,0.9606827603670942
isotropic,32,21,oas,1.001015014522431,0.001015014522431152,0.08335643187949637
isotropic,32,21,spiked_known_floor,1.0,4.391342117644776e-31,1.3197676911483959e-15
isotropic,32,21,oracle,1.0,0.0,0.0
isotropic,32,22,projection,1.0,0.0,0.0
isotropic,32,22,empirical,1.2607513951382192,0.2607513951382194,0.8759276515149509
isotropic,32,22,oas,1.0000884158277203,8.84158277203653e-05,0.025695790967920344
isotropic,32,22,spiked_known_floor,1.0,3.8596550646631285e-31,1.4056640183372077e-15
isotropic,32,22,oracle,1.0,0.0,0.0
isotropic,32,23,projection,1.0,0.0,0.0
isotropic,32,23,empirical,1.1704775209304232,0.17047752093042332,0.9419484377144378
isotropic,32,23,oas,1.0,0.0,0.09583827448798977
isotropic,32,23,spiked_known_floor,1.0001224503019737,0.0001224503019736439,0.023311435154833166
isotropic,32,23,oracle,1.0,0.0,0.0
isotropic,32,24,projection,1.0,0.0,0.0
isotropic,32,24,empirical,1.2517042362675737,0.25170423626757377,0.8991299844425376
isotropic,32,24,oas,1.0000098523255714,9.85232557122421e-06,0.014813257316489761
isotropic,32,24,spiked_known_floor,1.0,3.6907823663788775e-31,1.375851904464364e-15
isotropic,32,24,oracle,1.0,0.0,0.0
isotropic,32,25,projection,1.0,0.0,0.0
isotropic,32,25,empirical,1.1964973278816682,0.19649732788166807,0.8048443655151752
isotropic,32,25,oas,1.0,0.0,0.03993472128808673
isotropic,32,25,spiked_known_floor,1.0,4.242719975879522e-31,1.3669360982988479e-15
isotropic,32,25,oracle,1.0,0.0,0.0
isotropic,32,26,projection,1.0,0.0,0.0
isotropic,32,26,empirical,1.2755940628772269,0.2755940628772269,0.7909391423562752
isotropic,32,26,oas,1.0,0.0,0.09657967558340054
isotropic,32,26,spiked_known_floor,1.0,4.88025900342371e-31,1.4759704334904986e-15
isotropic,32,26,oracle,1.0,0.0,0.0
isotropic,32,27,projection,1.0,0.0,0.0
isotropic,32,27,empirical,1.2049507551930625,0.20495075519306244,0.8632101741364819
isotropic,32,27,oas,1.0,0.0,0.0018193292322450374
isotropic,32,27,spiked_known_floor,1.0,3.3927727166622113e-31,1.2262243115150362e-15
isotropic,32,27,oracle,1.0,0.0,0.0
isotropic,32,28,projection,1.0,0.0,0.0
isotropic,32,28,empirical,1.2411132975505592,0.24111329755055927,0.9873499428801917
isotropic,32,28,oas,1.0002820239074923,0.00028202390749243456,0.09752857368053805
isotropic,32,28,spiked_known_floor,1.0001661086855427,0.00016610868554273758,0.02693813172858118
isotropic,32,28,oracle,1.0,0.0,0.0
isotropic,32,29,projection,1.0,0.0,0.0
isotropic,32,29,empirical,1.287703316049023,0.28770331604902283,1.0680009392911844
isotropic,32,29,oas,1.011362501842016,0.011362501842015958,0.2341698186456436
isotropic,32,29,spiked_known_floor,1.0091057166238202,0.0091057166238202,0.25105388174985993
isotropic,32,29,oracle,1.0,0.0,0.0
isotropic,32,30,projection,1.0,0.0,0.0
isotropic,32,30,empirical,1.2113220675895908,0.21132206758959066,0.8169204428632117
isotropic,32,30,oas,1.0,0.0,0.06744453609883085
isotropic,32,30,spiked_known_floor,1.0,3.7227390170501222e-31,1.2715648599935031e-15
isotropic,32,30,oracle,1.0,0.0,0.0
isotropic,32,31,projection,1.0,0.0,0.0
isotropic,32,31,empirical,1.313882256599364,0.313882256599364,0.9521842105281356
isotropic,32,31,oas,1.0018922256643257,0.0018922256643257053,0.09933045342965124
isotropic,32,31,spiked_known_floor,1.0,3.222281073338514e-31,1.1874016513326048e-15
isotropic,32,31,oracle,1.0,0.0,0.0
isotropic,32,32,projection,1.0,0.0,0.0
isotropic,32,32,empirical,1.1928446880997416,0.19284468809974167,0.9379901968348853
isotropic,32,32,oas,1.000714886671986,0.0007148866719859513,0.06325163077584665
isotropic,32,32,spiked_known_floor,1.0,4.664766153261933e-31,1.3835722248349118e-15
isotropic,32,32,oracle,1.0,0.0,0.0
isotropic,32,33,projection,1.0,0.0,0.0
isotropic,32,33,empirical,1.220594434526956,0.22059443452695604,0.8444355002399103
isotropic,32,33,oas,1.0001524080715916,0.0001524080715915675,0.06555195693811684
isotropic,32,33,spiked_known_floor,1.0,3.8090384105778286e-31,1.4246187798928929e-15
isotropic,32,33,oracle,1.0,0.0,0.0
isotropic,32,34,projection,1.0,0.0,0.0
isotropic,32,34,empirical,1.213682882501103,0.21368288250110315,0.8795962779239895
isotropic,32,34,oas,1.0,0.0,0.0029649052301016225
isotropic,32,34,spiked_known_floor,1.0,5.408860983103826e-31,1.6116643013997182e-15
isotropic,32,34,oracle,1.0,0.0,0.0
isotropic,32,35,projection,1.0,0.0,0.0
isotropic,32,35,empirical,1.3180611115294023,0.3180611115294025,0.8181430630933042
isotropic,32,35,oas,1.000053104922725,5.310492272516043e-05,0.08889568413366479
isotropic,32,35,spiked_known_floor,1.0,3.4179523650274365e-31,1.1682574112334718e-15
isotropic,32,35,oracle,1.0,0.0,0.0
isotropic,32,36,projection,1.0,0.0,0.0
isotropic,32,36,empirical,1.3305119567445123,0.3305119567445123,0.8730512585391529
isotropic,32,36,oas,1.000841923755976,0.0008419237559760837,0.07674902778984857
isotropic,32,36,spiked_known_floor,1.0,4.0798451900799915e-31,1.339446370111305e-15
isotropic,32,36,oracle,1.0,0.0,0.0
isotropic,32,37,projection,1.0,0.0,0.0
isotropic,32,37,empirical,1.2088421928943753,0.20884219289437528,0.7842477059982482
isotropic,32,37,oas,1.0,0.0,0.0697748138001072
isotropic,32,37,spiked_known_floor,1.0,4.367153304730314e-31,1.3211604417055304e-15
isotropic,32,37,oracle,1.0,0.0,0.0
isotropic,32,38,projection,1.0,0.0,0.0
isotropic,32,38,empirical,1.2619875243162282,0.26198752431622807,0.9400961921203623
isotropic,32,38,oas,1.0001893136332984,0.0001893136332983408,0.05408452226786397
isotropic,32,38,spiked_known_floor,1.0,4.446372057376199e-31,1.2954536527925446e-15
isotropic,32,38,oracle,1.0,0.0,0.0
isotropic,32,39,projection,1.0,0.0,0.0
isotropic,32,39,empirical,1.242739407122822,0.242739407122822,0.7605447817190985
isotropic,32,39,oas,1.0,0.0,0.0755874950535066
isotropic,32,39,spiked_known_floor,1.0,4.6935809166508405e-31,1.3705052450646577e-15
isotropic,32,39,oracle,1.0,0.0,0.0
isotropic,32,40,projection,1.0,0.0,0.0
isotropic,32,40,empirical,1.2594880427366326,0.2594880427366326,0.9329703604667048
isotropic,32,40,oas,1.0007407292390202,0.0007407292390202247,0.06249690352321111
isotropic,32,40,spiked_known_floor,1.001501746953287,0.001501746953286919,0.10743284780845509
isotropic,32,40,oracle,1.0,0.0,0.0
isotropic,32,41,projection,1.0,0.0,0.0
isotropic,32,41,empirical,1.2830191578262082,0.28301915782620835,0.9317213239441272
isotropic,32,41,oas,1.0009116386322254,0.000911638632225271,0.07698678497125543
isotropic,32,41,spiked_known_floor,1.001112348724129,0.0011123487241289478,0.12407743098980252
isotropic,32,41,oracle,1.0,0.0,0.0
isotropic,32,42,projection,1.0,0.0,0.0
isotropic,32,42,empirical,1.2196171338104749,0.21961713381047496,0.8059773148671476
isotropic,32,42,oas,1.0,0.0,0.07153332206447605
isotropic,32,42,spiked_known_floor,1.0,5.28708017977925e-31,1.4753745763821071e-15
isotropic,32,42,oracle,1.0,0.0,0.0
isotropic,32,43,projection,1.0,0.0,0.0
isotropic,32,43,empirical,1.2181095861479951,0.21810958614799528,0.8571472775309871
isotropic,32,43,oas,1.000050015130218,5.00151302181217e-05,0.041465791919561006
isotropic,32,43,spiked_known_floor,1.0,3.4371818338762266e-31,1.224404104400865e-15
isotropic,32,43,oracle,1.0,0.0,0.0
isotropic,32,44,projection,1.0,0.0,0.0
isotropic,32,44,empirical,1.2905343152641189,0.2905343152641189,0.9439938904859838
isotropic,32,44,oas,1.0020117730104963,0.0020117730104962915,0.09117161293604112
isotropic,32,44,spiked_known_floor,1.0008069244326687,0.00080692443266867,0.0693418343610466
isotropic,32,44,oracle,1.0,0.0,0.0
isotropic,32,45,projection,1.0,0.0,0.0
isotropic,32,45,empirical,1.147344941335441,0.14734494133544124,0.8418334098306854
isotropic,32,45,oas,1.0,0.0,0.0160453180336404
isotropic,32,45,spiked_known_floor,1.0,6.414023592102425e-31,1.650795461765045e-15
isotropic,32,45,oracle,1.0,0.0,0.0
isotropic,32,46,projection,1.0,0.0,0.0
isotropic,32,46,empirical,1.204035487053825,0.2040354870538249,0.8613059604930372
isotropic,32,46,oas,1.0000323790439196,3.2379043919474566e-05,0.03393923690339624
isotropic,32,46,spiked_known_floor,1.0,4.561076443547457e-31,1.3062464749367634e-15
isotropic,32,46,oracle,1.0,0.0,0.0
isotropic,32,47,projection,1.0,0.0,0.0
isotropic,32,47,empirical,1.235671697096188,0.2356716970961881,0.8337285537702518
isotropic,32,47,oas,1.0,0.0,0.0014054079791838703
isotropic,32,47,spiked_known_floor,1.0,3.648721001888852e-31,1.2068861886644728e-15
isotropic,32,47,oracle,1.0,0.0,0.0
isotropic,32,48,projection,1.0,0.0,0.0
isotropic,32,48,empirical,1.2292991669382323,0.22929916693823227,0.8823773096394059
isotropic,32,48,oas,1.0015226101464454,0.0015226101464453055,0.09516044986394638
isotropic,32,48,spiked_known_floor,1.0,3.6055645925496895e-31,1.318949958438736e-15
isotropic,32,48,oracle,1.0,0.0,0.0
isotropic,32,49,projection,1.0,0.0,0.0
isotropic,32,49,empirical,1.252311233299072,0.252311233299072,0.838007938004493
isotropic,32,49,oas,1.0,0.0,0.02697023212964256
isotropic,32,49,spiked_known_floor,1.0,5.645704748392264e-31,1.450005039706981e-15
isotropic,32,49,oracle,1.0,0.0,0.0
isotropic,32,50,projection,1.0,0.0,0.0
isotropic,32,50,empirical,1.2454759757730076,0.24547597577300775,0.810293145466195
isotropic,32,50,oas,1.000024093469775,2.4093469775120298e-05,0.09584107346469492
isotropic,32,50,spiked_known_floor,1.0,4.59090090278727e-31,1.320295829690172e-15
isotropic,32,50,oracle,1.0,0.0,0.0
isotropic,32,51,projection,1.0,0.0,0.0
isotropic,32,51,empirical,1.2241307240524284,0.2241307240524285,0.9410662967576444
isotropic,32,51,oas,1.0006477049264542,0.0006477049264542225,0.05895006736160464
isotropic,32,51,spiked_known_floor,1.0,4.7700617245461915e-31,1.423843488303226e-15
isotropic,32,51,oracle,1.0,0.0,0.0
isotropic,32,52,projection,1.0,0.0,0.0
isotropic,32,52,empirical,1.320011345522613,0.320011345522613,0.8223421927642318
isotropic,32,52,oas,1.0009086730425114,0.0009086730425115015,0.12135602680991868
isotropic,32,52,spiked_known_floor,1.0,4.543298740885789e-31,1.4377907532132161e-15
isotropic,32,52,oracle,1.0,0.0,0.0
isotropic,32,53,projection,1.0,0.0,0.0
isotropic,32,53,empirical,1.2145227793494915,0.2145227793494916,0.9198349160232075
isotropic,32,53,oas,1.0002461055863865,0.0002461055863864973,0.04061951454030503
isotropic,32,53,spiked_known_floor,1.0,3.2365082992227944e-31,1.1538200813354173e-15
isotropic,32,53,oracle,1.0,0.0,0.0
isotropic,32,54,projection,1.0,0.0,0.0
isotropic,32,54,empirical,1.222042631649536,0.2220426316495362,0.852837586463212
isotropic,32,54,oas,1.0002938053917338,0.0002938053917337776,0.06526834353909994
isotropic,32,54,spiked_known_floor,1.0,3.5794859019345924e-31,1.2569642532537935e-15
isotropic,32,54,oracle,1.0,0.0,0.0
isotropic,32,55,projection,1.0,0.0,0.0
isotropic,32,55,empirical,1.247583299443721,0.24758329944372118,0.7929253579335305
isotropic,32,55,oas,1.0,0.0,0.08264132563285854
isotropic,32,55,spiked_known_floor,1.0,5.558904596195383e-31,1.5325577569326059e-15
isotropic,32,55,oracle,1.0,0.0,0.0
isotropic,32,56,projection,1.0,0.0,0.0
isotropic,32,56,empirical,1.2251616955482862,0.22516169554828608,0.8987622481730291
isotropic,32,56,oas,1.0,0.0,0.059128730003848336
isotropic,32,56,spiked_known_floor,1.0,3.178382212577199e-31,1.2915756734204123e-15
isotropic,32,56,oracle,1.0,0.0,0.0
isotropic,32,57,projection,1.0,0.0,0.0
isotropic,32,57,empirical,1.219909504153971,0.21990950415397098,0.8595006238559034
isotropic,32,57,oas,1.0,0.0,0.012895469123148874
isotropic,32,57,spiked_known_floor,1.0,3.97737486634103e-31,1.3271525653038669e-15
isotropic,32,57,oracle,1.0,0.0,0.0
isotropic,32,58,projection,1.0,0.0,0.0
isotropic,32,58,empirical,1.1852543337366592,0.18525433373665917,0.8144060938262554
isotropic,32,58,oas,1.0,0.0,0.013444358828147762
isotropic,32,58,spiked_known_floor,1.0,3.4628439362325484e-31,1.1831480516548512e-15
isotropic,32,58,oracle,1.0,0.0,0.0
isotropic,32,59,projection,1.0,0.0,0.0
isotropic,32,59,empirical,1.2698015057635874,0.2698015057635873,0.8544296844577915
isotropic,32,59,oas,1.0,0.0,0.023371145536630666
isotropic,32,59,spiked_known_floor,1.0,3.958474153836132e-31,1.3406849047333674e-15
isotropic,32,59,oracle,1.0,0.0,0.0
isotropic,32,60,projection,1.0,0.0,0.0
isotropic,32,60,empirical,1.2337122705520929,0.23371227055209293,0.8425425739645783
isotropic,32,60,oas,1.0,0.0,0.027189133864061854
isotropic,32,60,spiked_known_floor,1.0,4.934511446948099e-31,1.485855759033402e-15
isotropic,32,60,oracle,1.0,0.0,0.0
isotropic,32,61,projection,1.0,0.0,0.0
isotropic,32,61,empirical,1.2842496726242092,0.2842496726242092,0.9539503781224314
isotropic,32,61,oas,1.0,0.0,0.07700010632299903
isotropic,32,61,spiked_known_floor,1.0010779431465227,0.001077943146522661,0.08485357611957804
isotropic,32,61,oracle,1.0,0.0,0.0
isotropic,32,62,projection,1.0,0.0,0.0
isotropic,32,62,empirical,1.2241162523899538,0.22411625238995392,0.9443444471409468
isotropic,32,62,oas,1.0,0.0,0.09601032093141361
isotropic,32,62,spiked_known_floor,1.0,3.185779900645358e-31,1.1644641428885095e-15
isotropic,32,62,oracle,1.0,0.0,0.0
isotropic,32,63,projection,1.0,0.0,0.0
isotropic,32,63,empirical,1.25618951402234,0.25618951402234,0.8724309015902274
isotropic,32,63,oas,1.0,0.0,0.03934639910049209
isotropic,32,63,spiked_known_floor,1.0,3.5769868795677313e-31,1.2568953848062512e-15
isotropic,32,63,oracle,1.0,0.0,0.0
isotropic,32,64,projection,1.0,0.0,0.0
isotropic,32,64,empirical,1.2588336819458776,0.2588336819458774,0.8875338929251596
isotropic,32,64,oas,1.0020955199520603,0.002095519952060324,0.10345134654512791
isotropic,32,64,spiked_known_floor,1.0008891232212642,0.000889123221264296,0.05865832149749675
isotropic,32,64,oracle,1.0,0.0,0.0
isotropic,32,65,projection,1.0,0.0,0.0
isotropic,32,65,empirical,1.226377175109319,0.226377175109319,0.8389901253611252
isotropic,32,65,oas,1.0,0.0,0.04786137154105941
isotropic,32,65,spiked_known_floor,1.0,3.5104531299457062e-31,1.2462732349030394e-15
isotropic,32,65,oracle,1.0,0.0,0.0
isotropic,32,66,projection,1.0,0.0,0.0
isotropic,32,66,empirical,1.2120678348776492,0.21206783487764932,0.752985032210748
isotropic,32,66,oas,1.0,0.0,0.12511846311979158
isotropic,32,66,spiked_known_floor,1.0,4.49482626130185e-31,1.3702083750452464e-15
isotropic,32,66,oracle,1.0,0.0,0.0
isotropic,32,67,projection,1.0,0.0,0.0
isotropic,32,67,empirical,1.2479094149699685,0.24790941496996843,0.9413419396562716
isotropic,32,67,oas,1.000037857949012,3.785794901200364e-05,0.05719543600039373
isotropic,32,67,spiked_known_floor,1.0,2.7300295744730047e-31,1.0753073081196848e-15
isotropic,32,67,oracle,1.0,0.0,0.0
isotropic,32,68,projection,1.0,0.0,0.0
isotropic,32,68,empirical,1.2898553912379953,0.28985539123799536,0.8961180945283593
isotropic,32,68,oas,1.0,0.0,0.03474614412199961
isotropic,32,68,spiked_known_floor,1.0,4.936192218711822e-31,1.4840125297450518e-15
isotropic,32,68,oracle,1.0,0.0,0.0
isotropic,32,69,projection,1.0,0.0,0.0
isotropic,32,69,empirical,1.2163987899760897,0.21639878997608977,0.8660437756042731
isotropic,32,69,oas,1.0017390111734854,0.0017390111734854993,0.10111731059820835
isotropic,32,69,spiked_known_floor,1.0,4.104603948702713e-31,1.2626415620465098e-15
isotropic,32,69,oracle,1.0,0.0,0.0
isotropic,32,70,projection,1.0,0.0,0.0
isotropic,32,70,empirical,1.2553032672304194,0.25530326723041935,0.8742321679599155
isotropic,32,70,oas,1.0,0.0,0.005191020099079458
isotropic,32,70,spiked_known_floor,1.0,4.2672522860172935e-31,1.2767840176675821e-15
isotropic,32,70,oracle,1.0,0.0,0.0
isotropic,32,71,projection,1.0,0.0,0.0
isotropic,32,71,empirical,1.266975581891117,0.26697558189111703,0.9447331450545199
isotropic,32,71,oas,1.000116120353928,0.00011612035392794951,0.05811040518370201
isotropic,32,71,spiked_known_floor,1.0,3.968773074284863e-31,1.4147073946579122e-15
isotropic,32,71,oracle,1.0,0.0,0.0
isotropic,32,72,projection,1.0,0.0,0.0
isotropic,32,72,empirical,1.216712636523803,0.21671263652380304,0.8055844147263422
isotropic,32,72,oas,1.0,0.0,0.04029349648961811
isotropic,32,72,spiked_known_floor,1.0,3.7256924274564837e-31,1.4068366161070397e-15
isotropic,32,72,oracle,1.0,0.0,0.0
isotropic,32,73,projection,1.0,0.0,0.0
isotropic,32,73,empirical,1.2284413737701492,0.22844137377014928,0.886279701498479
isotropic,32,73,oas,1.0,0.0,0.056607006875019523
isotropic,32,73,spiked_known_floor,1.0,2.4158466753362583e-31,1.0160452151362867e-15
isotropic,32,73,oracle,1.0,0.0,0.0
isotropic,32,74,projection,1.0,0.0,0.0
isotropic,32,74,empirical,1.250151733555394,0.2501517335553941,0.9417631296043895
isotropic,32,74,oas,1.00010062600549,0.00010062600549010962,0.05557688789956899
isotropic,32,74,spiked_known_floor,1.0,3.3913630146027585e-31,1.2734594629647547e-15
isotropic,32,74,oracle,1.0,0.0,0.0
isotropic,32,75,projection,1.0,0.0,0.0
isotropic,32,75,empirical,1.2061676376587924,0.2061676376587923,0.8915101618957513
isotropic,32,75,oas,1.0004672551000062,0.0004672551000061902,0.04412423211432984
isotropic,32,75,spiked_known_floor,1.0,4.870975997661611e-31,1.4067629714763633e-15
isotropic,32,75,oracle,1.0,0.0,0.0
isotropic,32,76,projection,1.0,0.0,0.0
isotropic,32,76,empirical,1.1848936631331215,0.18489366313312142,0.8439333735131519
isotropic,32,76,oas,1.0,0.0,0.03217277917445394
isotropic,32,76,spiked_known_floor,1.0,3.9388706662676756e-31,1.3930310630454757e-15
isotropic,32,76,oracle,1.0,0.0,0.0
isotropic,32,77,projection,1.0,0.0,0.0
isotropic,32,77,empirical,1.2101424190844867,0.21014241908448683,0.8777787206461426
isotropic,32,77,oas,1.001120008531938,0.001120008531938095,0.08924107525712016
isotropic,32,77,spiked_known_floor,1.0,3.198998888345311e-31,1.2136464676410465e-15
isotropic,32,77,oracle,1.0,0.0,0.0
isotropic,32,78,projection,1.0,0.0,0.0
isotropic,32,78,empirical,1.330990545633704,0.3309905456337038,0.9161157214084577
isotropic,32,78,oas,1.0,0.0,0.04473309696832972
isotropic,32,78,spiked_known_floor,1.0,3.3670523054472466e-31,1.2634231988281252e-15
isotropic,32,78,oracle,1.0,0.0,0.0
isotropic,32,79,projection,1.0,0.0,0.0
isotropic,32,79,empirical,1.2472935277893276,0.24729352778932764,0.9428806194378551
isotropic,32,79,oas,1.0003079580028773,0.0003079580028772693,0.05730376011524153
isotropic,32,79,spiked_known_floor,1.0040389066074393,0.00403890660743925,0.14493521476309493
isotropic,32,79,oracle,1.0,0.0,0.0
isotropic,32,80,projection,1.0,0.0,0.0
isotropic,32,80,empirical,1.201517148268743,0.20151714826874295,0.7673364212268443
isotropic,32,80,oas,1.0,0.0,0.09480743319594444
isotropic,32,80,spiked_known_floor,1.0,3.8141300925417005e-31,1.2151775840024528e-15
isotropic,32,80,oracle,1.0,0.0,0.0
isotropic,32,81,projection,1.0,0.0,0.0
isotropic,32,81,empirical,1.2412933390494554,0.24129333904945544,0.8238866436914448
isotropic,32,81,oas,1.0,0.0,0.055972619547580045
isotropic,32,81,spiked_known_floor,1.0,3.7938680319372795e-31,1.344864742874639e-15
isotropic,32,81,oracle,1.0,0.0,0.0
isotropic,32,82,projection,1.0,0.0,0.0
isotropic,32,82,empirical,1.223342278111679,0.22334227811167887,0.8011986733322908
isotropic,32,82,oas,1.0,0.0,0.034143966980503926
isotropic,32,82,spiked_known_floor,1.0,3.9694062235671185e-31,1.4256106536471556e-15
isotropic,32,82,oracle,1.0,0.0,0.0
isotropic,32,83,projection,1.0,0.0,0.0
isotropic,32,83,empirical,1.2501075459546032,0.25010754595460316,0.9145224808285101
isotropic,32,83,oas,1.000960850099508,0.0009608500995080721,0.059846098174043925
isotropic,32,83,spiked_known_floor,1.0000419285712985,4.1928571298628294e-05,0.011530599170918818
isotropic,32,83,oracle,1.0,0.0,0.0
isotropic,32,84,projection,1.0,0.0,0.0
isotropic,32,84,empirical,1.2486622832878222,0.24866228328782228,0.8711518777252728
isotropic,32,84,oas,1.0000314986617984,3.149866179843517e-05,0.024141690033082013
isotropic,32,84,spiked_known_floor,1.0,3.167418905648322e-31,1.1902314005412027e-15
isotropic,32,84,oracle,1.0,0.0,0.0
isotropic,32,85,projection,1.0,0.0,0.0
isotropic,32,85,empirical,1.196562550184949,0.196562550184949,0.9523646754460902
isotropic,32,85,oas,1.0000061798060103,6.1798060104255384e-06,0.07141853826483276
isotropic,32,85,spiked_known_floor,1.0,4.811113579632376e-31,1.5009273695163127e-15
isotropic,32,85,oracle,1.0,0.0,0.0
isotropic,32,86,projection,1.0,0.0,0.0
isotropic,32,86,empirical,1.1641039778912274,0.16410397789122752,0.8739323349578746
isotropic,32,86,oas,1.0,0.0,0.024457133852651358
isotropic,32,86,spiked_known_floor,1.0,4.445750795520457e-31,1.2563291006741343e-15
isotropic,32,86,oracle,1.0,0.0,0.0
isotropic,32,87,projection,1.0,0.0,0.0
isotropic,32,87,empirical,1.2607429417774452,0.2607429417774453,0.913914128359998
isotropic,32,87,oas,1.000390166500578,0.000390166500578023,0.04064803258243828
isotropic,32,87,spiked_known_floor,1.0,5.13274971155048e-31,1.3927219103058044e-15
isotropic,32,87,oracle,1.0,0.0,0.0
isotropic,32,88,projection,1.0,0.0,0.0
isotropic,32,88,empirical,1.1955121916187659,0.19551219161876598,0.9049397043016778
isotropic,32,88,oas,1.0004475413797367,0.0004475413797367678,0.04509384673045701
isotropic,32,88,spiked_known_floor,1.0,4.634645128467499e-31,1.4292190151270168e-15
isotropic,32,88,oracle,1.0,0.0,0.0
isotropic,32,89,projection,1.0,0.0,0.0
isotropic,32,89,empirical,1.2264693374461997,0.2264693374461998,0.8511444067050649
isotropic,32,89,oas,1.0000656311284901,6.563112848999758e-05,0.05027786243502351
isotropic,32,89,spiked_known_floor,1.0,2.915146772120053e-31,1.148466148434585e-15
isotropic,32,89,oracle,1.0,0.0,0.0
isotropic,32,90,projection,1.0,0.0,0.0
isotropic,32,90,empirical,1.2020477257574855,0.20204772575748564,0.9079336890043426
isotropic,32,90,oas,1.0,0.0,0.07430720624431086
isotropic,32,90,spiked_known_floor,1.0,3.8303940957440972e-31,1.3991663515184187e-15
isotropic,32,90,oracle,1.0,0.0,0.0
isotropic,32,91,projection,1.0,0.0,0.0
isotropic,32,91,empirical,1.210080428800993,0.21008042880099287,0.9046857225717242
isotropic,32,91,oas,1.0,0.0,0.04711650659184641
isotropic,32,91,spiked_known_floor,1.0,5.308689609715048e-31,1.3741160471406307e-15
isotropic,32,91,oracle,1.0,0.0,0.0
isotropic,32,92,projection,1.0,0.0,0.0
isotropic,32,92,empirical,1.2484127584462874,0.2484127584462875,0.8713553882946912
isotropic,32,92,oas,1.0,0.0,0.006076081904328513
isotropic,32,92,spiked_known_floor,1.0,3.225224000025638e-31,1.2016248962874605e-15
isotropic,32,92,oracle,1.0,0.0,0.0
isotropic,32,93,projection,1.0,0.0,0.0
isotropic,32,93,empirical,1.273379835663668,0.2733798356636681,0.8546514816245594
isotropic,32,93,oas,1.000048656445525,4.8656445524999356e-05,0.044180554648041166
isotropic,32,93,spiked_known_floor,1.0,3.2192984522325974e-31,1.2460904679381237e-15
isotropic,32,93,oracle,1.0,0.0,0.0
isotropic,32,94,projection,1.0,0.0,0.0
isotropic,32,94,empirical,1.279594584106495,0.2795945841064951,0.902876908426265
isotropic,32,94,oas,1.0007630462771475,0.0007630462771473783,0.06037008254970512
isotropic,32,94,spiked_known_floor,1.0,4.591141663348904e-31,1.391825904923047e-15
isotropic,32,94,oracle,1.0,0.0,0.0
isotropic,32,95,projection,1.0,0.0,0.0
isotropic,32,95,empirical,1.3252435806273373,0.3252435806273371,0.8765625181624963
isotropic,32,95,oas,1.0024485950766324,0.0024485950766324387,0.11845645409416783
isotropic,32,95,spiked_known_floor,1.0,3.556724772181362e-31,1.431299932233535e-15
isotropic,32,95,oracle,1.0,0.0,0.0
isotropic,32,96,projection,1.0,0.0,0.0
isotropic,32,96,empirical,1.2016363174735163,0.20163631747351632,0.8940258994832742
isotropic,32,96,oas,1.0,0.0,0.07449273635932019
isotropic,32,96,spiked_known_floor,1.0,3.8329566957281714e-31,1.3005683400174151e-15
isotropic,32,96,oracle,1.0,0.0,0.0
isotropic,32,97,projection,1.0,0.0,0.0
isotropic,32,97,empirical,1.2500855613475192,0.2500855613475193,0.8163883368171948
isotropic,32,97,oas,1.0,0.0,0.016045777817728094
isotropic,32,97,spiked_known_floor,1.0,5.142607566966899e-31,1.5644592712303553e-15
isotropic,32,97,oracle,1.0,0.0,0.0
isotropic,32,98,projection,1.0,0.0,0.0
isotropic,32,98,empirical,1.2489747781115406,0.2489747781115405,0.8562030743957084
isotropic,32,98,oas,1.000058132629367,5.813262936694061e-05,0.04581123384888686
isotropic,32,98,spiked_known_floor,1.0,3.510311296000625e-31,1.1888710046016205e-15
isotropic,32,98,oracle,1.0,0.0,0.0
isotropic,32,99,projection,1.0,0.0,0.0
isotropic,32,99,empirical,1.2063043230181933,0.20630432301819335,0.8872045191602002
isotropic,32,99,oas,1.000033551837805,3.355183780480457e-05,0.012458603965193113
isotropic,32,99,spiked_known_floor,1.0,3.8999745299631588e-31,1.3528222605510138e-15
isotropic,32,99,oracle,1.0,0.0,0.0
isotropic,32,100,projection,1.0,0.0,0.0
isotropic,32,100,empirical,1.189139649046239,0.18913964904623884,0.9056895719255439
isotropic,32,100,oas,1.0,0.0,0.053608036269190196
isotropic,32,100,spiked_known_floor,1.0,3.8193144153666437e-31,1.3414047257877961e-15
isotropic,32,100,oracle,1.0,0.0,0.0
isotropic,32,101,projection,1.0,0.0,0.0
isotropic,32,101,empirical,1.238708978411279,0.23870897841127883,0.9482091094358683
isotropic,32,101,oas,1.0,0.0,0.11129235325523591
isotropic,32,101,spiked_known_floor,1.0,3.3173524748770835e-31,1.2927367784363323e-15
isotropic,32,101,oracle,1.0,0.0,0.0
isotropic,32,102,projection,1.0,0.0,0.0
isotropic,32,102,empirical,1.2755831920393352,0.2755831920393352,0.9077291816481355
isotropic,32,102,oas,1.0,0.0,0.0276564277334479
isotropic,32,102,spiked_known_floor,1.0,4.674193383236392e-31,1.417903967672587e-15
isotropic,32,102,oracle,1.0,0.0,0.0
isotropic,32,103,projection,1.0,0.0,0.0
isotropic,32,103,empirical,1.226289262515523,0.22628926251552312,0.8744794402705913
isotropic,32,103,oas,1.0000035025024936,3.5025024936866523e-06,0.013140115232906585
isotropic,32,103,spiked_known_floor,1.0,2.652429032054493e-31,1.1075925925630908e-15
isotropic,32,103,oracle,1.0,0.0,0.0
isotropic,32,104,projection,1.0,0.0,0.0
isotropic,32,104,empirical,1.2534525119937947,0.2534525119937947,0.9791256498872017
isotropic,32,104,oas,1.0028352086641654,0.002835208664165477,0.11676719432872674
isotropic,32,104,spiked_known_floor,1.003678883187843,0.0036788831878430215,0.15061837986083376
isotropic,32,104,oracle,1.0,0.0,0.0
isotropic,32,105,projection,1.0,0.0,0.0
isotropic,32,105,empirical,1.2744029022773378,0.27440290227733777,0.9112078058370864
isotropic,32,105,oas,1.0,0.0,0.0370904222393691
isotropic,32,105,spiked_known_floor,1.0,3.51324255982483e-31,1.2722973496738503e-15
isotropic,32,105,oracle,1.0,0.0,0.0
isotropic,32,106,projection,1.0,0.0,0.0
isotropic,32,106,empirical,1.2648035512125775,0.2648035512125775,0.8553617146139088
isotropic,32,106,oas,1.0004526979569743,0.0004526979569744521,0.06683461823646102
isotropic,32,106,spiked_known_floor,1.0,3.5692654781347843e-31,1.6679375195356963e-15
isotropic,32,106,oracle,1.0,0.0,0.0
isotropic,32,107,projection,1.0,0.0,0.0
isotropic,32,107,empirical,1.2545069419998647,0.2545069419998647,0.8444861403809435
isotropic,32,107,oas,1.0000082570895699,8.257089570007387e-06,0.04964377675409726
isotropic,32,107,spiked_known_floor,1.0,4.8084182423598725e-31,1.4630474260831917e-15
isotropic,32,107,oracle,1.0,0.0,0.0
isotropic,32,108,projection,1.0,0.0,0.0
isotropic,32,108,empirical,1.266056433044239,0.266056433044239,0.928571803755056
isotropic,32,108,oas,1.0,0.0,0.067639856229351
isotropic,32,108,spiked_known_floor,1.0,3.13780870932262e-31,1.2089911836176131e-15
isotropic,32,108,oracle,1.0,0.0,0.0
isotropic,32,109,projection,1.0,0.0,0.0
isotropic,32,109,empirical,1.2064690756703824,0.20646907567038247,0.91225541557967
isotropic,32,109,oas,1.0,0.0,0.07185664178981345
isotropic,32,109,spiked_known_floor,1.0,4.740667989059442e-31,1.3426999024933585e-15
isotropic,32,109,oracle,1.0,0.0,0.0
isotropic,32,110,projection,1.0,0.0,0.0
isotropic,32,110,empirical,1.183548451756251,0.18354845175625073,0.9201108544502171
isotropic,32,110,oas,1.0,0.0,0.04410963830140325
isotropic,32,110,spiked_known_floor,1.0,4.343357578732613e-31,1.412224753426744e-15
isotropic,32,110,oracle,1.0,0.0,0.0
isotropic,32,111,projection,1.0,0.0,0.0
isotropic,32,111,empirical,1.1784928183914658,0.17849281839146566,0.9315544878142401
isotropic,32,111,oas,1.0,0.0,0.058451755742224394
isotropic,32,111,spiked_known_floor,1.0,3.583484751713027e-31,1.1591290289383535e-15
isotropic,32,111,oracle,1.0,0.0,0.0
isotropic,32,112,projection,1.0,0.0,0.0
isotropic,32,112,empirical,1.2116250696136002,0.2116250696136002,0.8077653105129061
isotropic,32,112,oas,1.0,0.0,0.048543012273298713
isotropic,32,112,spiked_known_floor,1.0,4.502973098660402e-31,1.4868243531145356e-15
isotropic,32,112,oracle,1.0,0.0,0.0
isotropic,32,113,projection,1.0,0.0,0.0
isotropic,32,113,empirical,1.288708203286286,0.28870820328628594,0.9110238062302155
isotropic,32,113,oas,1.0003213613425928,0.00032136134259282546,0.03970560750861422
isotropic,32,113,spiked_known_floor,1.0025845179380115,0.0025845179380115805,0.13188742075388846
isotropic,32,113,oracle,1.0,0.0,0.0
isotropic,32,114,projection,1.0,0.0,0.0
isotropic,32,114,empirical,1.1948381317316736,0.19483813173167355,0.8836100403776977
isotropic,32,114,oas,1.0,0.0,0.01699230859543932
isotropic,32,114,spiked_known_floor,1.0,3.50130351805464e-31,1.2910417996825322e-15
isotropic,32,114,oracle,1.0,0.0,0.0
isotropic,32,115,projection,1.0,0.0,0.0
isotropic,32,115,empirical,1.189038707757196,0.18903870775719614,0.9170503978829037
isotropic,32,115,oas,1.0001111961625389,0.0001111961625388245,0.03263350432250392
isotropic,32,115,spiked_known_floor,1.0,3.7967493114687805e-31,1.2687303347826625e-15
isotropic,32,115,oracle,1.0,0.0,0.0
isotropic,32,116,projection,1.0,0.0,0.0
isotropic,32,116,empirical,1.2321762186983871,0.23217621869838703,0.9439086356315932
isotropic,32,116,oas,1.000324206646543,0.0003242066465428948,0.05931112895686525
isotropic,32,116,spiked_known_floor,1.0,3.416241427878749e-31,1.155747720066418e-15
isotropic,32,116,oracle,1.0,0.0,0.0
isotropic,32,117,projection,1.0,0.0,0.0
isotropic,32,117,empirical,1.2174580690350298,0.2174580690350299,0.8931882325176008
isotropic,32,117,oas,1.0,0.0,0.020224385992355435
isotropic,32,117,spiked_known_floor,1.0,4.706896339430518e-31,1.573250820668625e-15
isotropic,32,117,oracle,1.0,0.0,0.0
isotropic,32,118,projection,1.0,0.0,0.0
isotropic,32,118,empirical,1.28272099803803,0.28272099803803014,0.8693152839943418
isotropic,32,118,oas,1.0001486680652776,0.00014866806527749396,0.0391873203045123
isotropic,32,118,spiked_known_floor,1.0,4.327244978334659e-31,1.4723585607732738e-15
isotropic,32,118,oracle,1.0,0.0,0.0
isotropic,32,119,projection,1.0,0.0,0.0
isotropic,32,119,empirical,1.247133181462716,0.24713318146271604,0.9264238253064532
isotropic,32,119,oas,1.0010780404372719,0.0010780404372720096,0.07050972125002646
isotropic,32,119,spiked_known_floor,1.0,3.919272651179734e-31,1.3464257063852483e-15
isotropic,32,119,oracle,1.0,0.0,0.0
isotropic,32,120,projection,1.0,0.0,0.0
isotropic,32,120,empirical,1.2400621009444064,0.24006210094440641,0.9003645325921822
isotropic,32,120,oas,1.0002424823951857,0.00024248239518553984,0.03217796492922789
isotropic,32,120,spiked_known_floor,1.0,3.060892047197745e-31,1.3409815884097152e-15
isotropic,32,120,oracle,1.0,0.0,0.0
isotropic,32,121,projection,1.0,0.0,0.0
isotropic,32,121,empirical,1.2648749714649092,0.2648749714649093,0.8987005464200982
isotropic,32,121,oas,1.002525085646418,0.002525085646418122,0.10767031007989468
isotropic,32,121,spiked_known_floor,1.0,5.118798141638177e-31,1.3789100984579824e-15
isotropic,32,121,oracle,1.0,0.0,0.0
isotropic,32,122,projection,1.0,0.0,0.0
isotropic,32,122,empirical,1.2359075850377286,0.23590758503772846,0.8451599152151296
isotropic,32,122,oas,1.0000209473814672,2.0947381467042973e-05,0.051084446284394056
isotropic,32,122,spiked_known_floor,1.0,4.2279283831526295e-31,1.3627123699711425e-15
isotropic,32,122,oracle,1.0,0.0,0.0
isotropic,32,123,projection,1.0,0.0,0.0
isotropic,32,123,empirical,1.1719617446027055,0.1719617446027057,0.7793977144272121
isotropic,32,123,oas,1.000437336654577,0.0004373366545767171,0.16367431443274882
isotropic,32,123,spiked_known_floor,1.0,2.2151407654249868e-31,9.473716373287637e-16
isotropic,32,123,oracle,1.0,0.0,0.0
isotropic,32,124,projection,1.0,0.0,0.0
isotropic,32,124,empirical,1.2049911274703573,0.20499112747035733,0.8746703897722913
isotropic,32,124,oas,1.0000412712931164,4.127129311646769e-05,0.021299757416655678
isotropic,32,124,spiked_known_floor,1.0,3.1726549069142095e-31,1.2045085514690753e-15
isotropic,32,124,oracle,1.0,0.0,0.0
isotropic,32,125,projection,1.0,0.0,0.0
isotropic,32,125,empirical,1.2192915885608913,0.21929158856089118,0.9098815325284102
isotropic,32,125,oas,1.000104058990751,0.00010405899075099559,0.027071056117289164
isotropic,32,125,spiked_known_floor,1.0,5.605180760041044e-31,1.435679090898175e-15
isotropic,32,125,oracle,1.0,0.0,0.0
isotropic,32,126,projection,1.0,0.0,0.0
isotropic,32,126,empirical,1.2424997981685397,0.24249979816853978,0.858920237858352
isotropic,32,126,oas,1.0,0.0,0.0028915353711704843
isotropic,32,126,spiked_known_floor,1.0,3.1602034342911697e-31,1.236911539578027e-15
isotropic,32,126,oracle,1.0,0.0,0.0
isotropic,32,127,projection,1.0,0.0,0.0
isotropic,32,127,empirical,1.2550228608423697,0.25502286084236975,0.94117623486813
isotropic,32,127,oas,1.0052748809802392,0.005274880980239242,0.16336319806442512
isotropic,32,127,spiked_known_floor,1.0,4.339725344853631e-31,1.3624785195871026e-15
isotropic,32,127,oracle,1.0,0.0,0.0
isotropic,32,128,projection,1.0,0.0,0.0
isotropic,32,128,empirical,1.2935541100705175,0.2935541100705175,0.7805802176141802
isotropic,32,128,oas,1.000086732033774,8.67320337740706e-05,0.14190408146838107
isotropic,32,128,spiked_known_floor,1.0,3.2645699974359843e-31,1.2520017620197925e-15
isotropic,32,128,oracle,1.0,0.0,0.0
isotropic,32,129,projection,1.0,0.0,0.0
isotropic,32,129,empirical,1.2771226771130098,0.27712267711300975,0.9770085917782146
isotropic,32,129,oas,1.0029137722383452,0.0029137722383453433,0.11857578122567927
isotropic,32,129,spiked_known_floor,1.004977637094373,0.0049776370943729565,0.16417027577361756
isotropic,32,129,oracle,1.0,0.0,0.0
isotropic,32,130,projection,1.0,0.0,0.0
isotropic,32,130,empirical,1.2907041714767538,0.2907041714767538,0.9266204516874614
isotropic,32,130,oas,1.000649180323899,0.000649180323898959,0.05366359157879868
isotropic,32,130,spiked_known_floor,1.0,3.565775915381801e-31,1.200691549952265e-15
isotropic,32,130,oracle,1.0,0.0,0.0
isotropic,32,131,projection,1.0,0.0,0.0
isotropic,32,131,empirical,1.1761068126701595,0.17610681267015946,0.8627879945351157
isotropic,32,131,oas,1.0,0.0,0.00767700848951769
isotropic,32,131,spiked_known_floor,1.0,3.63857958932009e-31,1.2632698015754619e-15
isotropic,32,131,oracle,1.0,0.0,0.0
isotropic,32,132,projection,1.0,0.0,0.0
isotropic,32,132,empirical,1.2412569293664968,0.2412569293664967,0.9830168048129473
isotropic,32,132,oas,1.000990697108408,0.000990697108407892,0.09594824600882443
isotropic,32,132,spiked_known_floor,1.0022220968851354,0.002222096885135407,0.10058145493738045
isotropic,32,132,oracle,1.0,0.0,0.0
isotropic,32,133,projection,1.0,0.0,0.0
isotropic,32,133,empirical,1.193381306695712,0.19338130669571194,0.8024430882930951
isotropic,32,133,oas,1.0,0.0,0.044467931225930186
isotropic,32,133,spiked_known_floor,1.0,4.247522373458092e-31,1.2941433483586411e-15
isotropic,32,133,oracle,1.0,0.0,0.0
isotropic,32,134,projection,1.0,0.0,0.0
isotropic,32,134,empirical,1.1930911134421442,0.19309111344214416,0.8357931622391161
isotropic,32,134,oas,1.0,0.0,0.010486792389789336
isotropic,32,134,spiked_known_floor,1.0,3.546806217615134e-31,1.2026736762701682e-15
isotropic,32,134,oracle,1.0,0.0,0.0
isotropic,32,135,projection,1.0,0.0,0.0
isotropic,32,135,empirical,1.3169199143998656,0.31691991439986555,0.8971149738206978
isotropic,32,135,oas,1.003267672801461,0.0032676728014608913,0.12935493826042058
isotropic,32,135,spiked_known_floor,1.0,4.9256951694614165e-31,1.3516387593029103e-15
isotropic,32,135,oracle,1.0,0.0,0.0
isotropic,32,136,projection,1.0,0.0,0.0
isotropic,32,136,empirical,1.355157181236491,0.35515718123649115,0.9540865135933623
isotropic,32,136,oas,1.001429558617495,0.001429558617495113,0.08613344673721976
isotropic,32,136,spiked_known_floor,1.0,5.402969636404739e-31,1.5065424047249498e-15
isotropic,32,136,oracle,1.0,0.0,0.0
isotropic,32,137,projection,1.0,0.0,0.0
isotropic,32,137,empirical,1.4029469208516272,0.4029469208516272,0.8702876023328467
isotropic,32,137,oas,1.0,0.0,0.007757223076438336
isotropic,32,137,spiked_known_floor,1.0,3.9161336651425177e-31,1.4259522421934625e-15
isotropic,32,137,oracle,1.0,0.0,0.0
isotropic,32,138,projection,1.0,0.0,0.0
isotropic,32,138,empirical,1.337354320340837,0.337354320340837,0.9154178553983301
isotropic,32,138,oas,1.0002768753845082,0.000276875384508079,0.03788959334688616
isotropic,32,138,spiked_known_floor,1.0,4.729255442625807e-31,1.3103088318668279e-15
isotropic,32,138,oracle,1.0,0.0,0.0
isotropic,32,139,projection,1.0,0.0,0.0
isotropic,32,139,empirical,1.2682501206908927,0.2682501206908926,0.8571911355273534
isotropic,32,139,oas,1.0000352139836284,3.5213983628356456e-05,0.03898133556202329
isotropic,32,139,spiked_known_floor,1.0,3.966858901075003e-31,1.3265906707595492e-15
isotropic,32,139,oracle,1.0,0.0,0.0
isotropic,32,140,projection,1.0,0.0,0.0
isotropic,32,140,empirical,1.2281089970301107,0.22810899703011073,0.9159607590614556
isotropic,32,140,oas,1.0000026629209622,2.6629209622275757e-06,0.03375476200918024
isotropic,32,140,spiked_known_floor,1.0,4.501728443676956e-31,1.5325211286200664e-15
isotropic,32,140,oracle,1.0,0.0,0.0
isotropic,32,141,projection,1.0,0.0,0.0
isotropic,32,141,empirical,1.1808046306779774,0.1808046306779773,0.7723588548683665
isotropic,32,141,oas,1.0,0.0,0.04116566726985005
isotropic,32,141,spiked_known_floor,1.0,3.6559354811901856e-31,1.272210078050604e-15
isotropic,32,141,oracle,1.0,0.0,0.0
isotropic,32,142,projection,1.0,0.0,0.0
isotropic,32,142,empirical,1.2097756127196257,0.2097756127196256,0.8659859554917078
isotropic,32,142,oas,1.0,0.0,0.01673015823527202
isotropic,32,142,spiked_known_floor,1.0,3.1068171293365257e-31,1.291105337865197e-15
isotropic,32,142,oracle,1.0,0.0,0.0
isotropic,32,143,projection,1.0,0.0,0.0
isotropic,32,143,empirical,1.214062570153515,0.2140625701535151,0.8355860024292144
isotropic,32,143,oas,1.0,0.0,0.05194351707063694
isotropic,32,143,spiked_known_floor,1.0,4.467099788076336e-31,1.2685605093575672e-15
isotropic,32,143,oracle,1.0,0.0,0.0
isotropic,32,144,projection,1.0,0.0,0.0
isotropic,32,144,empirical,1.2486039033835838,0.24860390338358382,0.84441718769641
isotropic,32,144,oas,1.0,0.0,0.007991008745452333
isotropic,32,144,spiked_known_floor,1.0,3.2219076096347157e-31,1.4437577116458571e-15
isotropic,32,144,oracle,1.0,0.0,0.0
isotropic,32,145,projection,1.0,0.0,0.0
isotropic,32,145,empirical,1.2379991562089532,0.23799915620895332,0.8836957597600419
isotropic,32,145,oas,1.0005342695506676,0.0005342695506677145,0.05563519827244853
isotropic,32,145,spiked_known_floor,1.0,4.9705264154754245e-31,1.4396878172079798e-15
isotropic,32,145,oracle,1.0,0.0,0.0
isotropic,32,146,projection,1.0,0.0,0.0
isotropic,32,146,empirical,1.2338107030928727,0.2338107030928727,0.9540594145423054
isotropic,32,146,oas,1.0001980045349605,0.00019800453496043706,0.0667629434258045
isotropic,32,146,spiked_known_floor,1.001002654162115,0.0010026541621151095,0.07062323279905822
isotropic,32,146,oracle,1.0,0.0,0.0
isotropic,32,147,projection,1.0,0.0,0.0
isotropic,32,147,empirical,1.2498676456834046,0.24986764568340464,0.9614579316571031
isotropic,32,147,oas,1.0018355317860945,0.00183553178609441,0.09272062736567899
isotropic,32,147,spiked_known_floor,1.0,2.818095235368576e-31,1.224586539274596e-15
isotropic,32,147,oracle,1.0,0.0,0.0
isotropic,32,148,projection,1.0,0.0,0.0
isotropic,32,148,empirical,1.272654814297641,0.27265481429764127,0.9292405937789886
isotropic,32,148,oas,1.0004098687376457,0.0004098687376455675,0.047984448128551384
isotropic,32,148,spiked_known_floor,1.0003091965254443,0.00030919652544431965,0.03411777687395079
isotropic,32,148,oracle,1.0,0.0,0.0
isotropic,32,149,projection,1.0,0.0,0.0
isotropic,32,149,empirical,1.2348765684741037,0.23487656847410354,0.8150758354306498
isotropic,32,149,oas,1.0,0.0,0.05556209421686864
isotropic,32,149,spiked_known_floor,1.0,3.0527009330627507e-31,1.165592446734222e-15
isotropic,32,149,oracle,1.0,0.0,0.0
isotropic,32,150,projection,1.0,0.0,0.0
isotropic,32,150,empirical,1.2199476944057368,0.21994769440573678,0.9458278436201053
isotropic,32,150,oas,1.0000048762064822,4.876206482081593e-06,0.06503839921219516
isotropic,32,150,spiked_known_floor,1.0032461894185771,0.0032461894185772367,0.12538816528676963
isotropic,32,150,oracle,1.0,0.0,0.0
isotropic,32,151,projection,1.0,0.0,0.0
isotropic,32,151,empirical,1.2059673347219926,0.20596733472199277,0.9554865690235396
isotropic,32,151,oas,1.0003937443669246,0.0003937443669245641,0.06836059618057064
isotropic,32,151,spiked_known_floor,1.0,5.016005237513958e-31,1.3603561681802815e-15
isotropic,32,151,oracle,1.0,0.0,0.0
isotropic,32,152,projection,1.0,0.0,0.0
isotropic,32,152,empirical,1.2557149959628393,0.25571499596283914,0.9413415180540547
isotropic,32,152,oas,1.0016167739000599,0.0016167739000599178,0.08981034716948054
isotropic,32,152,spiked_known_floor,1.0,3.6405986709537802e-31,1.354184117041569e-15
isotropic,32,152,oracle,1.0,0.0,0.0
isotropic,32,153,projection,1.0,0.0,0.0
isotropic,32,153,empirical,1.282619045446366,0.28261904544636585,0.8206782873943416
isotropic,32,153,oas,1.0002548525709718,0.0002548525709717623,0.10103192209087108
isotropic,32,153,spiked_known_floor,1.0,3.591638654148633e-31,1.2362506765155787e-15
isotropic,32,153,oracle,1.0,0.0,0.0
isotropic,32,154,projection,1.0,0.0,0.0
isotropic,32,154,empirical,1.2432395632692723,0.24323956326927224,0.9153730856645255
isotropic,32,154,oas,1.0022706474798968,0.0022706474798968226,0.09171402487764596
isotropic,32,154,spiked_known_floor,1.0,2.5917465159352928e-31,1.195073353002916e-15
isotropic,32,154,oracle,1.0,0.0,0.0
isotropic,32,155,projection,1.0,0.0,0.0
isotropic,32,155,empirical,1.2495526377464654,0.24955263774646527,0.8869938238741545
isotropic,32,155,oas,1.0,0.0,0.012962466880739766
isotropic,32,155,spiked_known_floor,1.0,3.504729939869384e-31,1.243673816771912e-15
isotropic,32,155,oracle,1.0,0.0,0.0
isotropic,32,156,projection,1.0,0.0,0.0
isotropic,32,156,empirical,1.1881158569940493,0.18811585699404923,0.8723787162782218
isotropic,32,156,oas,1.000456296443466,0.00045629644346613125,0.05635969235428311
isotropic,32,156,spiked_known_floor,1.0,2.9482049026605546e-31,1.2953781181538522e-15
isotropic,32,156,oracle,1.0,0.0,0.0
isotropic,32,157,projection,1.0,0.0,0.0
isotropic,32,157,empirical,1.2735013343622927,0.27350133436229274,0.9029455037935074
isotropic,32,157,oas,1.0008173232502853,0.0008173232502851435,0.060242107594478136
isotropic,32,157,spiked_known_floor,1.0,4.845761304103064e-31,1.4523613313314506e-15
isotropic,32,157,oracle,1.0,0.0,0.0
isotropic,32,158,projection,1.0,0.0,0.0
isotropic,32,158,empirical,1.2835718984679838,0.28357189846798386,0.9538423802225391
isotropic,32,158,oas,1.0,0.0,0.07677924556346306
isotropic,32,158,spiked_known_floor,1.0001200896839377,0.00012008968393779492,0.02676677845548284
isotropic,32,158,oracle,1.0,0.0,0.0
isotropic,32,159,projection,1.0,0.0,0.0
isotropic,32,159,empirical,1.1794108092617197,0.17941080926171976,0.7711462208548907
isotropic,32,159,oas,1.0,0.0,0.09103181948734174
isotropic,32,159,spiked_known_floor,1.0,3.7984265442501405e-31,1.255833368287637e-15
isotropic,32,159,oracle,1.0,0.0,0.0
isotropic,32,160,projection,1.0,0.0,0.0
isotropic,32,160,empirical,1.2281741621734608,0.22817416217346093,0.8200273539078078
isotropic,32,160,oas,1.0,0.0,0.06944370171512938
isotropic,32,160,spiked_known_floor,1.0,3.510125707686259e-31,1.2120329508382954e-15
isotropic,32,160,oracle,1.0,0.0,0.0
isotropic,32,161,projection,1.0,0.0,0.0
isotropic,32,161,empirical,1.200340864793233,0.20034086479323296,0.8704105587602852
isotropic,32,161,oas,1.0000078168616122,7.816861612160877e-06,0.019900009934663173
isotropic,32,161,spiked_known_floor,1.0,3.8770222160210404e-31,1.3399697636442802e-15
isotropic,32,161,oracle,1.0,0.0,0.0
isotropic,32,162,projection,1.0,0.0,0.0
isotropic,32,162,empirical,1.2251373712848495,0.22513737128484948,0.8809578902124982
isotropic,32,162,oas,1.0,0.0,0.04337949833869281
isotropic,32,162,spiked_known_floor,1.0,3.7168231808344694e-31,1.1562810250291683e-15
isotropic,32,162,oracle,1.0,0.0,0.0
isotropic,32,163,projection,1.0,0.0,0.0
isotropic,32,163,empirical,1.2370577415387503,0.23705774153875023,0.9235817941266976
isotropic,32,163,oas,1.000287153327162,0.00028715332716211707,0.042103268980119915
isotropic,32,163,spiked_known_floor,1.0,2.224375873376758e-31,1.0124867030176501e-15
isotropic,32,163,oracle,1.0,0.0,0.0
isotropic,32,164,projection,1.0,0.0,0.0
isotropic,32,164,empirical,1.2368076485260162,0.2368076485260162,0.8514711340603726
isotropic,32,164,oas,1.0002492953070616,0.0002492953070616682,0.06285719775813652
isotropic,32,164,spiked_known_floor,1.0,2.624138976567848e-31,1.0343270673734935e-15
isotropic,32,164,oracle,1.0,0.0,0.0
isotropic,32,165,projection,1.0,0.0,0.0
isotropic,32,165,empirical,1.2077329268476973,0.20773292684769734,0.8323694059877791
isotropic,32,165,oas,1.0,0.0,0.043186485905457046
isotropic,32,165,spiked_known_floor,1.0,4.144232857206801e-31,1.2707024095769815e-15
isotropic,32,165,oracle,1.0,0.0,0.0
isotropic,32,166,projection,1.0,0.0,0.0
isotropic,32,166,empirical,1.2063555554450212,0.20635555544502115,0.8344296802647715
isotropic,32,166,oas,1.0,0.0,0.02231216057998897
isotropic,32,166,spiked_known_floor,1.0,4.590107460056941e-31,1.5552330432284484e-15
isotropic,32,166,oracle,1.0,0.0,0.0
isotropic,32,167,projection,1.0,0.0,0.0
isotropic,32,167,empirical,1.1966532920774364,0.19665329207743654,0.8158725140002865
isotropic,32,167,oas,1.0,0.0,0.04352537568042647
isotropic,32,167,spiked_known_floor,1.0,4.051274694213895e-31,1.2228548825853422e-15
isotropic,32,167,oracle,1.0,0.0,0.0
isotropic,32,168,projection,1.0,0.0,0.0
isotropic,32,168,empirical,1.2478122563527352,0.24781225635273532,0.8795106819947598
isotropic,32,168,oas,1.0,0.0,0.022541214882226383
isotropic,32,168,spiked_known_floor,1.0,4.0331895975844e-31,1.3764801555165288e-15
isotropic,32,168,oracle,1.0,0.0,0.0
isotropic,32,169,projection,1.0,0.0,0.0
isotropic,32,169,empirical,1.3139102282350734,0.3139102282350735,0.9876046610544248
isotropic,32,169,oas,1.003474215317011,0.0034742153170110083,0.13931264899703452
isotropic,32,169,spiked_known_floor,1.0,3.182958343494856e-31,1.2660382801585096e-15
isotropic,32,169,oracle,1.0,0.0,0.0
isotropic,32,170,projection,1.0,0.0,0.0
isotropic,32,170,empirical,1.2130683859659372,0.21306838596593708,0.8761500273797536
isotropic,32,170,oas,1.0,0.0,0.04915431484236965
isotropic,32,170,spiked_known_floor,1.0,2.713014396041184e-31,1.1944302832643336e-15
isotropic,32,170,oracle,1.0,0.0,0.0
isotropic,32,171,projection,1.0,0.0,0.0
isotropic,32,171,empirical,1.3116647912789743,0.3116647912789744,0.8878503598613231
isotropic,32,171,oas,1.0,0.0,0.00907950962532156
isotropic,32,171,spiked_known_floor,1.0,3.7740302196847714e-31,1.3495743051260444e-15
isotropic,32,171,oracle,1.0,0.0,0.0
isotropic,32,172,projection,1.0,0.0,0.0
isotropic,32,172,empirical,1.1789398489675993,0.17893984896759946,0.8742152212636114
isotropic,32,172,oas,1.0,0.0,0.010513746150246694
isotropic,32,172,spiked_known_floor,1.0,4.357048728950548e-31,1.2163041123209906e-15
isotropic,32,172,oracle,1.0,0.0,0.0
isotropic,32,173,projection,1.0,0.0,0.0
isotropic,32,173,empirical,1.220811996031675,0.22081199603167495,0.8756852190894271
isotropic,32,173,oas,1.0,0.0,0.004774152195129444
isotropic,32,173,spiked_known_floor,1.0,4.114375764581669e-31,1.5598501459453948e-15
isotropic,32,173,oracle,1.0,0.0,0.0
isotropic,32,174,projection,1.0,0.0,0.0
isotropic,32,174,empirical,1.2502829792586907,0.25028297925869075,0.987074840993502
isotropic,32,174,oas,1.0019399331202257,0.0019399331202258445,0.11091253781464828
isotropic,32,174,spiked_known_floor,1.0,4.171603892912004e-31,1.3859763600461032e-15
isotropic,32,174,oracle,1.0,0.0,0.0
isotropic,32,175,projection,1.0,0.0,0.0
isotropic,32,175,empirical,1.16798803857557,0.16798803857557007,0.8768013434830695
isotropic,32,175,oas,1.0001709312862075,0.00017093128620744789,0.03467697672624505
isotropic,32,175,spiked_known_floor,1.0,4.86971397876261e-31,1.3734062037582987e-15
isotropic,32,175,oracle,1.0,0.0,0.0
isotropic,32,176,projection,1.0,0.0,0.0
isotropic,32,176,empirical,1.2456840833790976,0.24568408337909775,0.8258956747587449
isotropic,32,176,oas,1.0,0.0,0.06330251878819648
isotropic,32,176,spiked_known_floor,1.0,3.3019326065818683e-31,1.2344355105419895e-15
isotropic,32,176,oracle,1.0,0.0,0.0
isotropic,32,177,projection,1.0,0.0,0.0
isotropic,32,177,empirical,1.2332505015418327,0.2332505015418326,0.9437869491390836
isotropic,32,177,oas,1.0,0.0,0.09150863038422676
isotropic,32,177,spiked_known_floor,1.0,4.982529245956734e-31,1.4413748670559838e-15
isotropic,32,177,oracle,1.0,0.0,0.0
isotropic,32,178,projection,1.0,0.0,0.0
isotropic,32,178,empirical,1.2093013966548698,0.20930139665486985,0.9163905424131046
isotropic,32,178,oas,1.0,0.0,0.05261942439497069
isotropic,32,178,spiked_known_floor,1.0,4.260337273359832e-31,1.3644306808113618e-15
isotropic,32,178,oracle,1.0,0.0,0.0
isotropic,32,179,projection,1.0,0.0,0.0
isotropic,32,179,empirical,1.2815253405604028,0.28152534056040285,0.8483507297227909
isotropic,32,179,oas,1.0002258766739063,0.00022587667390638864,0.0694952521391981
isotropic,32,179,spiked_known_floor,1.0,3.2449280624424867e-31,1.193878425099143e-15
isotropic,32,179,oracle,1.0,0.0,0.0
isotropic,32,180,projection,1.0,0.0,0.0
isotropic,32,180,empirical,1.2449591819453276,0.2449591819453277,0.8596035815123133
isotropic,32,180,oas,1.0000058335188775,5.833518877527833e-06,0.03147150020515886
isotropic,32,180,spiked_known_floor,1.0,4.74384114023702e-31,1.3869214205560369e-15
isotropic,32,180,oracle,1.0,0.0,0.0
isotropic,32,181,projection,1.0,0.0,0.0
isotropic,32,181,empirical,1.3458032875575225,0.3458032875575226,0.7765924640644372
isotropic,32,181,oas,1.0,0.0,0.11174504845749833
isotropic,32,181,spiked_known_floor,1.0,5.066201037266171e-31,1.4009987108391347e-15
isotropic,32,181,oracle,1.0,0.0,0.0
isotropic,32,182,projection,1.0,0.0,0.0
isotropic,32,182,empirical,1.2644886540873128,0.26448865408731265,0.8843394780889166
isotropic,32,182,oas,1.000007563988922,7.5639889219680365e-06,0.006161275797384892
isotropic,32,182,spiked_known_floor,1.0,4.191154668884881e-31,1.3147538542227502e-15
isotropic,32,182,oracle,1.0,0.0,0.0
isotropic,32,183,projection,1.0,0.0,0.0
isotropic,32,183,empirical,1.2254893345684421,0.22548933456844203,0.9001193977446316
isotropic,32,183,oas,1.0,0.0,0.04685232871667223
isotropic,32,183,spiked_known_floor,1.0,5.348925985518103e-31,1.4457354534620115e-15
isotropic,32,183,oracle,1.0,0.0,0.0
isotropic,32,184,projection,1.0,0.0,0.0
isotropic,32,184,empirical,1.2207811476903585,0.22078114769035848,0.8825635234165969
isotropic,32,184,oas,1.0,0.0,0.006077997035342398
isotropic,32,184,spiked_known_floor,1.0,4.975509426666965e-31,1.438642706110468e-15
isotropic,32,184,oracle,1.0,0.0,0.0
isotropic,32,185,projection,1.0,0.0,0.0
isotropic,32,185,empirical,1.2350933771270287,0.23509337712702866,0.9787244399580667
isotropic,32,185,oas,1.0008902537975615,0.0008902537975613885,0.09202010776896583
isotropic,32,185,spiked_known_floor,1.0003288505460968,0.0003288505460969018,0.03519412649217851
isotropic,32,185,oracle,1.0,0.0,0.0
isotropic,32,186,projection,1.0,0.0,0.0
isotropic,32,186,empirical,1.244335547037694,0.2443355470376941,0.8903521415646548
isotropic,32,186,oas,1.0,0.0,0.010218635499052777
isotropic,32,186,spiked_known_floor,1.0,4.175659961967854e-31,1.2840872029017146e-15
isotropic,32,186,oracle,1.0,0.0,0.0
isotropic,32,187,projection,1.0,0.0,0.0
isotropic,32,187,empirical,1.2545702239548255,0.25457022395482554,0.896516967944768
isotropic,32,187,oas,1.0012576939584372,0.0012576939584370654,0.07923242788007012
isotropic,32,187,spiked_known_floor,1.0,4.163994229370752e-31,1.265703686878767e-15
isotropic,32,187,oracle,1.0,0.0,0.0
isotropic,32,188,projection,1.0,0.0,0.0
isotropic,32,188,empirical,1.2388799587699564,0.23887995876995646,0.863116993488103
isotropic,32,188,oas,1.0,0.0,0.005207676486832958
isotropic,32,188,spiked_known_floor,1.0,4.336888871500627e-31,1.3982652204406157e-15
isotropic,32,188,oracle,1.0,0.0,0.0
isotropic,32,189,projection,1.0,0.0,0.0
isotropic,32,189,empirical,1.2886250876054097,0.28862508760540967,0.8536267749624252
isotropic,32,189,oas,1.0000194142195882,1.941421958825934e-05,0.041364407210331564
isotropic,32,189,spiked_known_floor,1.0,3.974682580969955e-31,1.3388203717728316e-15
isotropic,32,189,oracle,1.0,0.0,0.0
isotropic,32,190,projection,1.0,0.0,0.0
isotropic,32,190,empirical,1.2270746729043038,0.22707467290430397,0.920159448557088
isotropic,32,190,oas,1.0023350604699635,0.0023350604699634114,0.08824576315056719
isotropic,32,190,spiked_known_floor,1.0,5.061589484990266e-31,1.3840588024946928e-15
isotropic,32,190,oracle,1.0,0.0,0.0
isotropic,32,191,projection,1.0,0.0,0.0
isotropic,32,191,empirical,1.2296670625304524,0.2296670625304525,0.8404634085531083
isotropic,32,191,oas,1.00030783746355,0.0003078374635499846,0.07996766602555457
isotropic,32,191,spiked_known_floor,1.0,2.3404518863661774e-31,1.1537522923250398e-15
isotropic,32,191,oracle,1.0,0.0,0.0
isotropic,32,192,projection,1.0,0.0,0.0
isotropic,32,192,empirical,1.213287107374317,0.21328710737431705,0.8684601102027437
isotropic,32,192,oas,1.0,0.0,0.018296036082025017
isotropic,32,192,spiked_known_floor,1.0,4.43864728676933e-31,1.4134473577416139e-15
isotropic,32,192,oracle,1.0,0.0,0.0
isotropic,32,193,projection,1.0,0.0,0.0
isotropic,32,193,empirical,1.200196956272831,0.200196956272831,0.9808307171858326
isotropic,32,193,oas,1.0004299746271998,0.0004299746271999689,0.09147225076221333
isotropic,32,193,spiked_known_floor,1.0,4.218417936535664e-31,1.3240313991770278e-15
isotropic,32,193,oracle,1.0,0.0,0.0
isotropic,32,194,projection,1.0,0.0,0.0
isotropic,32,194,empirical,1.2985980214359156,0.2985980214359157,0.8417989242268462
isotropic,32,194,oas,1.0000000200531776,2.005317757155207e-08,0.04939915907735346
isotropic,32,194,spiked_known_floor,1.0,3.245624417551412e-31,1.1878725298182073e-15
isotropic,32,194,oracle,1.0,0.0,0.0
isotropic,32,195,projection,1.0,0.0,0.0
isotropic,32,195,empirical,1.267230412591157,0.26723041259115715,0.8887903721424393
isotropic,32,195,oas,1.0007344584393743,0.0007344584393743758,0.07002835909677278
isotropic,32,195,spiked_known_floor,1.0,3.4423140665636394e-31,1.3471022283710564e-15
isotropic,32,195,oracle,1.0,0.0,0.0
isotropic,32,196,projection,1.0,0.0,0.0
isotropic,32,196,empirical,1.301328262197674,0.30132826219767417,0.8836197329684998
isotropic,32,196,oas,1.0,0.0,0.029035351864186824
isotropic,32,196,spiked_known_floor,1.0,4.3467914449248315e-31,1.2777758437847937e-15
isotropic,32,196,oracle,1.0,0.0,0.0
isotropic,32,197,projection,1.0,0.0,0.0
isotropic,32,197,empirical,1.220621787130069,0.2206217871300691,1.0189054939291022
isotropic,32,197,oas,1.0001434983974555,0.0001434983974556728,0.1306827049732366
isotropic,32,197,spiked_known_floor,1.0028166254855877,0.002816625485587739,0.12751017579970408
isotropic,32,197,oracle,1.0,0.0,0.0
isotropic,32,198,projection,1.0,0.0,0.0
isotropic,32,198,empirical,1.1767105713239272,0.17671057132392715,0.8209540714653479
isotropic,32,198,oas,1.000034312061806,3.431206180614301e-05,0.08326200058026784
isotropic,32,198,spiked_known_floor,1.0,3.236110005377559e-31,1.2257803807875057e-15
isotropic,32,198,oracle,1.0,0.0,0.0
isotropic,32,199,projection,1.0,0.0,0.0
isotropic,32,199,empirical,1.2151440004796532,0.21514400047965307,0.9154615610754641
isotropic,32,199,oas,1.0,0.0,0.06752497006873638
isotropic,32,199,spiked_known_floor,1.0,4.344617272646127e-31,1.3726652908138121e-15
isotropic,32,199,oracle,1.0,0.0,0.0
isotropic,64,0,projection,1.0,0.0,0.0
isotropic,64,0,empirical,1.1367689565615344,0.13676895656153445,0.6613798122596539
isotropic,64,0,oas,1.0001416559960157,0.00014165599601574422,0.043999371717286975
isotropic,64,0,spiked_known_floor,1.0,7.4253742577299355e-31,1.6690260959991909e-15
isotropic,64,0,oracle,1.0,0.0,0.0
isotropic,64,1,projection,1.0,0.0,0.0
isotropic,64,1,empirical,1.1222343477665275,0.1222343477665274,0.6056592623889934
isotropic,64,1,oas,1.0000218942935377,2.189429353762505e-05,0.04186643487640021
isotropic,64,1,spiked_known_floor,1.0,4.256160856590328e-31,1.3113882629706004e-15
isotropic,64,1,oracle,1.0,0.0,0.0
isotropic,64,2,projection,1.0,0.0,0.0
isotropic,64,2,empirical,1.1350547983565713,0.13505479835657147,0.6323394059086482
isotropic,64,2,oas,1.0007508731727683,0.0007508731727682181,0.05795945370365824
isotropic,64,2,spiked_known_floor,1.0,4.5137385271626615e-31,1.603726588848401e-15
isotropic,64,2,oracle,1.0,0.0,0.0
isotropic,64,3,projection,1.0,0.0,0.0
isotropic,64,3,empirical,1.1150754740124211,0.1150754740124211,0.6993987232438877
isotropic,64,3,oas,1.0018410359247758,0.0018410359247759604,0.1008122060385897
isotropic,64,3,spiked_known_floor,1.0008392226188363,0.0008392226188363501,0.06540688635177876
isotropic,64,3,oracle,1.0,0.0,0.0
isotropic,64,4,projection,1.0,0.0,0.0
isotropic,64,4,empirical,1.1183769275972917,0.11837692759729165,0.5960116064422791
isotropic,64,4,oas,1.0,0.0,0.04363578378027178
isotropic,64,4,spiked_known_floor,1.0,5.577423099247645e-31,1.405422815903166e-15
isotropic,64,4,oracle,1.0,0.0,0.0
isotropic,64,5,projection,1.0,0.0,0.0
isotropic,64,5,empirical,1.0952359870594908,0.09523598705949071,0.579996862651601
isotropic,64,5,oas,1.0,0.0,0.07761141002411222
isotropic,64,5,spiked_known_floor,1.0,4.890322610982281e-31,1.4073955717460223e-15
isotropic,64,5,oracle,1.0,0.0,0.0
isotropic,64,6,projection,1.0,0.0,0.0
isotropic,64,6,empirical,1.1079095697384689,0.10790956973846885,0.6421519818432675
isotropic,64,6,oas,1.0003346490127585,0.00033464901275845896,0.041163448233912894
isotropic,64,6,spiked_known_floor,1.0,2.549183180455599e-31,1.294493834754001e-15
isotropic,64,6,oracle,1.0,0.0,0.0
isotropic,64,7,projection,1.0,0.0,0.0
isotropic,64,7,empirical,1.1076236820133298,0.10762368201332989,0.6086235316669742
isotropic,64,7,oas,1.0,0.0,0.00863755915261255
isotropic,64,7,spiked_known_floor,1.0,3.859486403422165e-31,1.2957078475524881e-15
isotropic,64,7,oracle,1.0,0.0,0.0
isotropic,64,8,projection,1.0,0.0,0.0
isotropic,64,8,empirical,1.0736560122856125,0.07365601228561236,0.5750157270159861
isotropic,64,8,oas,1.0,0.0,0.016870760636975013
isotropic,64,8,spiked_known_floor,1.0,4.226109815726213e-31,1.3972764090217326e-15
isotropic,64,8,oracle,1.0,0.0,0.0
isotropic,64,9,projection,1.0,0.0,0.0
isotropic,64,9,empirical,1.1124483442034407,0.1124483442034409,0.6225871800849953
isotropic,64,9,oas,1.0000709059309791,7.090593097910674e-05,0.02386260899484741
isotropic,64,9,spiked_known_floor,1.0,3.4262334843059202e-31,1.0983574710354762e-15
isotropic,64,9,oracle,1.0,0.0,0.0
isotropic,64,10,projection,1.0,0.0,0.0
isotropic,64,10,empirical,1.0871485600768567,0.08714856007685672,0.6506234936666168
isotropic,64,10,oas,1.0,0.0,0.09385711004058207
isotropic,64,10,spiked_known_floor,1.0,4.958628953401752e-31,1.405939458009908e-15
isotropic,64,10,oracle,1.0,0.0,0.0
isotropic,64,11,projection,1.0,0.0,0.0
isotropic,64,11,empirical,1.1082208408302168,0.10822084083021687,0.6185013054391204
isotropic,64,11,oas,1.0000630067284721,6.30067284721261e-05,0.02812712454638422
isotropic,64,11,spiked_known_floor,1.0,4.023192707395557e-31,1.298989120636986e-15
isotropic,64,11,oracle,1.0,0.0,0.0
isotropic,64,12,projection,1.0,0.0,0.0
isotropic,64,12,empirical,1.1002939058048564,0.10029390580485645,0.6782392087147421
isotropic,64,12,oas,1.0000022659321337,2.2659321336205594e-06,0.0757310342844988
isotropic,64,12,spiked_known_floor,1.0029155598301314,0.0029155598301314908,0.13816737498582374
isotropic,64,12,oracle,1.0,0.0,0.0
isotropic,64,13,projection,1.0,0.0,0.0
isotropic,64,13,empirical,1.0876456958962937,0.08764569589629365,0.6124510985339433
isotropic,64,13,oas,1.0,0.0,0.027728816529401405
isotropic,64,13,spiked_known_floor,1.0,4.844185890391143e-31,1.3727666350512622e-15
isotropic,64,13,oracle,1.0,0.0,0.0
isotropic,64,14,projection,1.0,0.0,0.0
isotropic,64,14,empirical,1.101723188181545,0.10172318818154495,0.6265493378381343
isotropic,64,14,oas,1.0,0.0,0.022964949298307728
isotropic,64,14,spiked_known_floor,1.0,4.0604291065615855e-31,1.3594884527930167e-15
isotropic,64,14,oracle,1.0,0.0,0.0
isotropic,64,15,projection,1.0,0.0,0.0
isotropic,64,15,empirical,1.1143868776771302,0.11438687767713018,0.6039598867588488
isotropic,64,15,oas,1.0,0.0,0.03424691513452782
isotropic,64,15,spiked_known_floor,1.0,3.5878419531639852e-31,1.2502066634667674e-15
isotropic,64,15,oracle,1.0,0.0,0.0
isotropic,64,16,projection,1.0,0.0,0.0
isotropic,64,16,empirical,1.1114517250798313,0.11145172507983131,0.6172723389237239
isotropic,64,16,oas,1.0,0.0,0.042755183344991954
isotropic,64,16,spiked_known_floor,1.0,4.488144128973688e-31,1.4795204243584914e-15
isotropic,64,16,oracle,1.0,0.0,0.0
isotropic,64,17,projection,1.0,0.0,0.0
isotropic,64,17,empirical,1.1267406527117054,0.12674065271170545,0.6565529197048113
isotropic,64,17,oas,1.0002448880310433,0.0002448880310431326,0.040061250150956164
isotropic,64,17,spiked_known_floor,1.0,5.647164173211604e-31,1.4167047774207467e-15
isotropic,64,17,oracle,1.0,0.0,0.0
isotropic,64,18,projection,1.0,0.0,0.0
isotropic,64,18,empirical,1.0979075409705406,0.09790754097054057,0.668403790122724
isotropic,64,18,oas,1.0000017566457182,1.7566457181900914e-06,0.06258536201190576
isotropic,64,18,spiked_known_floor,1.0,4.375449226150273e-31,1.3372354258932669e-15
isotropic,64,18,oracle,1.0,0.0,0.0
isotropic,64,19,projection,1.0,0.0,0.0
isotropic,64,19,empirical,1.1176887735418215,0.11768877354182165,0.6336351553059679
isotropic,64,19,oas,1.0,0.0,0.03845978772609993
isotropic,64,19,spiked_known_floor,1.0004323876005665,0.00043238760056648115,0.05063172138484892
isotropic,64,19,oracle,1.0,0.0,0.0
isotropic,64,20,projection,1.0,0.0,0.0
isotropic,64,20,empirical,1.1196493493267357,0.11964934932673565,0.6592992124116974
isotropic,64,20,oas,1.0001348972396962,0.00013489723969616052,0.04144666236248137
isotropic,64,20,spiked_known_floor,1.0,3.898613664796208e-31,1.3058759571982285e-15
isotropic,64,20,oracle,1.0,0.0,0.0
isotropic,64,21,projection,1.0,0.0,0.0
isotropic,64,21,empirical,1.0981757352865644,0.09817573528656426,0.6053204954187887
isotropic,64,21,oas,1.0,0.0,0.0065824277796977535
isotropic,64,21,spiked_known_floor,1.0,3.7120712602148723e-31,1.3391055678741833e-15
isotropic,64,21,oracle,1.0,0.0,0.0
isotropic,64,22,projection,1.0,0.0,0.0
isotropic,64,22,empirical,1.106370776709212,0.10637077670921205,0.61589197058267
isotropic,64,22,oas,1.0002961734138576,0.0002961734138576067,0.05517400300224783
isotropic,64,22,spiked_known_floor,1.0,2.9494061350030717e-31,1.2734410230765024e-15
isotropic,64,22,oracle,1.0,0.0,0.0
isotropic,64,23,projection,1.0,0.0,0.0
isotropic,64,23,empirical,1.0932624536414532,0.09326245364145315,0.6659446322347958
isotropic,64,23,oas,1.0000002037081253,2.0370812531060094e-07,0.06033531306050485
isotropic,64,23,spiked_known_floor,1.0,3.671839631303663e-31,1.3615470411785004e-15
isotropic,64,23,oracle,1.0,0.0,0.0
isotropic,64,24,projection,1.0,0.0,0.0
isotropic,64,24,empirical,1.0960842397668742,0.0960842397668742,0.6849413669659684
isotropic,64,24,oas,1.001005982293315,0.001005982293314985,0.08019253741743847
isotropic,64,24,spiked_known_floor,1.0,4.256096341101491e-31,1.3082945520838912e-15
isotropic,64,24,oracle,1.0,0.0,0.0
isotropic,64,25,projection,1.0,0.0,0.0
isotropic,64,25,empirical,1.0853294799183315,0.08532947991833156,0.6422888474842655
isotropic,64,25,oas,1.0,0.0,0.030702588361832598
isotropic,64,25,spiked_known_floor,1.0002076252370706,0.00020762523707058394,0.027163967099423248
isotropic,64,25,oracle,1.0,0.0,0.0
isotropic,64,26,projection,1.0,0.0,0.0
isotropic,64,26,empirical,1.1169705941576993,0.11697059415769918,0.6450250276163394
isotropic,64,26,oas,1.000271044081363,0.00027104408136291165,0.03536568547396283
isotropic,64,26,spiked_known_floor,1.0,2.8426886933280347e-31,1.279769728131656e-15
isotropic,64,26,oracle,1.0,0.0,0.0
isotropic,64,27,projection,1.0,0.0,0.0
isotropic,64,27,empirical,1.1125238958932067,0.11252389589320666,0.6388496301983969
isotropic,64,27,oas,1.0000646542253373,6.465422533719506e-05,0.017898492491843304
isotropic,64,27,spiked_known_floor,1.0,5.397518727150808e-31,1.4882653978623663e-15
isotropic,64,27,oracle,1.0,0.0,0.0
isotropic,64,28,projection,1.0,0.0,0.0
isotropic,64,28,empirical,1.0955182606608245,0.09551826066082458,0.6156516624419116
isotropic,64,28,oas,1.0000128895905713,1.288959057145708e-05,0.022380670862517063
isotropic,64,28,spiked_known_floor,1.0,2.035659586198578e-31,1.1506277198977149e-15
isotropic,64,28,oracle,1.0,0.0,0.0
isotropic,64,29,projection,1.0,0.0,0.0
isotropic,64,29,empirical,1.1221596667972134,0.1221596667972134,0.6772104434985163
isotropic,64,29,oas,1.000337666963726,0.00033766696372602967,0.06226296594563083
isotropic,64,29,spiked_known_floor,1.0005696416934253,0.0005696416934253531,0.04581121921056289
isotropic,64,29,oracle,1.0,0.0,0.0
isotropic,64,30,projection,1.0,0.0,0.0
isotropic,64,30,empirical,1.1203212935064544,0.12032129350645421,0.6475441120021687
isotropic,64,30,oas,1.0000772913998608,7.729139986093661e-05,0.02751139743063588
isotropic,64,30,spiked_known_floor,1.0,6.529654072832234e-31,1.41126508334782e-15
isotropic,64,30,oracle,1.0,0.0,0.0
isotropic,64,31,projection,1.0,0.0,0.0
isotropic,64,31,empirical,1.0973039651486869,0.09730396514868675,0.619279418549438
isotropic,64,31,oas,1.0,0.0,0.02368122283592422
isotropic,64,31,spiked_known_floor,1.0,4.983325991887182e-31,1.4181491566637557e-15
isotropic,64,31,oracle,1.0,0.0,0.0
isotropic,64,32,projection,1.0,0.0,0.0
isotropic,64,32,empirical,1.125957244025739,0.12595724402573905,0.6596221903388101
isotropic,64,32,oas,1.0,0.0,0.0563346143894672
isotropic,64,32,spiked_known_floor,1.0,3.4116523373607063e-31,1.2873637137340062e-15
isotropic,64,32,oracle,1.0,0.0,0.0
isotropic,64,33,projection,1.0,0.0,0.0
isotropic,64,33,empirical,1.112779448509231,0.1127794485092311,0.6391807603193379
isotropic,64,33,oas,1.000234920703705,0.00023492070370478765,0.03653955896732047
isotropic,64,33,spiked_known_floor,1.0,3.448436357497029e-31,1.2887042180310157e-15
isotropic,64,33,oracle,1.0,0.0,0.0
isotropic,64,34,projection,1.0,0.0,0.0
isotropic,64,34,empirical,1.087914325117194,0.08791432511719402,0.6274342325828568
isotropic,64,34,oas,1.000094889446983,9.48894469829628e-05,0.02224573026155258
isotropic,64,34,spiked_known_floor,1.0,4.723671685480395e-31,1.334084174542481e-15
isotropic,64,34,oracle,1.0,0.0,0.0
isotropic,64,35,projection,1.0,0.0,0.0
isotropic,64,35,empirical,1.110902145552142,0.110902145552142,0.6044396140628759
isotropic,64,35,oas,1.0001682526825346,0.00016825268253463016,0.06120642507407651
isotropic,64,35,spiked_known_floor,1.0,5.36740482788518e-31,1.5453198584700244e-15
isotropic,64,35,oracle,1.0,0.0,0.0
isotropic,64,36,projection,1.0,0.0,0.0
isotropic,64,36,empirical,1.1214026713851775,0.1214026713851773,0.6317645876603881
isotropic,64,36,oas,1.000006683389639,6.683389639011205e-06,0.008352823781184356
isotropic,64,36,spiked_known_floor,1.0,2.976568519270066e-31,1.4161445721618622e-15
isotropic,64,36,oracle,1.0,0.0,0.0
isotropic,64,37,projection,1.0,0.0,0.0
isotropic,64,37,empirical,1.1074072984239456,0.10740729842394556,0.6648402040553323
isotropic,64,37,oas,1.0000211062378375,2.1106237837639134e-05,0.053027201855236544
isotropic,64,37,spiked_known_floor,1.0,6.494932263074077e-31,1.6149397075758038e-15
isotropic,64,37,oracle,1.0,0.0,0.0
isotropic,64,38,projection,1.0,0.0,0.0
isotropic,64,38,empirical,1.1300333151711388,0.1300333151711388,0.6472470981353714
isotropic,64,38,oas,1.0008750128242363,0.0008750128242363758,0.056423463760012074
isotropic,64,38,spiked_known_floor,1.0,3.8134427353615914e-31,1.3292171595294067e-15
isotropic,64,38,oracle,1.0,0.0,0.0
isotropic,64,39,projection,1.0,0.0,0.0
isotropic,64,39,empirical,1.1053131207714921,0.10531312077149216,0.5750182271226486
isotropic,64,39,oas,1.0,0.0,0.030609375421720823
isotropic,64,39,spiked_known_floor,1.0,5.559462638631315e-31,1.56703460796067e-15
isotropic,64,39,oracle,1.0,0.0,0.0
isotropic,64,40,projection,1.0,0.0,0.0
isotropic,64,40,empirical,1.131655980654808,0.131655980654808,0.6154286298382807
isotropic,64,40,oas,1.0,0.0,0.0140825219659565
isotropic,64,40,spiked_known_floor,1.0,3.984856758311624e-31,1.238932991258116e-15
isotropic,64,40,oracle,1.0,0.0,0.0
isotropic,64,41,projection,1.0,0.0,0.0
isotropic,64,41,empirical,1.089076610345051,0.08907661034505117,0.522547813364242
isotropic,64,41,oas,1.0,0.0,0.10038415941760859
isotropic,64,41,spiked_known_floor,1.0,3.8218175291772324e-31,1.3148460363781857e-15
isotropic,64,41,oracle,1.0,0.0,0.0
isotropic,64,42,projection,1.0,0.0,0.0
isotropic,64,42,empirical,1.1184938949274845,0.11849389492748442,0.6646456933581812
isotropic,64,42,oas,1.0004564467420634,0.0004564467420633927,0.05005595392361608
isotropic,64,42,spiked_known_floor,1.0004823465055306,0.000482346505530467,0.045394157676938635
isotropic,64,42,oracle,1.0,0.0,0.0
isotropic,64,43,projection,1.0,0.0,0.0
isotropic,64,43,empirical,1.0967852944998229,0.09678529449982275,0.6740351035697415
isotropic,64,43,oas,1.0001399783234357,0.00013997832343562932,0.05964275156195187
isotropic,64,43,spiked_known_floor,1.0,4.081153918837109e-31,1.4447487137607211e-15
isotropic,64,43,oracle,1.0,0.0,0.0
isotropic,64,44,projection,1.0,0.0,0.0
isotropic,64,44,empirical,1.1078300837399182,0.10783008373991812,0.651426860209098
isotropic,64,44,oas,1.0,0.0,0.056358226822682995
isotropic,64,44,spiked_known_floor,1.0,3.174658847609861e-31,1.303465004321712e-15
isotropic,64,44,oracle,1.0,0.0,0.0
isotropic,64,45,projection,1.0,0.0,0.0
isotropic,64,45,empirical,1.1229968369643575,0.12299683696435743,0.594236491865248
isotropic,64,45,oas,1.0,0.0,0.02227129475580814
isotropic,64,45,spiked_known_floor,1.0,5.0379533210590845e-31,1.5648030933711838e-15
isotropic,64,45,oracle,1.0,0.0,0.0
isotropic,64,46,projection,1.0,0.0,0.0
isotropic,64,46,empirical,1.0874630849439268,0.0874630849439269,0.5812286521524731
isotropic,64,46,oas,1.0,0.0,0.008359267600790756
isotropic,64,46,spiked_known_floor,1.0,3.8720008092918843e-31,1.3053982368004454e-15
isotropic,64,46,oracle,1.0,0.0,0.0
isotropic,64,47,projection,1.0,0.0,0.0
isotropic,64,47,empirical,1.1188722336430483,0.11887223364304826,0.6285523565153326
isotropic,64,47,oas,1.0,0.0,0.025626775054533812
isotropic,64,47,spiked_known_floor,1.0,4.073439593424679e-31,1.2811560739485636e-15
isotropic,64,47,oracle,1.0,0.0,0.0
isotropic,64,48,projection,1.0,0.0,0.0
isotropic,64,48,empirical,1.0907933988533072,0.0907933988533072,0.6011317460909213
isotropic,64,48,oas,1.0,0.0,0.0016041596862829133
isotropic,64,48,spiked_known_floor,1.0,4.07597162959831e-31,1.2285384792651598e-15
isotropic,64,48,oracle,1.0,0.0,0.0
isotropic,64,49,projection,1.0,0.0,0.0
isotropic,64,49,empirical,1.0801528034189174,0.08015280341891738,0.5868143872281841
isotropic,64,49,oas,1.0,0.0,0.016385616160698335
isotropic,64,49,spiked_known_floor,1.0,3.4383985047160777e-31,1.3531096634330969e-15
isotropic,64,49,oracle,1.0,0.0,0.0
isotropic,64,50,projection,1.0,0.0,0.0
isotropic,64,50,empirical,1.1004581860876717,0.10045818608767165,0.6471766817727574
isotropic,64,50,oas,1.0001392597511667,0.00013925975116682468,0.028734280636726683
isotropic,64,50,spiked_known_floor,1.0,5.053437509328516e-31,1.410493291439031e-15
isotropic,64,50,oracle,1.0,0.0,0.0
isotropic,64,51,projection,1.0,0.0,0.0
isotropic,64,51,empirical,1.0849492749295158,0.08494927492951578,0.6254277046205002
isotropic,64,51,oas,1.0,0.0,0.0021886625677309817
isotropic,64,51,spiked_known_floor,1.0004551757854936,0.0004551757854935575,0.041624596480058056
isotropic,64,51,oracle,1.0,0.0,0.0
isotropic,64,52,projection,1.0,0.0,0.0
isotropic,64,52,empirical,1.0994377145943766,0.09943771459437656,0.6520241792913226
isotropic,64,52,oas,1.0000027649396326,2.7649396325758725e-06,0.038437264081235836
isotropic,64,52,spiked_known_floor,1.0,3.2708507054517228e-31,1.233432524290022e-15
isotropic,64,52,oracle,1.0,0.0,0.0
isotropic,64,53,projection,1.0,0.0,0.0
isotropic,64,53,empirical,1.1318173344921274,0.13181733449212757,0.6513999419352123
isotropic,64,53,oas,1.0005782117176463,0.0005782117176464086,0.046601605885384895
isotropic,64,53,spiked_known_floor,1.0009063198540031,0.0009063198540030954,0.06872056795653049
isotropic,64,53,oracle,1.0,0.0,0.0
isotropic,64,54,projection,1.0,0.0,0.0
isotropic,64,54,empirical,1.119095128763777,0.11909512876377695,0.6376667008172378
isotropic,64,54,oas,1.0000187555220525,1.875552205266963e-05,0.015586493268848482
isotropic,64,54,spiked_known_floor,1.0,4.923695037115971e-31,1.4260635403235546e-15
isotropic,64,54,oracle,1.0,0.0,0.0
isotropic,64,55,projection,1.0,0.0,0.0
isotropic,64,55,empirical,1.087811321393966,0.08781132139396601,0.6326372775360003
isotropic,64,55,oas,1.0,0.0,0.013834652562747076
isotropic,64,55,spiked_known_floor,1.0,5.494785009607091e-31,1.5062074635123507e-15
isotropic,64,55,oracle,1.0,0.0,0.0
isotropic,64,56,projection,1.0,0.0,0.0
isotropic,64,56,empirical,1.1114053085591484,0.1114053085591484,0.6431684855633522
isotropic,64,56,oas,1.0,0.0,0.03460443902444443
isotropic,64,56,spiked_known_floor,1.0,4.696685744550804e-31,1.3511957276497062e-15
isotropic,64,56,oracle,1.0,0.0,0.0
isotropic,64,57,projection,1.0,0.0,0.0
isotropic,64,57,empirical,1.0864717463864164,0.08647174638641658,0.601717054058187
isotropic,64,57,oas,1.0,0.0,0.0036203870602150583
isotropic,64,57,spiked_known_floor,1.0,7.88615205206209e-31,1.6343154785946164e-15
isotropic,64,57,oracle,1.0,0.0,0.0
isotropic,64,58,projection,1.0,0.0,0.0
isotropic,64,58,empirical,1.067406363945981,0.06740636394598107,0.5472444815420612
isotropic,64,58,oas,1.0,0.0,0.02963730805172149
isotropic,64,58,spiked_known_floor,1.0,4.494036985586181e-31,1.5236525600743986e-15
isotropic,64,58,oracle,1.0,0.0,0.0
isotropic,64,59,projection,1.0,0.0,0.0
isotropic,64,59,empirical,1.0980027848048903,0.0980027848048903,0.5849725686402304
isotropic,64,59,oas,1.0,0.0,0.009859119715551758
isotropic,64,59,spiked_known_floor,1.0,3.11095561341452e-31,1.1734966424859049e-15
isotropic,64,59,oracle,1.0,0.0,0.0
isotropic,64,60,projection,1.0,0.0,0.0
isotropic,64,60,empirical,1.1107831333629146,0.11078313336291472,0.6370509382065802
isotropic,64,60,oas,1.0,0.0,0.04823589045010857
isotropic,64,60,spiked_known_floor,1.0,4.168370136801249e-31,1.3703294135527312e-15
isotropic,64,60,oracle,1.0,0.0,0.0
isotropic,64,61,projection,1.0,0.0,0.0
isotropic,64,61,empirical,1.0943527044933405,0.09435270449334053,0.6524116376077695
isotropic,64,61,oas,1.0001312554807815,0.0001312554807814303,0.03351580550976114
isotropic,64,61,spiked_known_floor,1.0,5.265793870865595e-31,1.3435591087069752e-15
isotropic,64,61,oracle,1.0,0.0,0.0
isotropic,64,62,projection,1.0,0.0,0.0
isotropic,64,62,empirical,1.0818001365091285,0.08180013650912864,0.5830003065930595
isotropic,64,62,oas,1.0,0.0,0.03653637320719516
isotropic,64,62,spiked_known_floor,1.0,3.7920066629223877e-31,1.3146660541191443e-15
isotropic,64,62,oracle,1.0,0.0,0.0
isotropic,64,63,projection,1.0,0.0,0.0
isotropic,64,63,empirical,1.0913462797573257,0.09134627975732565,0.6406983374989806
isotropic,64,63,oas,1.0,0.0,0.025357436957687884
isotropic,64,63,spiked_known_floor,1.0,4.466993545115002e-31,1.3807631904863527e-15
isotropic,64,63,oracle,1.0,0.0,0.0
isotropic,64,64,projection,1.0,0.0,0.0
isotropic,64,64,empirical,1.0988772113734802,0.09887721137348013,0.5894023535823525
isotropic,64,64,oas,1.0,0.0,0.030090954662838072
isotropic,64,64,spiked_known_floor,1.0,4.119381459632193e-31,1.2368076331335988e-15
isotropic,64,64,oracle,1.0,0.0,0.0
isotropic,64,65,projection,1.0,0.0,0.0
isotropic,64,65,empirical,1.1005980456493738,0.10059804564937389,0.6602737633012962
isotropic,64,65,oas,1.0012362004111857,0.0012362004111855743,0.07379062421898423
isotropic,64,65,spiked_known_floor,1.0019645865890872,0.001964586589087224,0.0925581804834675
isotropic,64,65,oracle,1.0,0.0,0.0
isotropic,64,66,projection,1.0,0.0,0.0
isotropic,64,66,empirical,1.094198955243191,0.09419895524319102,0.6050298529336385
isotropic,64,66,oas,1.0,0.0,0.018848113848008222
isotropic,64,66,spiked_known_floor,1.0,4.0357174074288855e-31,1.290628914325158e-15
isotropic,64,66,oracle,1.0,0.0,0.0
isotropic,64,67,projection,1.0,0.0,0.0
isotropic,64,67,empirical,1.118628802756207,0.11862880275620714,0.6084374520281358
isotropic,64,67,oas,1.0,0.0,0.02259887535871497
isotropic,64,67,spiked_known_floor,1.0,4.936915670849419e-31,1.4244678227564128e-15
isotropic,64,67,oracle,1.0,0.0,0.0
isotropic,64,68,projection,1.0,0.0,0.0
isotropic,64,68,empirical,1.1297612653079583,0.1297612653079584,0.6371440698536932
isotropic,64,68,oas,1.0,0.0,0.04406287047400026
isotropic,64,68,spiked_known_floor,1.0,3.43070635739616e-31,1.221301583040852e-15
isotropic,64,68,oracle,1.0,0.0,0.0
isotropic,64,69,projection,1.0,0.0,0.0
isotropic,64,69,empirical,1.1275089082622858,0.12750890826228578,0.673714863049067
isotropic,64,69,oas,1.0030511184730235,0.0030511184730235025,0.1080189333286302
isotropic,64,69,spiked_known_floor,1.0018753265624518,0.0018753265624517326,0.09056546010826579
isotropic,64,69,oracle,1.0,0.0,0.0
isotropic,64,70,projection,1.0,0.0,0.0
isotropic,64,70,empirical,1.1118199257212715,0.11181992572127143,0.5873115203204339
isotropic,64,70,oas,1.0,0.0,0.02252586352391306
isotropic,64,70,spiked_known_floor,1.0,4.288507004641764e-31,1.2421913982345732e-15
isotropic,64,70,oracle,1.0,0.0,0.0
isotropic,64,71,projection,1.0,0.0,0.0
isotropic,64,71,empirical,1.107915517943862,0.107915517943862,0.6618906305147322
isotropic,64,71,oas,1.0,0.0,0.05697628255496223
isotropic,64,71,spiked_known_floor,1.0,5.675309400531722e-31,1.4644253225359268e-15
isotropic,64,71,oracle,1.0,0.0,0.0
isotropic,64,72,projection,1.0,0.0,0.0
isotropic,64,72,empirical,1.093862543663678,0.093862543663678,0.5455832856826166
isotropic,64,72,oas,1.0,0.0,0.09009238676538478
isotropic,64,72,spiked_known_floor,1.0,4.151767946229454e-31,1.2589360781641365e-15
isotropic,64,72,oracle,1.0,0.0,0.0
isotropic,64,73,projection,1.0,0.0,0.0
isotropic,64,73,empirical,1.0808122237630249,0.08081222376302491,0.5561903037677991
isotropic,64,73,oas,1.0,0.0,0.054387173326875156
isotropic,64,73,spiked_known_floor,1.0,3.958697402941474e-31,1.2736747866732126e-15
isotropic,64,73,oracle,1.0,0.0,0.0
isotropic,64,74,projection,1.0,0.0,0.0
isotropic,64,74,empirical,1.0878937249421288,0.08789372494212877,0.6243512375765047
isotropic,64,74,oas,1.0,0.0,0.005692180155133508
isotropic,64,74,spiked_known_floor,1.0,3.810819037612664e-31,1.391312608999787e-15
isotropic,64,74,oracle,1.0,0.0,0.0
isotropic,64,75,projection,1.0,0.0,0.0
isotropic,64,75,empirical,1.1193889745274421,0.1193889745274421,0.6650379666152886
isotropic,64,75,oas,1.0007826137438756,0.0007826137438756501,0.05860963466511604
isotropic,64,75,spiked_known_floor,1.0,5.428155544505059e-31,1.3881348907814717e-15
isotropic,64,75,oracle,1.0,0.0,0.0
isotropic,64,76,projection,1.0,0.0,0.0
isotropic,64,76,empirical,1.0943843903527046,0.09438439035270456,0.5607932597662173
isotropic,64,76,oas,1.0,0.0,0.051154985723991686
isotropic,64,76,spiked_known_floor,1.0,3.089159616412452e-31,1.2292484172252404e-15
isotropic,64,76,oracle,1.0,0.0,0.0
isotropic,64,77,projection,1.0,0.0,0.0
isotropic,64,77,empirical,1.103082255830551,0.10308225583055121,0.6460926184889784
isotropic,64,77,oas,1.0000161773187703,1.6177318770208917e-05,0.027468656881173274
isotropic,64,77,spiked_known_floor,1.0,4.549334197280699e-31,1.4086349146953041e-15
isotropic,64,77,oracle,1.0,0.0,0.0
isotropic,64,78,projection,1.0,0.0,0.0
isotropic,64,78,empirical,1.1245264682595508,0.12452646825955088,0.5635911839779384
isotropic,64,78,oas,1.0,0.0,0.06303857656277957
isotropic,64,78,spiked_known_floor,1.0,5.736560803075403e-31,1.545463157348179e-15
isotropic,64,78,oracle,1.0,0.0,0.0
isotropic,64,79,projection,1.0,0.0,0.0
isotropic,64,79,empirical,1.1300194047133525,0.1300194047133526,0.5850193326519025
isotropic,64,79,oas,1.0,0.0,0.025044195693939567
isotropic,64,79,spiked_known_floor,1.0,5.9395103944888435e-31,1.631520645431186e-15
isotropic,64,79,oracle,1.0,0.0,0.0
isotropic,64,80,projection,1.0,0.0,0.0
isotropic,64,80,empirical,1.1166265150111583,0.11662651501115816,0.5935211206117789
isotropic,64,80,oas,1.0,0.0,0.0502753201069539
isotropic,64,80,spiked_known_floor,1.0,3.950660537171495e-31,1.3878497469904634e-15
isotropic,64,80,oracle,1.0,0.0,0.0
isotropic,64,81,projection,1.0,0.0,0.0
isotropic,64,81,empirical,1.1106425688549033,0.1106425688549033,0.6354907530008805
isotropic,64,81,oas,1.0,0.0,0.022431677417303456
isotropic,64,81,spiked_known_floor,1.0,7.344642613915937e-31,1.8100036773629626e-15
isotropic,64,81,oracle,1.0,0.0,0.0
isotropic,64,82,projection,1.0,0.0,0.0
isotropic,64,82,empirical,1.0926403844892825,0.09264038448928243,0.5930687915824334
isotropic,64,82,oas,1.0,0.0,0.003102840940107932
isotropic,64,82,spiked_known_floor,1.0,7.311094520314708e-31,1.5538009981384925e-15
isotropic,64,82,oracle,1.0,0.0,0.0
isotropic,64,83,projection,1.0,0.0,0.0
isotropic,64,83,empirical,1.097925124838692,0.09792512483869215,0.5943800920824688
isotropic,64,83,oas,1.0,0.0,0.010282118033639875
isotropic,64,83,spiked_known_floor,1.0,4.384510633168523e-31,1.4058535045737663e-15
isotropic,64,83,oracle,1.0,0.0,0.0
isotropic,64,84,projection,1.0,0.0,0.0
isotropic,64,84,empirical,1.0975604423074325,0.0975604423074326,0.6361159033613017
isotropic,64,84,oas,1.0,0.0,0.028613613844246544
isotropic,64,84,spiked_known_floor,1.0,4.2739596389368e-31,1.2863320629286208e-15
isotropic,64,84,oracle,1.0,0.0,0.0
isotropic,64,85,projection,1.0,0.0,0.0
isotropic,64,85,empirical,1.1196054266795181,0.11960542667951805,0.6334935836816867
isotropic,64,85,oas,1.0,0.0,0.029701806088339614
isotropic,64,85,spiked_known_floor,1.0,4.073179954486081e-31,1.3697420469819382e-15
isotropic,64,85,oracle,1.0,0.0,0.0
isotropic,64,86,projection,1.0,0.0,0.0
isotropic,64,86,empirical,1.0859137324483048,0.08591373244830476,0.6160510973036045
isotropic,64,86,oas,1.0,0.0,0.03233784787782246
isotropic,64,86,spiked_known_floor,1.0,3.7735938020476217e-31,1.2893587754077442e-15
isotropic,64,86,oracle,1.0,0.0,0.0
isotropic,64,87,projection,1.0,0.0,0.0
isotropic,64,87,empirical,1.113388546030198,0.11338854603019792,0.6434554470547346
isotropic,64,87,oas,1.0005839412649908,0.0005839412649907782,0.05536110949768257
isotropic,64,87,spiked_known_floor,1.0,4.38187271998209e-31,1.46748849633906e-15
isotropic,64,87,oracle,1.0,0.0,0.0
isotropic,64,88,projection,1.0,0.0,0.0
isotropic,64,88,empirical,1.1006989132307516,0.10069891323075165,0.6116422829458817
isotropic,64,88,oas,1.0,0.0,0.012505612148185019
isotropic,64,88,spiked_known_floor,1.0,3.7259428717702886e-31,1.3191749035413487e-15
isotropic,64,88,oracle,1.0,0.0,0.0
isotropic,64,89,projection,1.0,0.0,0.0
isotropic,64,89,empirical,1.1005708686917421,0.10057086869174209,0.6700557432403207
isotropic,64,89,oas,1.0012039600612928,0.0012039600612927341,0.07323200606654799
isotropic,64,89,spiked_known_floor,1.0,3.6209307471674436e-31,1.2778466291756947e-15
isotropic,64,89,oracle,1.0,0.0,0.0
isotropic,64,90,projection,1.0,0.0,0.0
isotropic,64,90,empirical,1.0942757195539348,0.09427571955393464,0.5912880935353668
isotropic,64,90,oas,1.0,0.0,0.02617472017628142
isotropic,64,90,spiked_known_floor,1.0,5.423233345653077e-31,1.6124033295809471e-15
isotropic,64,90,oracle,1.0,0.0,0.0
isotropic,64,91,projection,1.0,0.0,0.0
isotropic,64,91,empirical,1.1336495449810284,0.13364954498102843,0.5852476186746557
isotropic,64,91,oas,1.0,0.0,0.030270936024175858
isotropic,64,91,spiked_known_floor,1.0,5.3614711662521226e-31,1.5849468526021338e-15
isotropic,64,91,oracle,1.0,0.0,0.0
isotropic,64,92,projection,1.0,0.0,0.0
isotropic,64,92,empirical,1.083548008387428,0.083548008387428,0.6300985813433084
isotropic,64,92,oas,1.0,0.0,0.0388842008382111
isotropic,64,92,spiked_known_floor,1.0,2.967540767636704e-31,1.152749902789155e-15
isotropic,64,92,oracle,1.0,0.0,0.0
isotropic,64,93,projection,1.0,0.0,0.0
isotropic,64,93,empirical,1.0818522906498944,0.08185229064989447,0.5623437197589706
isotropic,64,93,oas,1.0,0.0,0.03854503381685925
isotropic,64,93,spiked_known_floor,1.0,3.5436025070063785e-31,1.2482262813995553e-15
isotropic,64,93,oracle,1.0,0.0,0.0
isotropic,64,94,projection,1.0,0.0,0.0
isotropic,64,94,empirical,1.1162458317855297,0.11624583178552987,0.5794723162712677
isotropic,64,94,oas,1.0,0.0,0.04675416947568767
isotropic,64,94,spiked_known_floor,1.0,2.8476174922787413e-31,1.3367913927666487e-15
isotropic,64,94,oracle,1.0,0.0,0.0
isotropic,64,95,projection,1.0,0.0,0.0
isotropic,64,95,empirical,1.0766940884145753,0.07669408841457528,0.5401838085525137
isotropic,64,95,oas,1.0,0.0,0.05309580824256699
isotropic,64,95,spiked_known_floor,1.0,2.9635605007049143e-31,1.386867375884099e-15
isotropic,64,95,oracle,1.0,0.0,0.0
isotropic,64,96,projection,1.0,0.0,0.0
isotropic,64,96,empirical,1.1101869103651656,0.11018691036516555,0.6775829150442187
isotropic,64,96,oas,1.0013168183922654,0.0013168183922653474,0.077571052480983
isotropic,64,96,spiked_known_floor,1.0024064793841463,0.0024064793841462842,0.11027387534432827
isotropic,64,96,oracle,1.0,0.0,0.0
isotropic,64,97,projection,1.0,0.0,0.0
isotropic,64,97,empirical,1.11693418586448,0.11693418586447983,0.6857424609723562
isotropic,64,97,oas,1.0013503966571022,0.0013503966571022583,0.08600521098791764
isotropic,64,97,spiked_known_floor,1.0007944587243829,0.000794458724383044,0.08748050593755204
isotropic,64,97,oracle,1.0,0.0,0.0
isotropic,64,98,projection,1.0,0.0,0.0
isotropic,64,98,empirical,1.0950222133995746,0.09502221339957442,0.6317014356525684
isotropic,64,98,oas,1.0,0.0,0.026445144368919985
isotropic,64,98,spiked_known_floor,1.0,2.4014950052469376e-31,1.294817158790923e-15
isotropic,64,98,oracle,1.0,0.0,0.0
isotropic,64,99,projection,1.0,0.0,0.0
isotropic,64,99,empirical,1.0841203118917313,0.0841203118917313,0.5815758866891984
isotropic,64,99,oas,1.0,0.0,0.05785604977899895
isotropic,64,99,spiked_known_floor,1.0,3.980183900408353e-31,1.3627760965083543e-15
isotropic,64,99,oracle,1.0,0.0,0.0
isotropic,64,100,projection,1.0,0.0,0.0
isotropic,64,100,empirical,1.1113481213690364,0.11134812136903653,0.6706663834824116
isotropic,64,100,oas,1.0000137422500404,1.3742250040393821e-05,0.062304285674488286
isotropic,64,100,spiked_known_floor,1.0007788540996738,0.0007788540996737305,0.06911094110249663
isotropic,64,100,oracle,1.0,0.0,0.0
isotropic,64,101,projection,1.0,0.0,0.0
isotropic,64,101,empirical,1.0949371680110382,0.09493716801103824,0.5751866750179242
isotropic,64,101,oas,1.0,0.0,0.012518733537688844
isotropic,64,101,spiked_known_floor,1.0,3.702928241606389e-31,1.159685530583169e-15
isotropic,64,101,oracle,1.0,0.0,0.0
isotropic,64,102,projection,1.0,0.0,0.0
isotropic,64,102,empirical,1.104936283572103,0.104936283572103,0.5738838645309894
isotropic,64,102,oas,1.0,0.0,0.06222369290122444
isotropic,64,102,spiked_known_floor,1.0,4.791473373433191e-31,1.4169013120908429e-15
isotropic,64,102,oracle,1.0,0.0,0.0
isotropic,64,103,projection,1.0,0.0,0.0
isotropic,64,103,empirical,1.0869550563239532,0.08695505632395317,0.6425352408588869
isotropic,64,103,oas,1.0,0.0,0.04463947952090863
isotropic,64,103,spiked_known_floor,1.0,2.715328228247096e-31,1.1702135588517225e-15
isotropic,64,103,oracle,1.0,0.0,0.0
isotropic,64,104,projection,1.0,0.0,0.0
isotropic,64,104,empirical,1.0824669021065045,0.0824669021065046,0.5760740594511451
isotropic,64,104,oas,1.0,0.0,0.06447102075564182
isotropic,64,104,spiked_known_floor,1.0,5.062774707214615e-31,1.3724624221289545e-15
isotropic,64,104,oracle,1.0,0.0,0.0
isotropic,64,105,projection,1.0,0.0,0.0
isotropic,64,105,empirical,1.1351288188683333,0.13512881886833325,0.6635547565192049
isotropic,64,105,oas,1.001251724790476,0.0012517247904759944,0.07307636584081005
isotropic,64,105,spiked_known_floor,1.0,3.0618856605065942e-31,1.2520949567641633e-15
isotropic,64,105,oracle,1.0,0.0,0.0
isotropic,64,106,projection,1.0,0.0,0.0
isotropic,64,106,empirical,1.1027107092348578,0.10271070923485777,0.6541133393953233
isotropic,64,106,oas,1.0002802392390544,0.0002802392390545354,0.03935190887251075
isotropic,64,106,spiked_known_floor,1.0,4.118448973098105e-31,1.2984548155356884e-15
isotropic,64,106,oracle,1.0,0.0,0.0
isotropic,64,107,projection,1.0,0.0,0.0
isotropic,64,107,empirical,1.1059844743215228,0.10598447432152285,0.6199281067917598
isotropic,64,107,oas,1.0,0.0,0.002832301893094025
isotropic,64,107,spiked_known_floor,1.0,6.875896320180236e-31,1.6731699423726624e-15
isotropic,64,107,oracle,1.0,0.0,0.0
isotropic,64,108,projection,1.0,0.0,0.0
isotropic,64,108,empirical,1.0998332596750833,0.09983325967508337,0.6134702328499739
isotropic,64,108,oas,1.0,0.0,0.009585345844025372
isotropic,64,108,spiked_known_floor,1.0,5.100316616982548e-31,1.3787366195731054e-15
isotropic,64,108,oracle,1.0,0.0,0.0
isotropic,64,109,projection,1.0,0.0,0.0
isotropic,64,109,empirical,1.1099182323789583,0.1099182323789584,0.7456584330908612
isotropic,64,109,oas,1.001519903111871,0.001519903111871038,0.1387148435068899
isotropic,64,109,spiked_known_floor,1.0036736018333,0.0036736018332999354,0.14289594388467966
isotropic,64,109,oracle,1.0,0.0,0.0
isotropic,64,110,projection,1.0,0.0,0.0
isotropic,64,110,empirical,1.071703914442326,0.07170391444232599,0.6359642697067265
isotropic,64,110,oas,1.0000260792285873,2.6079228587264655e-05,0.014239349099200122
isotropic,64,110,spiked_known_floor,1.0000544077776496,5.440777764974494e-05,0.024773734545545573
isotropic,64,110,oracle,1.0,0.0,0.0
isotropic,64,111,projection,1.0,0.0,0.0
isotropic,64,111,empirical,1.0920176552232,0.09201765522320003,0.6341162080688361
isotropic,64,111,oas,1.0006835204838032,0.000683520483803165,0.0579865522117978
isotropic,64,111,spiked_known_floor,1.0,4.131083040403072e-31,1.3814941846422097e-15
isotropic,64,111,oracle,1.0,0.0,0.0
isotropic,64,112,projection,1.0,0.0,0.0
isotropic,64,112,empirical,1.078803174902668,0.07880317490266792,0.5816619767358098
isotropic,64,112,oas,1.0,0.0,0.060018513525773705
isotropic,64,112,spiked_known_floor,1.0,5.1950355142091655e-31,1.3645117552798494e-15
isotropic,64,112,oracle,1.0,0.0,0.0
isotropic,64,113,projection,1.0,0.0,0.0
isotropic,64,113,empirical,1.0823862225760796,0.08238622257607958,0.5658965203295723
isotropic,64,113,oas,1.0,0.0,0.035423323630080716
isotropic,64,113,spiked_known_floor,1.0,4.4571528951780905e-31,1.396289346741225e-15
isotropic,64,113,oracle,1.0,0.0,0.0
isotropic,64,114,projection,1.0,0.0,0.0
isotropic,64,114,empirical,1.085690212861696,0.08569021286169598,0.605825673234056
isotropic,64,114,oas,1.0,0.0,0.022348331497322297
isotropic,64,114,spiked_known_floor,1.0,4.198167431332475e-31,1.399173785761798e-15
isotropic,64,114,oracle,1.0,0.0,0.0
isotropic,64,115,projection,1.0,0.0,0.0
isotropic,64,115,empirical,1.1184354049692893,0.11843540496928935,0.5831795696105422
isotropic,64,115,oas,1.0,0.0,0.028781346373286443
isotropic,64,115,spiked_known_floor,1.0,4.7944709564216225e-31,1.4664126051213724e-15
isotropic,64,115,oracle,1.0,0.0,0.0
isotropic,64,116,projection,1.0,0.0,0.0
isotropic,64,116,empirical,1.0836023086448359,0.08360230864483592,0.5606633966650618
isotropic,64,116,oas,1.0,0.0,0.0407699661807911
isotropic,64,116,spiked_known_floor,1.0,4.701461240952255e-31,1.4565729408245801e-15
isotropic,64,116,oracle,1.0,0.0,0.0
isotropic,64,117,projection,1.0,0.0,0.0
isotropic,64,117,empirical,1.1024079892349006,0.10240798923490074,0.601411750521654
isotropic,64,117,oas,1.0000001780905892,1.7809058924603448e-07,0.04064405301200781
isotropic,64,117,spiked_known_floor,1.0,5.577768156369535e-31,1.6661997708139954e-15
isotropic,64,117,oracle,1.0,0.0,0.0
isotropic,64,118,projection,1.0,0.0,0.0
isotropic,64,118,empirical,1.0906580076878705,0.09065800768787063,0.5910338281439582
isotropic,64,118,oas,1.0,0.0,0.00956528805204715
isotropic,64,118,spiked_known_floor,1.0,3.351079726773012e-31,1.199226686695793e-15
isotropic,64,118,oracle,1.0,0.0,0.0
isotropic,64,119,projection,1.0,0.0,0.0
isotropic,64,119,empirical,1.1166672346717652,0.11666723467176518,0.6841360455493698
isotropic,64,119,oas,1.000588548152968,0.0005885481529680515,0.07231735292384406
isotropic,64,119,spiked_known_floor,1.000900164405685,0.0009001644056850217,0.10258027013076579
isotropic,64,119,oracle,1.0,0.0,0.0
isotropic,64,120,projection,1.0,0.0,0.0
isotropic,64,120,empirical,1.1007763075351702,0.10077630753517015,0.6044956264672583
isotropic,64,120,oas,1.0,0.0,0.004204080272983468
isotropic,64,120,spiked_known_floor,1.0,4.185517749170165e-31,1.1768045290908351e-15
isotropic,64,120,oracle,1.0,0.0,0.0
isotropic,64,121,projection,1.0,0.0,0.0
isotropic,64,121,empirical,1.1306740827193036,0.13067408271930375,0.6431059657094098
isotropic,64,121,oas,1.0001795640599986,0.00017956405999848955,0.02967971131428935
isotropic,64,121,spiked_known_floor,1.0,3.365361434789397e-31,1.3047163221665048e-15
isotropic,64,121,oracle,1.0,0.0,0.0
isotropic,64,122,projection,1.0,0.0,0.0
isotropic,64,122,empirical,1.0901337283010126,0.09013372830101257,0.6001422169361307
isotropic,64,122,oas,1.0,0.0,0.014612775453552884
isotropic,64,122,spiked_known_floor,1.0,3.8775050471376665e-31,1.2869642589293802e-15
isotropic,64,122,oracle,1.0,0.0,0.0
isotropic,64,123,projection,1.0,0.0,0.0
isotropic,64,123,empirical,1.1020103915689328,0.1020103915689326,0.6378189238459561
isotropic,64,123,oas,1.0,0.0,0.025952019271283655
isotropic,64,123,spiked_known_floor,1.0,3.6654487270117413e-31,1.2162134460130773e-15
isotropic,64,123,oracle,1.0,0.0,0.0
isotropic,64,124,projection,1.0,0.0,0.0
isotropic,64,124,empirical,1.111975598013022,0.11197559801302177,0.6322410408067946
isotropic,64,124,oas,1.000573188357313,0.0005731883573129994,0.0521111800045763
isotropic,64,124,spiked_known_floor,1.0,5.238954853176069e-31,1.4722115609807231e-15
isotropic,64,124,oracle,1.0,0.0,0.0
isotropic,64,125,projection,1.0,0.0,0.0
isotropic,64,125,empirical,1.1178763691260885,0.11787636912608845,0.6378714326577775
isotropic,64,125,oas,1.0,0.0,0.02217120432218689
isotropic,64,125,spiked_known_floor,1.0015446443785716,0.0015446443785714838,0.09074093991841849
isotropic,64,125,oracle,1.0,0.0,0.0
isotropic,64,126,projection,1.0,0.0,0.0
isotropic,64,126,empirical,1.108386554434353,0.10838655443435304,0.5769929784872666
isotropic,64,126,oas,1.0,0.0,0.037171373227285365
isotropic,64,126,spiked_known_floor,1.0,3.8694808351036975e-31,1.2512821004516334e-15
isotropic,64,126,oracle,1.0,0.0,0.0
isotropic,64,127,projection,1.0,0.0,0.0
isotropic,64,127,empirical,1.0865950964878692,0.08659509648786921,0.6695395317668924
isotropic,64,127,oas,1.0000997306080321,9.973060803215167e-05,0.055111511739579
isotropic,64,127,spiked_known_floor,1.0046917105880058,0.004691710588005698,0.16269095138832587
isotropic,64,127,oracle,1.0,0.0,0.0
isotropic,64,128,projection,1.0,0.0,0.0
isotropic,64,128,empirical,1.1201541652383828,0.12015416523838282,0.6270316630773954
isotropic,64,128,oas,1.0000545838988695,5.458389886947086e-05,0.017168477322417545
isotropic,64,128,spiked_known_floor,1.0,4.140378089380666e-31,1.4545279081731395e-15
isotropic,64,128,oracle,1.0,0.0,0.0
isotropic,64,129,projection,1.0,0.0,0.0
isotropic,64,129,empirical,1.1147881375719433,0.11478813757194335,0.6296622256726431
isotropic,64,129,oas,1.0,0.0,0.016401962567636378
isotropic,64,129,spiked_known_floor,1.0,3.6649079579733344e-31,1.3272029970184858e-15
isotropic,64,129,oracle,1.0,0.0,0.0
isotropic,64,130,projection,1.0,0.0,0.0
isotropic,64,130,empirical,1.1113543709034959,0.11135437090349604,0.6930922567589308
isotropic,64,130,oas,1.0017437664545337,0.00174376645453354,0.09480220529429946
isotropic,64,130,spiked_known_floor,1.0001218731698465,0.00012187316984644,0.04059316502406711
isotropic,64,130,oracle,1.0,0.0,0.0
isotropic,64,131,projection,1.0,0.0,0.0
isotropic,64,131,empirical,1.1078282134124007,0.10782821341240063,0.5785710158523936
isotropic,64,131,oas,1.0,0.0,0.006640027342965538
isotropic,64,131,spiked_known_floor,1.0,5.891506365322101e-31,1.5657785287394516e-15
isotropic,64,131,oracle,1.0,0.0,0.0
isotropic,64,132,projection,1.0,0.0,0.0
isotropic,64,132,empirical,1.099006047539632,0.09900604753963202,0.6101188808789362
isotropic,64,132,oas,1.0005468004266054,0.0005468004266053153,0.07698209954784416
isotropic,64,132,spiked_known_floor,1.0,5.891770709683888e-31,1.5479812303990277e-15
isotropic,64,132,oracle,1.0,0.0,0.0
isotropic,64,133,projection,1.0,0.0,0.0
isotropic,64,133,empirical,1.0924012883573502,0.0924012883573501,0.6029373003912839
isotropic,64,133,oas,1.0,0.0,0.004240867057400345
isotropic,64,133,spiked_known_floor,1.0,4.556225507867175e-31,1.403881317166849e-15
isotropic,64,133,oracle,1.0,0.0,0.0
isotropic,64,134,projection,1.0,0.0,0.0
isotropic,64,134,empirical,1.1001750237842183,0.10017502378421819,0.627417166043069
isotropic,64,134,oas,1.0,0.0,0.011343975540169415
isotropic,64,134,spiked_known_floor,1.0,4.645977509383326e-31,1.4872174498259708e-15
isotropic,64,134,oracle,1.0,0.0,0.0
isotropic,64,135,projection,1.0,0.0,0.0
isotropic,64,135,empirical,1.0972496708270283,0.0972496708270284,0.6374143425172286
isotropic,64,135,oas,1.0001696286277348,0.0001696286277348885,0.029552935015306484
isotropic,64,135,spiked_known_floor,1.0,4.175789882398895e-31,1.4415158572963977e-15
isotropic,64,135,oracle,1.0,0.0,0.0
isotropic,64,136,projection,1.0,0.0,0.0
isotropic,64,136,empirical,1.110038777918314,0.11003877791831411,0.6560407886912017
isotropic,64,136,oas,1.0004165095138535,0.00041650951385335745,0.042656004220661084
isotropic,64,136,spiked_known_floor,1.0030754985456183,0.0030754985456182852,0.12135576735152862
isotropic,64,136,oracle,1.0,0.0,0.0
isotropic,64,137,projection,1.0,0.0,0.0
isotropic,64,137,empirical,1.1134659448510478,0.11346594485104768,0.6211987385112603
isotropic,64,137,oas,1.0,0.0,0.02804885693713999
isotropic,64,137,spiked_known_floor,1.0,4.991856721770989e-31,1.4527982713988839e-15
isotropic,64,137,oracle,1.0,0.0,0.0
isotropic,64,138,projection,1.0,0.0,0.0
isotropic,64,138,empirical,1.0780544996851922,0.07805449968519221,0.6676062693767085
isotropic,64,138,oas,1.0001226441571178,0.00012264415711779397,0.05209497207424048
isotropic,64,138,spiked_known_floor,1.0,2.775248944952244e-31,1.133657316491469e-15
isotropic,64,138,oracle,1.0,0.0,0.0
isotropic,64,139,projection,1.0,0.0,0.0
isotropic,64,139,empirical,1.100662714570377,0.1006627145703768,0.6290241925165966
isotropic,64,139,oas,1.000320227569184,0.00032022756918401586,0.04585076262511081
isotropic,64,139,spiked_known_floor,1.0001546204449796,0.0001546204449795555,0.02713599098717136
isotropic,64,139,oracle,1.0,0.0,0.0
isotropic,64,140,projection,1.0,0.0,0.0
isotropic,64,140,empirical,1.0855683479306464,0.08556834793064645,0.5940354562059138
isotropic,64,140,oas,1.0,0.0,0.023858580788465037
isotropic,64,140,spiked_known_floor,1.0,4.179629308472913e-31,1.335237067207773e-15
isotropic,64,140,oracle,1.0,0.0,0.0
isotropic,64,141,projection,1.0,0.0,0.0
isotropic,64,141,empirical,1.122179108826736,0.12217910882673608,0.6387513929303634
isotropic,64,141,oas,1.0006667992514995,0.0006667992514994773,0.0570385626023019
isotropic,64,141,spiked_known_floor,1.0,7.445959283528256e-31,1.7048920863916558e-15
isotropic,64,141,oracle,1.0,0.0,0.0
isotropic,64,142,projection,1.0,0.0,0.0
isotropic,64,142,empirical,1.091200340488865,0.09120034048886505,0.6336244582639476
isotropic,64,142,oas,1.0,0.0,0.02483577783216684
isotropic,64,142,spiked_known_floor,1.0004223583230807,0.0004223583230806911,0.06265384720907742
isotropic,64,142,oracle,1.0,0.0,0.0
isotropic,64,143,projection,1.0,0.0,0.0
isotropic,64,143,empirical,1.139133526629668,0.13913352662966785,0.6371771696467434
isotropic,64,143,oas,1.000305489285955,0.00030548928595509455,0.03859705887190031
isotropic,64,143,spiked_known_floor,1.0,3.921245874597616e-31,1.287486988133151e-15
isotropic,64,143,oracle,1.0,0.0,0.0
isotropic,64,144,projection,1.0,0.0,0.0
isotropic,64,144,empirical,1.1106887977072124,0.11068879770721243,0.5783769261758323
isotropic,64,144,oas,1.0,0.0,0.04008761516006965
isotropic,64,144,spiked_known_floor,1.0,3.467141116502665e-31,1.3285649303099006e-15
isotropic,64,144,oracle,1.0,0.0,0.0
isotropic,64,145,projection,1.0,0.0,0.0
isotropic,64,145,empirical,1.1459182359244218,0.14591823592442177,0.6774031630008396
isotropic,64,145,oas,1.0001502971146052,0.00015029711460519776,0.0644618292265734
isotropic,64,145,spiked_known_floor,1.0011844793301414,0.0011844793301414784,0.07053301882502361
isotropic,64,145,oracle,1.0,0.0,0.0
isotropic,64,146,projection,1.0,0.0,0.0
isotropic,64,146,empirical,1.1012080232781156,0.10120802327811568,0.6076387850675719
isotropic,64,146,oas,1.0,0.0,0.01960185714091145
isotropic,64,146,spiked_known_floor,1.0,3.425935709475377e-31,1.3065235376421785e-15
isotropic,64,146,oracle,1.0,0.0,0.0
isotropic,64,147,projection,1.0,0.0,0.0
isotropic,64,147,empirical,1.1136906104319835,0.1136906104319836,0.6043771241914833
isotropic,64,147,oas,1.0004069425035391,0.00040694250353910953,0.07838160988701211
isotropic,64,147,spiked_known_floor,1.0,3.0100713766275846e-31,1.1697782787066164e-15
isotropic,64,147,oracle,1.0,0.0,0.0
isotropic,64,148,projection,1.0,0.0,0.0
isotropic,64,148,empirical,1.077763580233147,0.07776358023314707,0.661484630620543
isotropic,64,148,oas,1.0,0.0,0.06939864871606027
isotropic,64,148,spiked_known_floor,1.0,4.865265265768206e-31,1.5211935265387924e-15
isotropic,64,148,oracle,1.0,0.0,0.0
isotropic,64,149,projection,1.0,0.0,0.0
isotropic,64,149,empirical,1.0910522047884372,0.09105220478843726,0.6141151860176047
isotropic,64,149,oas,1.0,0.0,0.004115164634055923
isotropic,64,149,spiked_known_floor,1.0,3.4609935811995693e-31,1.161374601059686e-15
isotropic,64,149,oracle,1.0,0.0,0.0
isotropic,64,150,projection,1.0,0.0,0.0
isotropic,64,150,empirical,1.121971248113159,0.1219712481131589,0.645395795120099
isotropic,64,150,oas,1.0000139280553693,1.392805536916044e-05,0.026607219697891163
isotropic,64,150,spiked_known_floor,1.0005118018017727,0.0005118018017727551,0.07511490341077695
isotropic,64,150,oracle,1.0,0.0,0.0
isotropic,64,151,projection,1.0,0.0,0.0
isotropic,64,151,empirical,1.0898432329731649,0.08984323297316486,0.5674885449618197
isotropic,64,151,oas,1.0,0.0,0.04025572669128242
isotropic,64,151,spiked_known_floor,1.0,4.415840693664824e-31,1.3741295086674356e-15
isotropic,64,151,oracle,1.0,0.0,0.0
isotropic,64,152,projection,1.0,0.0,0.0
isotropic,64,152,empirical,1.1123733095187547,0.11237330951875478,0.592060135892867
isotropic,64,152,oas,1.0,0.0,0.035379717480624635
isotropic,64,152,spiked_known_floor,1.0,3.888603329611244e-31,1.4133552254681907e-15
isotropic,64,152,oracle,1.0,0.0,0.0
isotropic,64,153,projection,1.0,0.0,0.0
isotropic,64,153,empirical,1.0899818149747833,0.08998181497478322,0.6107142766911314
isotropic,64,153,oas,1.0,0.0,0.007436620202747713
isotropic,64,153,spiked_known_floor,1.0,3.3795282142726334e-31,1.2634748723670494e-15
isotropic,64,153,oracle,1.0,0.0,0.0
isotropic,64,154,projection,1.0,0.0,0.0
isotropic,64,154,empirical,1.1167607214647335,0.11676072146473329,0.6082914762694259
isotropic,64,154,oas,1.0,0.0,0.01744706828054377
isotropic,64,154,spiked_known_floor,1.0,4.895358673792585e-31,1.4413716080005481e-15
isotropic,64,154,oracle,1.0,0.0,0.0
isotropic,64,155,projection,1.0,0.0,0.0
isotropic,64,155,empirical,1.0833080186993902,0.08330801869939031,0.6207790031455744
isotropic,64,155,oas,1.0,0.0,0.0030972418471824086
isotropic,64,155,spiked_known_floor,1.0,4.101764714997919e-31,1.3987196929895716e-15
isotropic,64,155,oracle,1.0,0.0,0.0
isotropic,64,156,projection,1.0,0.0,0.0
isotropic,64,156,empirical,1.0953598817109562,0.09535988171095634,0.5466228499625806
isotropic,64,156,oas,1.0,0.0,0.06351419939321656
isotropic,64,156,spiked_known_floor,1.0,4.356111361962878e-31,1.4174835850095723e-15
isotropic,64,156,oracle,1.0,0.0,0.0
isotropic,64,157,projection,1.0,0.0,0.0
isotropic,64,157,empirical,1.125122062939291,0.125122062939291,0.6046749070765615
isotropic,64,157,oas,1.0,0.0,0.007921487607449151
isotropic,64,157,spiked_known_floor,1.0,4.203188710556594e-31,1.50160251034015e-15
isotropic,64,157,oracle,1.0,0.0,0.0
isotropic,64,158,projection,1.0,0.0,0.0
isotropic,64,158,empirical,1.1182713760487824,0.11827137604878248,0.5812164639572137
isotropic,64,158,oas,1.0,0.0,0.027638518817731942
isotropic,64,158,spiked_known_floor,1.0,4.1273906716448085e-31,1.4076006610993015e-15
isotropic,64,158,oracle,1.0,0.0,0.0
isotropic,64,159,projection,1.0,0.0,0.0
isotropic,64,159,empirical,1.1160665445432663,0.1160665445432661,0.6339956944235775
isotropic,64,159,oas,1.0,0.0,0.034719229639346594
isotropic,64,159,spiked_known_floor,1.0,4.505030310457596e-31,1.3951085822786194e-15
isotropic,64,159,oracle,1.0,0.0,0.0
isotropic,64,160,projection,1.0,0.0,0.0
isotropic,64,160,empirical,1.0975191556831854,0.09751915568318542,0.5842286761879723
isotropic,64,160,oas,1.0,0.0,0.06566018788555372
isotropic,64,160,spiked_known_floor,1.0,5.054325541902489e-31,1.4324017335556484e-15
isotropic,64,160,oracle,1.0,0.0,0.0
isotropic,64,161,projection,1.0,0.0,0.0
isotropic,64,161,empirical,1.1011715825636588,0.10117158256365873,0.6667748260379444
isotropic,64,161,oas,1.0001652947176611,0.00016529471766111865,0.050187416119106563
isotropic,64,161,spiked_known_floor,1.0001691480265589,0.0001691480265588507,0.033861272239662836
isotropic,64,161,oracle,1.0,0.0,0.0
isotropic,64,162,projection,1.0,0.0,0.0
isotropic,64,162,empirical,1.1081047073504904,0.10810470735049044,0.6119638206890281
isotropic,64,162,oas,1.0,0.0,0.004067437972498756
isotropic,64,162,spiked_known_floor,1.0,3.331897873419936e-31,1.325038819437785e-15
isotropic,64,162,oracle,1.0,0.0,0.0
isotropic,64,163,projection,1.0,0.0,0.0
isotropic,64,163,empirical,1.0821659791140645,0.08216597911406454,0.6051342987181363
isotropic,64,163,oas,1.0,0.0,0.021277396865640452
isotropic,64,163,spiked_known_floor,1.0,3.6750115575510407e-31,1.264757390279241e-15
isotropic,64,163,oracle,1.0,0.0,0.0
isotropic,64,164,projection,1.0,0.0,0.0
isotropic,64,164,empirical,1.1095079792863778,0.10950797928637773,0.6313417437261789
isotropic,64,164,oas,1.0005697535423785,0.0005697535423786236,0.0625964853920587
isotropic,64,164,spiked_known_floor,1.0,4.7394928112274455e-31,1.4625213677908164e-15
isotropic,64,164,oracle,1.0,0.0,0.0
isotropic,64,165,projection,1.0,0.0,0.0
isotropic,64,165,empirical,1.1254874461338016,0.12548744613380158,0.6527490488945473
isotropic,64,165,oas,1.000815893198276,0.0008158931982760669,0.05790480324179608
isotropic,64,165,spiked_known_floor,1.0,3.217597340885059e-31,1.1482053967334509e-15
isotropic,64,165,oracle,1.0,0.0,0.0
isotropic,64,166,projection,1.0,0.0,0.0
isotropic,64,166,empirical,1.1078295300609042,0.10782953006090433,0.6691852180291038
isotropic,64,166,oas,1.003831957994027,0.003831957994026985,0.12432148859429039
isotropic,64,166,spiked_known_floor,1.0020445568951963,0.0020445568951962395,0.1047700086749924
isotropic,64,166,oracle,1.0,0.0,0.0
isotropic,64,167,projection,1.0,0.0,0.0
isotropic,64,167,empirical,1.1385766078941681,0.13857660789416806,0.6732457217032799
isotropic,64,167,oas,1.0021445681302006,0.0021445681302004545,0.09621241231133265
isotropic,64,167,spiked_known_floor,1.002287836417521,0.002287836417520912,0.1413689598415658
isotropic,64,167,oracle,1.0,0.0,0.0
isotropic,64,168,projection,1.0,0.0,0.0
isotropic,64,168,empirical,1.1227285210941824,0.12272852109418232,0.5665357506117331
isotropic,64,168,oas,1.0,0.0,0.009300494675131723
isotropic,64,168,spiked_known_floor,1.0,4.618564795578856e-31,1.3682257525212568e-15
isotropic,64,168,oracle,1.0,0.0,0.0
isotropic,64,169,projection,1.0,0.0,0.0
isotropic,64,169,empirical,1.0753021082818242,0.07530210828182426,0.6236483071181363
isotropic,64,169,oas,1.0,0.0,0.08410141347958523
isotropic,64,169,spiked_known_floor,1.0,4.316325735913127e-31,1.405391601309866e-15
isotropic,64,169,oracle,1.0,0.0,0.0
isotropic,64,170,projection,1.0,0.0,0.0
isotropic,64,170,empirical,1.095333729528273,0.09533372952827292,0.6726112062048872
isotropic,64,170,oas,1.0008120219408747,0.000812021940874568,0.06293540511932066
isotropic,64,170,spiked_known_floor,1.0024689522774588,0.00246895227745891,0.11380403182067493
isotropic,64,170,oracle,1.0,0.0,0.0
isotropic,64,171,projection,1.0,0.0,0.0
isotropic,64,171,empirical,1.0779908448137185,0.07799084481371853,0.6320411575318003
isotropic,64,171,oas,1.0,0.0,0.04590575761234584
isotropic,64,171,spiked_known_floor,1.0,4.567577582104439e-31,1.3342714375638408e-15
isotropic,64,171,oracle,1.0,0.0,0.0
isotropic,64,172,projection,1.0,0.0,0.0
isotropic,64,172,empirical,1.1003263805967793,0.10032638059677933,0.6662123155292781
isotropic,64,172,oas,1.0007750320999085,0.0007750320999084123,0.0613299857573997
isotropic,64,172,spiked_known_floor,1.001409097259524,0.0014090972595239993,0.07769227217308448
isotropic,64,172,oracle,1.0,0.0,0.0
isotropic,64,173,projection,1.0,0.0,0.0
isotropic,64,173,empirical,1.1016028758840923,0.10160287588409239,0.6359553384575722
isotropic,64,173,oas,1.0,0.0,0.03961716009547467
isotropic,64,173,spiked_known_floor,1.0,3.3117487020099895e-31,1.2145338988248997e-15
isotropic,64,173,oracle,1.0,0.0,0.0
isotropic,64,174,projection,1.0,0.0,0.0
isotropic,64,174,empirical,1.0871193205662157,0.08711932056621577,0.6465248808442914
isotropic,64,174,oas,1.0,0.0,0.039357418730049394
isotropic,64,174,spiked_known_floor,1.0,3.350152803014358e-31,1.1378320781242864e-15
isotropic,64,174,oracle,1.0,0.0,0.0
isotropic,64,175,projection,1.0,0.0,0.0
isotropic,64,175,empirical,1.0966789118044187,0.09667891180441879,0.6054923717089769
isotropic,64,175,oas,1.0,0.0,0.01693841625556569
isotropic,64,175,spiked_known_floor,1.0,6.415014688232311e-31,1.5708448762142325e-15
isotropic,64,175,oracle,1.0,0.0,0.0
isotropic,64,176,projection,1.0,0.0,0.0
isotropic,64,176,empirical,1.1055678218520442,0.10556782185204432,0.6399167581352367
isotropic,64,176,oas,1.000205703660597,0.0002057036605969691,0.028528518308255597
isotropic,64,176,spiked_known_floor,1.0,3.6124170635809384e-31,1.2404356609539057e-15
isotropic,64,176,oracle,1.0,0.0,0.0
isotropic,64,177,projection,1.0,0.0,0.0
isotropic,64,177,empirical,1.1081330012962811,0.10813300129628103,0.6800965953734008
isotropic,64,177,oas,1.0011511585361204,0.0011511585361205193,0.07341182494993262
isotropic,64,177,spiked_known_floor,1.002293996461046,0.0022939964610458902,0.10160976751407383
isotropic,64,177,oracle,1.0,0.0,0.0
isotropic,64,178,projection,1.0,0.0,0.0
isotropic,64,178,empirical,1.1195119314009283,0.11951193140092843,0.6233680189627635
isotropic,64,178,oas,1.0000055328104593,5.5328104592640555e-06,0.0077648214514133155
isotropic,64,178,spiked_known_floor,1.0,3.59027927328055e-31,1.1247846565475706e-15
isotropic,64,178,oracle,1.0,0.0,0.0
isotropic,64,179,projection,1.0,0.0,0.0
isotropic,64,179,empirical,1.0859946972556953,0.0859946972556953,0.5906402970521344
isotropic,64,179,oas,1.0,0.0,0.04604806071629586
isotropic,64,179,spiked_known_floor,1.0,4.141811159676942e-31,1.3127286042625564e-15
isotropic,64,179,oracle,1.0,0.0,0.0
isotropic,64,180,projection,1.0,0.0,0.0
isotropic,64,180,empirical,1.1268164621609604,0.12681646216096049,0.6906746066132842
isotropic,64,180,oas,1.0011831491180545,0.0011831491180544925,0.08425005690733885
isotropic,64,180,spiked_known_floor,1.0016223020424664,0.0016223020424664125,0.09149744752119972
isotropic,64,180,oracle,1.0,0.0,0.0
isotropic,64,181,projection,1.0,0.0,0.0
isotropic,64,181,empirical,1.1213488398512217,0.12134883985122179,0.642138912890324
isotropic,64,181,oas,1.0001354397339233,0.00013543973392308127,0.026212026465496037
isotropic,64,181,spiked_known_floor,1.0,4.112656882827007e-31,1.3785987973651314e-15
isotropic,64,181,oracle,1.0,0.0,0.0
isotropic,64,182,projection,1.0,0.0,0.0
isotropic,64,182,empirical,1.1086037487315106,0.1086037487315106,0.6049243768818664
isotropic,64,182,oas,1.0,0.0,0.032023990532420006
isotropic,64,182,spiked_known_floor,1.0,3.310933084652437e-31,1.3641966637601899e-15
isotropic,64,182,oracle,1.0,0.0,0.0
isotropic,64,183,projection,1.0,0.0,0.0
isotropic,64,183,empirical,1.1011169676109995,0.10111696761099971,0.6644374898170369
isotropic,64,183,oas,1.0004549842285373,0.0004549842285374834,0.05045030866886594
isotropic,64,183,spiked_known_floor,1.0022339681509715,0.002233968150971434,0.09997441713406367
isotropic,64,183,oracle,1.0,0.0,0.0
isotropic,64,184,projection,1.0,0.0,0.0
isotropic,64,184,empirical,1.0978138406515439,0.09781384065154371,0.6461901692903751
isotropic,64,184,oas,1.0,0.0,0.04718424683542289
isotropic,64,184,spiked_known_floor,1.0,3.1474902907454084e-31,1.064932398754751e-15
isotropic,64,184,oracle,1.0,0.0,0.0
isotropic,64,185,projection,1.0,0.0,0.0
isotropic,64,185,empirical,1.1285431807051443,0.12854318070514428,0.6266553072399158
isotropic,64,185,oas,1.0,0.0,0.00569125844519558
isotropic,64,185,spiked_known_floor,1.0,3.2866111953491733e-31,1.2926513244824078e-15
isotropic,64,185,oracle,1.0,0.0,0.0
isotropic,64,186,projection,1.0,0.0,0.0
isotropic,64,186,empirical,1.0853607677582717,0.08536076775827178,0.5941445471170435
isotropic,64,186,oas,1.0,0.0,0.04988765787149064
isotropic,64,186,spiked_known_floor,1.0,3.2285421185891266e-31,1.367390439760305e-15
isotropic,64,186,oracle,1.0,0.0,0.0
isotropic,64,187,projection,1.0,0.0,0.0
isotropic,64,187,empirical,1.0987870001522655,0.09878700015226548,0.6029293601746524
isotropic,64,187,oas,1.0,0.0,0.02269374754492759
isotropic,64,187,spiked_known_floor,1.0,4.129379289399133e-31,1.3465833256135288e-15
isotropic,64,187,oracle,1.0,0.0,0.0
isotropic,64,188,projection,1.0,0.0,0.0
isotropic,64,188,empirical,1.1139636379178888,0.1139636379178888,0.6205753633867667
isotropic,64,188,oas,1.0,0.0,0.0022238086310496508
isotropic,64,188,spiked_known_floor,1.0,3.960512523211365e-31,1.3361539507830416e-15
isotropic,64,188,oracle,1.0,0.0,0.0
isotropic,64,189,projection,1.0,0.0,0.0
isotropic,64,189,empirical,1.1156862456549836,0.11568624565498352,0.6302598639227308
isotropic,64,189,oas,1.0,0.0,0.02758901793455549
isotropic,64,189,spiked_known_floor,1.0,5.048067938229853e-31,1.3627997164016796e-15
isotropic,64,189,oracle,1.0,0.0,0.0
isotropic,64,190,projection,1.0,0.0,0.0
isotropic,64,190,empirical,1.0945195699153996,0.09451956991539961,0.5951020879060079
isotropic,64,190,oas,1.0,0.0,0.025496462026951886
isotropic,64,190,spiked_known_floor,1.0,3.698938102501073e-31,1.3167732563887836e-15
isotropic,64,190,oracle,1.0,0.0,0.0
isotropic,64,191,projection,1.0,0.0,0.0
isotropic,64,191,empirical,1.110442940351173,0.11044294035117308,0.6761338367885094
isotropic,64,191,oas,1.001787672445319,0.0017876724453190268,0.08189871798818224
isotropic,64,191,spiked_known_floor,1.0,3.833287955156681e-31,1.3507891779758397e-15
isotropic,64,191,oracle,1.0,0.0,0.0
isotropic,64,192,projection,1.0,0.0,0.0
isotropic,64,192,empirical,1.0827202251415398,0.08272022514153977,0.5900481343150008
isotropic,64,192,oas,1.0,0.0,0.0018131203207033544
isotropic,64,192,spiked_known_floor,1.0,3.5128944523796136e-31,1.2443817977875185e-15
isotropic,64,192,oracle,1.0,0.0,0.0
isotropic,64,193,projection,1.0,0.0,0.0
isotropic,64,193,empirical,1.1049975645812955,0.10499756458129547,0.6000842665151488
isotropic,64,193,oas,1.0000389266322691,3.892663226914838e-05,0.05507058658517194
isotropic,64,193,spiked_known_floor,1.0,4.951162000420601e-31,1.414839843079151e-15
isotropic,64,193,oracle,1.0,0.0,0.0
isotropic,64,194,projection,1.0,0.0,0.0
isotropic,64,194,empirical,1.0926185087418805,0.09261850874188048,0.592550686359631
isotropic,64,194,oas,1.0,0.0,0.022892732768539762
isotropic,64,194,spiked_known_floor,1.0,3.6506911971920645e-31,1.192760597723632e-15
isotropic,64,194,oracle,1.0,0.0,0.0
isotropic,64,195,projection,1.0,0.0,0.0
isotropic,64,195,empirical,1.1200489477788909,0.12004894777889086,0.6060201748768396
isotropic,64,195,oas,1.0,0.0,0.019276885263406762
isotropic,64,195,spiked_known_floor,1.0,5.023318041174329e-31,1.4294542302409517e-15
isotropic,64,195,oracle,1.0,0.0,0.0
isotropic,64,196,projection,1.0,0.0,0.0
isotropic,64,196,empirical,1.0941302270831414,0.0941302270831414,0.6171924138554885
isotropic,64,196,oas,1.0,0.0,0.009319200000839746
isotropic,64,196,spiked_known_floor,1.0,4.646606222348999e-31,1.408384817335564e-15
isotropic,64,196,oracle,1.0,0.0,0.0
isotropic,64,197,projection,1.0,0.0,0.0
isotropic,64,197,empirical,1.1049304280857088,0.10493042808570885,0.6404810580056098
isotropic,64,197,oas,1.0015233970106505,0.0015233970106504622,0.08447513481667598
isotropic,64,197,spiked_known_floor,1.0,7.2778354857381905e-31,1.7479781064462595e-15
isotropic,64,197,oracle,1.0,0.0,0.0
isotropic,64,198,projection,1.0,0.0,0.0
isotropic,64,198,empirical,1.0753555033590112,0.07535550335901131,0.5892176792590594
isotropic,64,198,oas,1.0,0.0,0.020400981805009714
isotropic,64,198,spiked_known_floor,1.0,7.329019655155232e-31,1.6377968228576294e-15
isotropic,64,198,oracle,1.0,0.0,0.0
isotropic,64,199,projection,1.0,0.0,0.0
isotropic,64,199,empirical,1.109211974462709,0.10921197446270903,0.644685593397321
isotropic,64,199,oas,1.0000057432098024,5.743209802515463e-06,0.026775271114284342
isotropic,64,199,spiked_known_floor,1.0,4.117177016767485e-31,1.335221843491232e-15
isotropic,64,199,oracle,1.0,0.0,0.0
isotropic,128,0,projection,1.0,0.0,0.0
isotropic,128,0,empirical,1.0460084413818105,0.046008441381810344,0.41365335625110256
isotropic,128,0,oas,1.0,0.0,0.03730482744219311
isotropic,128,0,spiked_known_floor,1.0,4.3655551806145e-31,1.3399301003877128e-15
isotropic,128,0,oracle,1.0,0.0,0.0
isotropic,128,1,projection,1.0,0.0,0.0
isotropic,128,1,empirical,1.0633239698164167,0.06332396981641665,0.45404671783864686
isotropic,128,1,oas,1.0005782694679188,0.00057826946791894,0.053344093488375
isotropic,128,1,spiked_known_floor,1.000001087123405,1.0871234050056398e-06,0.0019508775920371588
isotropic,128,1,oracle,1.0,0.0,0.0
isotropic,128,2,projection,1.0,0.0,0.0
isotropic,128,2,empirical,1.05186109780992,0.05186109780992012,0.4180214939129105
isotropic,128,2,oas,1.0,0.0,0.051616929957489684
isotropic,128,2,spiked_known_floor,1.0,4.222111967419426e-31,1.2250361919027794e-15
isotropic,128,2,oracle,1.0,0.0,0.0
isotropic,128,3,projection,1.0,0.0,0.0
isotropic,128,3,empirical,1.0500151371866169,0.05001513718661697,0.4360486189451307
isotropic,128,3,oas,1.000191585089488,0.0001915850894882181,0.05687069548415638
isotropic,128,3,spiked_known_floor,1.000243863560026,0.00024386356002601065,0.031911093952439275
isotropic,128,3,oracle,1.0,0.0,0.0
isotropic,128,4,projection,1.0,0.0,0.0
isotropic,128,4,empirical,1.046586460601293,0.04658646060129302,0.44453106523114455
isotropic,128,4,oas,1.0000006025409052,6.025409051045047e-07,0.004307025048874131
isotropic,128,4,spiked_known_floor,1.0,2.7285304343176927e-31,1.1334362359041086e-15
isotropic,128,4,oracle,1.0,0.0,0.0
isotropic,128,5,projection,1.0,0.0,0.0
isotropic,128,5,empirical,1.047375062668432,0.04737506266843211,0.44129901947908057
isotropic,128,5,oas,1.0,0.0,0.0023660965763905306
isotropic,128,5,spiked_known_floor,1.0,4.755869700721904e-31,1.3429286684195376e-15
isotropic,128,5,oracle,1.0,0.0,0.0
isotropic,128,6,projection,1.0,0.0,0.0
isotropic,128,6,empirical,1.046115835932385,0.046115835932384955,0.4350852501655877
isotropic,128,6,oas,1.0,0.0,0.008946759957287222
isotropic,128,6,spiked_known_floor,1.0,4.1627992308380315e-31,1.391965906660523e-15
isotropic,128,6,oracle,1.0,0.0,0.0
isotropic,128,7,projection,1.0,0.0,0.0
isotropic,128,7,empirical,1.0417931998151737,0.041793199815173744,0.45133013992077803
isotropic,128,7,oas,1.0000581356566038,5.813565660376584e-05,0.016588240752009247
isotropic,128,7,spiked_known_floor,1.0003162836503436,0.0003162836503436444,0.04158533169724186
isotropic,128,7,oracle,1.0,0.0,0.0
isotropic,128,8,projection,1.0,0.0,0.0
isotropic,128,8,empirical,1.052164242297418,0.0521642422974182,0.45558880068455543
isotropic,128,8,oas,1.0000099634117683,9.963411768237249e-06,0.023507598797628988
isotropic,128,8,spiked_known_floor,1.0011592553889856,0.0011592553889855977,0.06880537991624094
isotropic,128,8,oracle,1.0,0.0,0.0
isotropic,128,9,projection,1.0,0.0,0.0
isotropic,128,9,empirical,1.047142119245998,0.04714211924599808,0.4228645667134943
isotropic,128,9,oas,1.0,0.0,0.007812428367540037
isotropic,128,9,spiked_known_floor,1.0,4.637424365351883e-31,1.3864186414003742e-15
isotropic,128,9,oracle,1.0,0.0,0.0
isotropic,128,10,projection,1.0,0.0,0.0
isotropic,128,10,empirical,1.0471750244877518,0.047175024487751765,0.3972466845558661
isotropic,128,10,oas,1.0,0.0,0.0417437660304939
isotropic,128,10,spiked_known_floor,1.0,4.672594491441189e-31,1.4419383488207837e-15
isotropic,128,10,oracle,1.0,0.0,0.0
isotropic,128,11,projection,1.0,0.0,0.0
isotropic,128,11,empirical,1.041442329129173,0.0414423291291731,0.42071613432755317
isotropic,128,11,oas,1.0,0.0,0.012442334040227876
isotropic,128,11,spiked_known_floor,1.0,4.198538897167637e-31,1.459645567671874e-15
isotropic,128,11,oracle,1.0,0.0,0.0
isotropic,128,12,projection,1.0,0.0,0.0
isotropic,128,12,empirical,1.0572778374663843,0.05727783746638431,0.45133844579082594
isotropic,128,12,oas,1.0000015679882535,1.567988253391545e-06,0.017721361940304166
isotropic,128,12,spiked_known_floor,1.0,3.6814314343559276e-31,1.211515031167402e-15
isotropic,128,12,oracle,1.0,0.0,0.0
isotropic,128,13,projection,1.0,0.0,0.0
isotropic,128,13,empirical,1.0441408409370583,0.04414084093705817,0.3921366778623365
isotropic,128,13,oas,1.0,0.0,0.012170041999805314
isotropic,128,13,spiked_known_floor,1.0,3.1685161116546815e-31,1.2249703454064409e-15
isotropic,128,13,oracle,1.0,0.0,0.0
isotropic,128,14,projection,1.0,0.0,0.0
isotropic,128,14,empirical,1.060340636355704,0.060340636355704,0.4330857448634303
isotropic,128,14,oas,1.0000221779567602,2.217795676020378e-05,0.03346464311496619
isotropic,128,14,spiked_known_floor,1.0,4.772028669247835e-31,1.4143200211089289e-15
isotropic,128,14,oracle,1.0,0.0,0.0
isotropic,128,15,projection,1.0,0.0,0.0
isotropic,128,15,empirical,1.0368813762179891,0.03688137621798926,0.3976022393870639
isotropic,128,15,oas,1.0,0.0,0.0036325143835519444
isotropic,128,15,spiked_known_floor,1.0,3.7345270478187735e-31,1.4162743767417337e-15
isotropic,128,15,oracle,1.0,0.0,0.0
isotropic,128,16,projection,1.0,0.0,0.0
isotropic,128,16,empirical,1.047756284529593,0.047756284529592866,0.45350163731354415
isotropic,128,16,oas,1.000052672193604,5.267219360409264e-05,0.01757020627884791
isotropic,128,16,spiked_known_floor,1.0,4.0644630115798365e-31,1.3234560287683561e-15
isotropic,128,16,oracle,1.0,0.0,0.0
isotropic,128,17,projection,1.0,0.0,0.0
isotropic,128,17,empirical,1.059078007853893,0.05907800785389308,0.4644436209235331
isotropic,128,17,oas,1.0003273625206308,0.00032736252063079785,0.038658181864538683
isotropic,128,17,spiked_known_floor,1.0,3.4378837927620726e-31,1.2240634271575468e-15
isotropic,128,17,oracle,1.0,0.0,0.0
isotropic,128,18,projection,1.0,0.0,0.0
isotropic,128,18,empirical,1.042075335556697,0.042075335556697055,0.4091520478289211
isotropic,128,18,oas,1.0,0.0,0.04530954870485105
isotropic,128,18,spiked_known_floor,1.0,3.292621496514591e-31,1.2971278797912909e-15
isotropic,128,18,oracle,1.0,0.0,0.0
isotropic,128,19,projection,1.0,0.0,0.0
isotropic,128,19,empirical,1.0532597946663194,0.05325979466631938,0.4197694855705546
isotropic,128,19,oas,1.0,0.0,0.04763398986951451
isotropic,128,19,spiked_known_floor,1.0,3.3452180716177672e-31,1.395052912584513e-15
isotropic,128,19,oracle,1.0,0.0,0.0
isotropic,128,20,projection,1.0,0.0,0.0
isotropic,128,20,empirical,1.05034905183979,0.050349051839790056,0.45788811450321304
isotropic,128,20,oas,1.0,0.0,0.04197460353814254
isotropic,128,20,spiked_known_floor,1.0,3.834537985873116e-31,1.4315547832348144e-15
isotropic,128,20,oracle,1.0,0.0,0.0
isotropic,128,21,projection,1.0,0.0,0.0
isotropic,128,21,empirical,1.046878138085893,0.04687813808589279,0.4349424470336571
isotropic,128,21,oas,1.0,0.0,0.006134733886779653
isotropic,128,21,spiked_known_floor,1.0,4.107011124487503e-31,1.3395334986181037e-15
isotropic,128,21,oracle,1.0,0.0,0.0
isotropic,128,22,projection,1.0,0.0,0.0
isotropic,128,22,empirical,1.0635080030996107,0.06350800309961065,0.4628482963244375
isotropic,128,22,oas,1.0001079687450516,0.00010796874505168184,0.030487675392669587
isotropic,128,22,spiked_known_floor,1.0,3.3132116494994877e-31,1.2260043149948338e-15
isotropic,128,22,oracle,1.0,0.0,0.0
isotropic,128,23,projection,1.0,0.0,0.0
isotropic,128,23,empirical,1.0460079400781608,0.046007940078160725,0.42921417776593734
isotropic,128,23,oas,1.0,0.0,0.016601603926871156
isotropic,128,23,spiked_known_floor,1.0,3.8608925509985553e-31,1.295567403045538e-15
isotropic,128,23,oracle,1.0,0.0,0.0
isotropic,128,24,projection,1.0,0.0,0.0
isotropic,128,24,empirical,1.0534911250883934,0.053491125088393404,0.4231798745422456
isotropic,128,24,oas,1.0,0.0,0.020519305153029358
isotropic,128,24,spiked_known_floor,1.0,3.0765151706437275e-31,1.1598786617505122e-15
isotropic,128,24,oracle,1.0,0.0,0.0
isotropic,128,25,projection,1.0,0.0,0.0
isotropic,128,25,empirical,1.0362551163404887,0.03625511634048859,0.37879144087634053
isotropic,128,25,oas,1.0,0.0,0.043902316901057954
isotropic,128,25,spiked_known_floor,1.0,4.401520707167468e-31,1.3149068462472789e-15
isotropic,128,25,oracle,1.0,0.0,0.0
isotropic,128,26,projection,1.0,0.0,0.0
isotropic,128,26,empirical,1.0477236683908502,0.04772366839085007,0.46929999646382875
isotropic,128,26,oas,1.0005103933744202,0.000510393374420175,0.0470024920522768
isotropic,128,26,spiked_known_floor,1.0,4.264611267735727e-31,1.2404491014639803e-15
isotropic,128,26,oracle,1.0,0.0,0.0
isotropic,128,27,projection,1.0,0.0,0.0
isotropic,128,27,empirical,1.0440970262966995,0.0440970262966994,0.4461487582549852
isotropic,128,27,oas,1.0000806464442833,8.064644428341515e-05,0.023608218434684764
isotropic,128,27,spiked_known_floor,1.0,3.9301615530183626e-31,1.3670775337239157e-15
isotropic,128,27,oracle,1.0,0.0,0.0
isotropic,128,28,projection,1.0,0.0,0.0
isotropic,128,28,empirical,1.05109096473869,0.05109096473868985,0.4483677878997208
isotropic,128,28,oas,1.000001322767707,1.3227677068282718e-06,0.011860190643774426
isotropic,128,28,spiked_known_floor,1.0003257603485975,0.00032576034859758203,0.03406780323184937
isotropic,128,28,oracle,1.0,0.0,0.0
isotropic,128,29,projection,1.0,0.0,0.0
isotropic,128,29,empirical,1.0533750870217435,0.053375087021743504,0.4367694846957724
isotropic,128,29,oas,1.0,0.0,0.022718654607470693
isotropic,128,29,spiked_known_floor,1.0,4.5212602736041815e-31,1.3981952494193694e-15
isotropic,128,29,oracle,1.0,0.0,0.0
isotropic,128,30,projection,1.0,0.0,0.0
isotropic,128,30,empirical,1.044196793348888,0.044196793348888076,0.39990534156657276
isotropic,128,30,oas,1.0,0.0,0.057287140876213345
isotropic,128,30,spiked_known_floor,1.0,3.67076273279719e-31,1.4748241409467615e-15
isotropic,128,30,oracle,1.0,0.0,0.0
isotropic,128,31,projection,1.0,0.0,0.0
isotropic,128,31,empirical,1.0573320275179876,0.057332027517987605,0.44541350454065537
isotropic,128,31,oas,1.0000173685213591,1.736852135912332e-05,0.008782823031601427
isotropic,128,31,spiked_known_floor,1.0,5.056110491479409e-31,1.3502318832330022e-15
isotropic,128,31,oracle,1.0,0.0,0.0
isotropic,128,32,projection,1.0,0.0,0.0
isotropic,128,32,empirical,1.0631869058987067,0.06318690589870676,0.47383246139873736
isotropic,128,32,oas,1.000210847208502,0.0002108472085020159,0.0457119457620607
isotropic,128,32,spiked_known_floor,1.0003998192805714,0.0003998192805714377,0.03996592470847624
isotropic,128,32,oracle,1.0,0.0,0.0
isotropic,128,33,projection,1.0,0.0,0.0
isotropic,128,33,empirical,1.0598599204648413,0.05985992046484137,0.5055514697758354
isotropic,128,33,oas,1.0006816026632634,0.0006816026632634723,0.08802651306682333
isotropic,128,33,spiked_known_floor,1.0000168975897497,1.689758974946139e-05,0.008465515047844437
isotropic,128,33,oracle,1.0,0.0,0.0
isotropic,128,34,projection,1.0,0.0,0.0
isotropic,128,34,empirical,1.054188768813317,0.05418876881331682,0.44345654810377066
isotropic,128,34,oas,1.0,0.0,0.003918358588020033
isotropic,128,34,spiked_known_floor,1.0,2.8742161905550545e-31,1.2297839886068031e-15
isotropic,128,34,oracle,1.0,0.0,0.0
isotropic,128,35,projection,1.0,0.0,0.0
isotropic,128,35,empirical,1.0450649995155488,0.04506499951554884,0.4383376449142848
isotropic,128,35,oas,1.0,0.0,0.023237780763459618
isotropic,128,35,spiked_known_floor,1.0,5.231127899308412e-31,1.5099564616727589e-15
isotropic,128,35,oracle,1.0,0.0,0.0
isotropic,128,36,projection,1.0,0.0,0.0
isotropic,128,36,empirical,1.0521558772658604,0.052155877265860344,0.44090836876816186
isotropic,128,36,oas,1.0,0.0,0.0098035230823037
isotropic,128,36,spiked_known_floor,1.0,4.835348832008404e-31,1.4882493525970374e-15
isotropic,128,36,oracle,1.0,0.0,0.0
isotropic,128,37,projection,1.0,0.0,0.0
isotropic,128,37,empirical,1.0522909162240874,0.052290916224087394,0.46469929619124173
isotropic,128,37,oas,1.0000032573189934,3.2573189934750215e-06,0.04292203440394944
isotropic,128,37,spiked_known_floor,1.0002564469689461,0.00025644696894615705,0.036227009885563335
isotropic,128,37,oracle,1.0,0.0,0.0
isotropic,128,38,projection,1.0,0.0,0.0
isotropic,128,38,empirical,1.0593021749952,0.05930217499520006,0.4236481213017366
isotropic,128,38,oas,1.0,0.0,0.004380221057623147
isotropic,128,38,spiked_known_floor,1.0,3.529595216165846e-31,1.3301395223145383e-15
isotropic,128,38,oracle,1.0,0.0,0.0
isotropic,128,39,projection,1.0,0.0,0.0
isotropic,128,39,empirical,1.0492069371945099,0.049206937194509866,0.41030472057988976
isotropic,128,39,oas,1.0,0.0,0.021092807265936542
isotropic,128,39,spiked_known_floor,1.0,3.2074330390690468e-31,1.2745184177277991e-15
isotropic,128,39,oracle,1.0,0.0,0.0
isotropic,128,40,projection,1.0,0.0,0.0
isotropic,128,40,empirical,1.0496642766689135,0.0496642766689134,0.4664285379686641
isotropic,128,40,oas,1.0003653545444884,0.00036535454448844443,0.04100100995984848
isotropic,128,40,spiked_known_floor,1.0,4.259674474844922e-31,1.3104788017368325e-15
isotropic,128,40,oracle,1.0,0.0,0.0
isotropic,128,41,projection,1.0,0.0,0.0
isotropic,128,41,empirical,1.0451220153954808,0.04512201539548092,0.44513791355469856
isotropic,128,41,oas,1.0,0.0,0.04707865083678887
isotropic,128,41,spiked_known_floor,1.0,4.375395035391355e-31,1.347928187831084e-15
isotropic,128,41,oracle,1.0,0.0,0.0
isotropic,128,42,projection,1.0,0.0,0.0
isotropic,128,42,empirical,1.046682102858338,0.04668210285833789,0.43671966156710884
isotropic,128,42,oas,1.000025633610563,2.5633610563132e-05,0.02721081670518924
isotropic,128,42,spiked_known_floor,1.0,3.854711994216594e-31,1.3069102575696264e-15
isotropic,128,42,oracle,1.0,0.0,0.0
isotropic,128,43,projection,1.0,0.0,0.0
isotropic,128,43,empirical,1.040858843716097,0.04085884371609716,0.44178617941227655
isotropic,128,43,oas,1.0,0.0,0.015714137969593315
isotropic,128,43,spiked_known_floor,1.0,4.414736323792705e-31,1.3972978761131368e-15
isotropic,128,43,oracle,1.0,0.0,0.0
isotropic,128,44,projection,1.0,0.0,0.0
isotropic,128,44,empirical,1.054997628974994,0.05499762897499391,0.4049761449416524
isotropic,128,44,oas,1.0,0.0,0.06213185878613227
isotropic,128,44,spiked_known_floor,1.0,3.5566547010287516e-31,1.1742628854656363e-15
isotropic,128,44,oracle,1.0,0.0,0.0
isotropic,128,45,projection,1.0,0.0,0.0
isotropic,128,45,empirical,1.053912413803655,0.05391241380365514,0.43809740705274514
isotropic,128,45,oas,1.0,0.0,0.0008437356128331297
isotropic,128,45,spiked_known_floor,1.0,3.5758580809724823e-31,1.498149288718272e-15
isotropic,128,45,oracle,1.0,0.0,0.0
isotropic,128,46,projection,1.0,0.0,0.0
isotropic,128,46,empirical,1.0431869325023646,0.04318693250236474,0.4177852466825136
isotropic,128,46,oas,1.0,0.0,0.047074379000669804
isotropic,128,46,spiked_known_floor,1.0,4.538249909210157e-31,1.4440708533508153e-15
isotropic,128,46,oracle,1.0,0.0,0.0
isotropic,128,47,projection,1.0,0.0,0.0
isotropic,128,47,empirical,1.062312253249863,0.062312253249862844,0.4542330487597018
isotropic,128,47,oas,1.000086718656826,8.671865682613137e-05,0.019992005084360442
isotropic,128,47,spiked_known_floor,1.0,4.155213900122099e-31,1.2370049630546502e-15
isotropic,128,47,oracle,1.0,0.0,0.0
isotropic,128,48,projection,1.0,0.0,0.0
isotropic,128,48,empirical,1.0465178719146873,0.04651787191468723,0.4659551483152375
isotropic,128,48,oas,1.0001321089929731,0.00013210899297322126,0.03473253782278522
isotropic,128,48,spiked_known_floor,1.0,3.334462225549831e-31,1.1721635808412401e-15
isotropic,128,48,oracle,1.0,0.0,0.0
isotropic,128,49,projection,1.0,0.0,0.0
isotropic,128,49,empirical,1.0632416731422523,0.06324167314225226,0.43759517330586883
isotropic,128,49,oas,1.000000036574346,3.657434589117211e-08,0.010520494431996189
isotropic,128,49,spiked_known_floor,1.0,3.768748153730963e-31,1.3145718878044777e-15
isotropic,128,49,oracle,1.0,0.0,0.0
isotropic,128,50,projection,1.0,0.0,0.0
isotropic,128,50,empirical,1.0451878754369872,0.04518787543698714,0.4334828338193608
isotropic,128,50,oas,1.0,0.0,0.0008598999226139271
isotropic,128,50,spiked_known_floor,1.0,3.0986216292731146e-31,1.2239673256455919e-15
isotropic,128,50,oracle,1.0,0.0,0.0
isotropic,128,51,projection,1.0,0.0,0.0
isotropic,128,51,empirical,1.0504427981367632,0.05044279813676321,0.43409795350992875
isotropic,128,51,oas,1.0,0.0,0.015272097022880795
isotropic,128,51,spiked_known_floor,1.0,5.797439814734031e-31,1.545911109823997e-15
isotropic,128,51,oracle,1.0,0.0,0.0
isotropic,128,52,projection,1.0,0.0,0.0
isotropic,128,52,empirical,1.0485953475028924,0.04859534750289242,0.47605433666792335
isotropic,128,52,oas,1.000182930569371,0.00018293056937115424,0.049031543537518145
isotropic,128,52,spiked_known_floor,1.0009396422695036,0.0009396422695036958,0.09877748954108138
isotropic,128,52,oracle,1.0,0.0,0.0
isotropic,128,53,projection,1.0,0.0,0.0
isotropic,128,53,empirical,1.0358450092308986,0.03584500923089854,0.38525703318912347
isotropic,128,53,oas,1.0,0.0,0.015222830612691142
isotropic,128,53,spiked_known_floor,1.0,3.061151068375157e-31,1.1424003605028944e-15
isotropic,128,53,oracle,1.0,0.0,0.0
isotropic,128,54,projection,1.0,0.0,0.0
isotropic,128,54,empirical,1.05292364073495,0.05292364073495,0.4836190605929039
isotropic,128,54,oas,1.000323022752148,0.0003230227521481162,0.059314551693616144
isotropic,128,54,spiked_known_floor,1.0008286312233015,0.0008286312233013746,0.05761796319268326
isotropic,128,54,oracle,1.0,0.0,0.0
isotropic,128,55,projection,1.0,0.0,0.0
isotropic,128,55,empirical,1.046681120901251,0.046681120901250955,0.4307310144148204
isotropic,128,55,oas,1.0,0.0,0.009259007982930667
isotropic,128,55,spiked_known_floor,1.0,4.915598044909726e-31,1.4094750552263395e-15
isotropic,128,55,oracle,1.0,0.0,0.0
isotropic,128,56,projection,1.0,0.0,0.0
isotropic,128,56,empirical,1.0495618315465656,0.04956183154656557,0.4617437810648165
isotropic,128,56,oas,1.0004451704265511,0.0004451704265512367,0.043625793985668695
isotropic,128,56,spiked_known_floor,1.0,3.3622410049521122e-31,1.1945941034196018e-15
isotropic,128,56,oracle,1.0,0.0,0.0
isotropic,128,57,projection,1.0,0.0,0.0
isotropic,128,57,empirical,1.0410482458174521,0.04104824581745214,0.4178196766124448
isotropic,128,57,oas,1.0,0.0,0.011146294118231872
isotropic,128,57,spiked_known_floor,1.0,3.7044188116094613e-31,1.4599003686097978e-15
isotropic,128,57,oracle,1.0,0.0,0.0
isotropic,128,58,projection,1.0,0.0,0.0
isotropic,128,58,empirical,1.0466596642071533,0.0466596642071532,0.4544590205107794
isotropic,128,58,oas,1.0,0.0,0.04930869762563361
isotropic,128,58,spiked_known_floor,1.0004435102799019,0.00044351027990185705,0.05004549871085546
isotropic,128,58,oracle,1.0,0.0,0.0
isotropic,128,59,projection,1.0,0.0,0.0
isotropic,128,59,empirical,1.0454104897982726,0.04541048979827247,0.4539184982766083
isotropic,128,59,oas,1.0004306585304095,0.00043065853040931255,0.050097519178630256
isotropic,128,59,spiked_known_floor,1.0,3.8335610173565263e-31,1.2833161722718823e-15
isotropic,128,59,oracle,1.0,0.0,0.0
isotropic,128,60,projection,1.0,0.0,0.0
isotropic,128,60,empirical,1.0542177220858564,0.05421772208585657,0.42438124860338855
isotropic,128,60,oas,1.0,0.0,0.004653039678855332
isotropic,128,60,spiked_known_floor,1.0,5.369487552255574e-31,1.3319602614538718e-15
isotropic,128,60,oracle,1.0,0.0,0.0
isotropic,128,61,projection,1.0,0.0,0.0
isotropic,128,61,empirical,1.0367472532156365,0.03674725321563651,0.4352257302774088
isotropic,128,61,oas,1.0,0.0,0.01042634542638521
isotropic,128,61,spiked_known_floor,1.0,4.4154978391910534e-31,1.386287687846621e-15
isotropic,128,61,oracle,1.0,0.0,0.0
isotropic,128,62,projection,1.0,0.0,0.0
isotropic,128,62,empirical,1.0391218480203432,0.03912184802034319,0.410676589284432
isotropic,128,62,oas,1.0,0.0,0.03350152802766349
isotropic,128,62,spiked_known_floor,1.0,4.302828714789836e-31,1.2719530050689198e-15
isotropic,128,62,oracle,1.0,0.0,0.0
isotropic,128,63,projection,1.0,0.0,0.0
isotropic,128,63,empirical,1.0484848180911295,0.04848481809112949,0.43651194377879426
isotropic,128,63,oas,1.0,0.0,0.015347992130977818
isotropic,128,63,spiked_known_floor,1.0,5.125579062502833e-31,1.4238748132071183e-15
isotropic,128,63,oracle,1.0,0.0,0.0
isotropic,128,64,projection,1.0,0.0,0.0
isotropic,128,64,empirical,1.0531701850387438,0.05317018503874381,0.4137895884178803
isotropic,128,64,oas,1.0,0.0,0.002605444933714507
isotropic,128,64,spiked_known_floor,1.0,3.670348690589967e-31,1.4083283072147032e-15
isotropic,128,64,oracle,1.0,0.0,0.0
isotropic,128,65,projection,1.0,0.0,0.0
isotropic,128,65,empirical,1.040604957714415,0.040604957714414996,0.43668600366763544
isotropic,128,65,oas,1.0000055387302664,5.538730266486173e-06,0.01854809721233741
isotropic,128,65,spiked_known_floor,1.0,4.93091380600892e-31,1.5095586650847718e-15
isotropic,128,65,oracle,1.0,0.0,0.0
isotropic,128,66,projection,1.0,0.0,0.0
isotropic,128,66,empirical,1.0521153372155514,0.0521153372155514,0.43925478383629435
isotropic,128,66,oas,1.0,0.0,0.0027596174319451943
isotropic,128,66,spiked_known_floor,1.0,3.81519095451247e-31,1.3663128339788724e-15
isotropic,128,66,oracle,1.0,0.0,0.0
isotropic,128,67,projection,1.0,0.0,0.0
isotropic,128,67,empirical,1.0446256078381906,0.044625607838190605,0.39983606834348095
isotropic,128,67,oas,1.0,0.0,0.040438752702518954
isotropic,128,67,spiked_known_floor,1.0,4.637702441190796e-31,1.3886839630579765e-15
isotropic,128,67,oracle,1.0,0.0,0.0
isotropic,128,68,projection,1.0,0.0,0.0
isotropic,128,68,empirical,1.0562332730292032,0.05623327302920316,0.44992873543933354
isotropic,128,68,oas,1.0,0.0,0.019427044512519313
isotropic,128,68,spiked_known_floor,1.0,7.376185317769303e-31,1.6379972598166317e-15
isotropic,128,68,oracle,1.0,0.0,0.0
isotropic,128,69,projection,1.0,0.0,0.0
isotropic,128,69,empirical,1.035534214700454,0.0355342147004542,0.4080968366093739
isotropic,128,69,oas,1.0,0.0,0.010041602356690271
isotropic,128,69,spiked_known_floor,1.0,5.767585036481698e-31,1.6443007859777047e-15
isotropic,128,69,oracle,1.0,0.0,0.0
isotropic,128,70,projection,1.0,0.0,0.0
isotropic,128,70,empirical,1.0442211524457266,0.04422115244572656,0.41582150056994194
isotropic,128,70,oas,1.0,0.0,0.01662750752237796
isotropic,128,70,spiked_known_floor,1.0,3.895194036216179e-31,1.1906976324632941e-15
isotropic,128,70,oracle,1.0,0.0,0.0
isotropic,128,71,projection,1.0,0.0,0.0
isotropic,128,71,empirical,1.032510369600825,0.03251036960082516,0.44813263884357135
isotropic,128,71,oas,1.0,0.0,0.05965322839113951
isotropic,128,71,spiked_known_floor,1.0,5.151494130220104e-31,1.608712155388855e-15
isotropic,128,71,oracle,1.0,0.0,0.0
isotropic,128,72,projection,1.0,0.0,0.0
isotropic,128,72,empirical,1.055692427301499,0.055692427301499065,0.4521772508458814
isotropic,128,72,oas,1.0000090736143983,9.07361439825199e-06,0.016846561822869064
isotropic,128,72,spiked_known_floor,1.0,3.002034324397104e-31,1.1592161950452708e-15
isotropic,128,72,oracle,1.0,0.0,0.0
isotropic,128,73,projection,1.0,0.0,0.0
isotropic,128,73,empirical,1.0621582651089825,0.062158265108982355,0.46401364782146587
isotropic,128,73,oas,1.0001356105867412,0.00013561058674117603,0.03199277072475427
isotropic,128,73,spiked_known_floor,1.0,3.063957993580403e-31,1.2020450521102035e-15
isotropic,128,73,oracle,1.0,0.0,0.0
isotropic,128,74,projection,1.0,0.0,0.0
isotropic,128,74,empirical,1.0439313999744184,0.04393139997441844,0.4264938625748014
isotropic,128,74,oas,1.0,0.0,0.024009920074251512
isotropic,128,74,spiked_known_floor,1.0,5.01998935513802e-31,1.4664269409535912e-15
isotropic,128,74,oracle,1.0,0.0,0.0
isotropic,128,75,projection,1.0,0.0,0.0
isotropic,128,75,empirical,1.0543085932693583,0.05430859326935819,0.46176542172348223
isotropic,128,75,oas,1.0000011226606131,1.1226606130693487e-06,0.038646883397449774
isotropic,128,75,spiked_known_floor,1.0003311245826467,0.0003311245826468164,0.0529621089394528
isotropic,128,75,oracle,1.0,0.0,0.0
isotropic,128,76,projection,1.0,0.0,0.0
isotropic,128,76,empirical,1.0405485255521816,0.04054852555218177,0.3998256841057818
isotropic,128,76,oas,1.0,0.0,0.02040140101529431
isotropic,128,76,spiked_known_floor,1.0,5.2966952680485965e-31,1.4583705810610865e-15
isotropic,128,76,oracle,1.0,0.0,0.0
isotropic,128,77,projection,1.0,0.0,0.0
isotropic,128,77,empirical,1.04990084510749,0.049900845107490106,0.42081927792084417
isotropic,128,77,oas,1.0,0.0,0.02732623595232442
isotropic,128,77,spiked_known_floor,1.0,3.53728931800726e-31,1.2509976661760794e-15
isotropic,128,77,oracle,1.0,0.0,0.0
isotropic,128,78,projection,1.0,0.0,0.0
isotropic,128,78,empirical,1.0526212779353137,0.05262127793531364,0.4428639625373236
isotropic,128,78,oas,1.0,0.0,0.0346181363382383
isotropic,128,78,spiked_known_floor,1.0,3.270237408095658e-31,1.1386819750064223e-15
isotropic,128,78,oracle,1.0,0.0,0.0
isotropic,128,79,projection,1.0,0.0,0.0
isotropic,128,79,empirical,1.0602364757667564,0.06023647576675628,0.45143294124337846
isotropic,128,79,oas,1.0000425518003528,4.2551800352843055e-05,0.01436221761320801
isotropic,128,79,spiked_known_floor,1.000258383829612,0.0002583838296120233,0.031567140563159124
isotropic,128,79,oracle,1.0,0.0,0.0
isotropic,128,80,projection,1.0,0.0,0.0
isotropic,128,80,empirical,1.0482394074580312,0.04823940745803125,0.46841881784447137
isotropic,128,80,oas,1.0011820292850044,0.0011820292850045601,0.07844764869020883
isotropic,128,80,spiked_known_floor,1.0,3.972794248458187e-31,1.3555090616006703e-15
isotropic,128,80,oracle,1.0,0.0,0.0
isotropic,128,81,projection,1.0,0.0,0.0
isotropic,128,81,empirical,1.0452882824159597,0.045288282415959724,0.4711800965380527
isotropic,128,81,oas,1.0002105721220242,0.00021057212202418176,0.04195391237700301
isotropic,128,81,spiked_known_floor,1.0002348366205152,0.00023483662051531273,0.03467154355451314
isotropic,128,81,oracle,1.0,0.0,0.0
isotropic,128,82,projection,1.0,0.0,0.0
isotropic,128,82,empirical,1.0544064271667686,0.054406427166768453,0.4437361347178235
isotropic,128,82,oas,1.0,0.0,0.018123497671160615
isotropic,128,82,spiked_known_floor,1.0,5.469203442104094e-31,1.4222296003395416e-15
isotropic,128,82,oracle,1.0,0.0,0.0
isotropic,128,83,projection,1.0,0.0,0.0
isotropic,128,83,empirical,1.0757200523283321,0.07572005232833207,0.453056440599672
isotropic,128,83,oas,1.0006425360027178,0.0006425360027178257,0.0563792369312301
isotropic,128,83,spiked_known_floor,1.0,4.564378015674033e-31,1.3878605207522141e-15
isotropic,128,83,oracle,1.0,0.0,0.0
isotropic,128,84,projection,1.0,0.0,0.0
isotropic,128,84,empirical,1.0563307797261987,0.05633077972619881,0.4367441093458107
isotropic,128,84,oas,1.0,0.0,0.008575995724505405
isotropic,128,84,spiked_known_floor,1.0,4.204801730602336e-31,1.3582628724393543e-15
isotropic,128,84,oracle,1.0,0.0,0.0
isotropic,128,85,projection,1.0,0.0,0.0
isotropic,128,85,empirical,1.048519242949731,0.04851924294973095,0.44650052040636623
isotropic,128,85,oas,1.0002552949904644,0.00025529499046452267,0.05098275268956838
isotropic,128,85,spiked_known_floor,1.0,4.9482197090170416e-31,1.6551847873499255e-15
isotropic,128,85,oracle,1.0,0.0,0.0
isotropic,128,86,projection,1.0,0.0,0.0
isotropic,128,86,empirical,1.0390755819790567,0.03907558197905676,0.4069468158058944
isotropic,128,86,oas,1.0,0.0,0.009378455787587447
isotropic,128,86,spiked_known_floor,1.0,2.7481214909415905e-31,1.2979385252055608e-15
isotropic,128,86,oracle,1.0,0.0,0.0
isotropic,128,87,projection,1.0,0.0,0.0
isotropic,128,87,empirical,1.053367457522668,0.053367457522667895,0.4450273791085331
isotropic,128,87,oas,1.0,0.0,0.03157366650409666
isotropic,128,87,spiked_known_floor,1.0,5.137060094046605e-31,1.3968609668258353e-15
isotropic,128,87,oracle,1.0,0.0,0.0
isotropic,128,88,projection,1.0,0.0,0.0
isotropic,128,88,empirical,1.054554882463944,0.0545548824639439,0.46097321901614113
isotropic,128,88,oas,1.000231086639007,0.00023108663900689715,0.03110705574593575
isotropic,128,88,spiked_known_floor,1.0,4.734895597298747e-31,1.444971602044225e-15
isotropic,128,88,oracle,1.0,0.0,0.0
isotropic,128,89,projection,1.0,0.0,0.0
isotropic,128,89,empirical,1.043282860428639,0.0432828604286389,0.4291658321544714
isotropic,128,89,oas,1.0,0.0,0.013160352565087963
isotropic,128,89,spiked_known_floor,1.0,5.4433473573597195e-31,1.4636118200930674e-15
isotropic,128,89,oracle,1.0,0.0,0.0
isotropic,128,90,projection,1.0,0.0,0.0
isotropic,128,90,empirical,1.0502670236404243,0.050267023640424395,0.43912427640283147
isotropic,128,90,oas,1.0,0.0,0.021750472810425196
isotropic,128,90,spiked_known_floor,1.0,4.265473590121844e-31,1.3385835281961602e-15
isotropic,128,90,oracle,1.0,0.0,0.0
isotropic,128,91,projection,1.0,0.0,0.0
isotropic,128,91,empirical,1.0416779593370635,0.0416779593370635,0.44388150318271913
isotropic,128,91,oas,1.0000296712858074,2.96712858073408e-05,0.015715772557809475
isotropic,128,91,spiked_known_floor,1.0,4.572890659222511e-31,1.817617153180181e-15
isotropic,128,91,oracle,1.0,0.0,0.0
isotropic,128,92,projection,1.0,0.0,0.0
isotropic,128,92,empirical,1.0541639947344315,0.054163994734431474,0.43843969068744265
isotropic,128,92,oas,1.0000123140422243,1.231404222433996e-05,0.01799825621403103
isotropic,128,92,spiked_known_floor,1.0,4.217198307376001e-31,1.4265690332846034e-15
isotropic,128,92,oracle,1.0,0.0,0.0
isotropic,128,93,projection,1.0,0.0,0.0
isotropic,128,93,empirical,1.0384760550169774,0.038476055016977255,0.43987627322535733
isotropic,128,93,oas,1.0,0.0,0.0023510942043700744
isotropic,128,93,spiked_known_floor,1.0,4.317124246114502e-31,1.3969980383348767e-15
isotropic,128,93,oracle,1.0,0.0,0.0
isotropic,128,94,projection,1.0,0.0,0.0
isotropic,128,94,empirical,1.0486963148795088,0.048696314879508845,0.432599951531461
isotropic,128,94,oas,1.0,0.0,0.012768763722111998
isotropic,128,94,spiked_known_floor,1.0,4.195418710066296e-31,1.2995103011477575e-15
isotropic,128,94,oracle,1.0,0.0,0.0
isotropic,128,95,projection,1.0,0.0,0.0
isotropic,128,95,empirical,1.0443659359989608,0.044365935998960854,0.43501947129400176
isotropic,128,95,oas,1.0,0.0,0.018282993951444837
isotropic,128,95,spiked_known_floor,1.0,3.9360053007674745e-31,1.3137354534520926e-15
isotropic,128,95,oracle,1.0,0.0,0.0
isotropic,128,96,projection,1.0,0.0,0.0
isotropic,128,96,empirical,1.0649524538478188,0.06495245384781884,0.45326337035759784
isotropic,128,96,oas,1.0000515484573844,5.154845738457742e-05,0.016656305656497377
isotropic,128,96,spiked_known_floor,1.0,3.354206467774826e-31,1.3566344541692142e-15
isotropic,128,96,oracle,1.0,0.0,0.0
isotropic,128,97,projection,1.0,0.0,0.0
isotropic,128,97,empirical,1.0566129874719643,0.056612987471964304,0.435215322511415
isotropic,128,97,oas,1.0000813659549637,8.136595496373967e-05,0.042716503362460474
isotropic,128,97,spiked_known_floor,1.0,5.930964897489418e-31,1.4410131722177704e-15
isotropic,128,97,oracle,1.0,0.0,0.0
isotropic,128,98,projection,1.0,0.0,0.0
isotropic,128,98,empirical,1.0397836269695633,0.03978362696956333,0.4263619022801139
isotropic,128,98,oas,1.0,0.0,0.03004199258563156
isotropic,128,98,spiked_known_floor,1.0,3.854189764351305e-31,1.354196926759873e-15
isotropic,128,98,oracle,1.0,0.0,0.0
isotropic,128,99,projection,1.0,0.0,0.0
isotropic,128,99,empirical,1.0560384768476352,0.05603847684763503,0.45767487634032006
isotropic,128,99,oas,1.000723284768602,0.000723284768602033,0.0666557446825316
isotropic,128,99,spiked_known_floor,1.0,4.495830010550539e-31,1.3005775803041875e-15
isotropic,128,99,oracle,1.0,0.0,0.0
isotropic,128,100,projection,1.0,0.0,0.0
isotropic,128,100,empirical,1.0556339938616432,0.05563399386164326,0.4701298325156424
isotropic,128,100,oas,1.00001819742492,1.8197424919995883e-05,0.04902741989769161
isotropic,128,100,spiked_known_floor,1.000362255463036,0.00036225546303601184,0.038499145506463835
isotropic,128,100,oracle,1.0,0.0,0.0
isotropic,128,101,projection,1.0,0.0,0.0
isotropic,128,101,empirical,1.0508152372208666,0.0508152372208667,0.40354969785157274
isotropic,128,101,oas,1.0,0.0,0.0025511474626664925
isotropic,128,101,spiked_known_floor,1.0,4.4347907560431165e-31,1.4233189098055902e-15
isotropic,128,101,oracle,1.0,0.0,0.0
isotropic,128,102,projection,1.0,0.0,0.0
isotropic,128,102,empirical,1.0385130587621247,0.03851305876212473,0.44783778212891145
isotropic,128,102,oas,1.0000549926188333,5.4992618833386415e-05,0.018742344161424843
isotropic,128,102,spiked_known_floor,1.0,3.4246749693980106e-31,1.2307220347602587e-15
isotropic,128,102,oracle,1.0,0.0,0.0
isotropic,128,103,projection,1.0,0.0,0.0
isotropic,128,103,empirical,1.0469723008787295,0.04697230087872963,0.4167251893985889
isotropic,128,103,oas,1.0,0.0,0.012521944461653224
isotropic,128,103,spiked_known_floor,1.0,2.570669411556487e-31,1.0658890642454528e-15
isotropic,128,103,oracle,1.0,0.0,0.0
isotropic,128,104,projection,1.0,0.0,0.0
isotropic,128,104,empirical,1.0442445320511942,0.04424453205119431,0.40478099396782463
isotropic,128,104,oas,1.0,0.0,0.005856970084749059
isotropic,128,104,spiked_known_floor,1.0,7.4075759191633114e-31,1.582304495534896e-15
isotropic,128,104,oracle,1.0,0.0,0.0
isotropic,128,105,projection,1.0,0.0,0.0
isotropic,128,105,empirical,1.0610417475689236,0.06104174756892349,0.4910109826154782
isotropic,128,105,oas,1.000495310164295,0.0004953101642949557,0.06879613891972276
isotropic,128,105,spiked_known_floor,1.0,5.040356458256256e-31,1.340078811069289e-15
isotropic,128,105,oracle,1.0,0.0,0.0
isotropic,128,106,projection,1.0,0.0,0.0
isotropic,128,106,empirical,1.0516070357601077,0.05160703576010787,0.4447348040330378
isotropic,128,106,oas,1.000323079918217,0.0003230799182171027,0.05424352264978692
isotropic,128,106,spiked_known_floor,1.0,4.067252590825762e-31,1.223596239373615e-15
isotropic,128,106,oracle,1.0,0.0,0.0
isotropic,128,107,projection,1.0,0.0,0.0
isotropic,128,107,empirical,1.0512613166989,0.05126131669889997,0.44028424327350973
isotropic,128,107,oas,1.0,0.0,0.036740871497197736
isotropic,128,107,spiked_known_floor,1.0,3.720804204920332e-31,1.1520853567039622e-15
isotropic,128,107,oracle,1.0,0.0,0.0
isotropic,128,108,projection,1.0,0.0,0.0
isotropic,128,108,empirical,1.05045325533968,0.05045325533967989,0.45504676077064043
isotropic,128,108,oas,1.0009052302255563,0.0009052302255564454,0.08216460858553445
isotropic,128,108,spiked_known_floor,1.0,3.8543057816522325e-31,1.4621893884664695e-15
isotropic,128,108,oracle,1.0,0.0,0.0
isotropic,128,109,projection,1.0,0.0,0.0
isotropic,128,109,empirical,1.0505255191207477,0.05052551912074751,0.43736042422796095
isotropic,128,109,oas,1.0,0.0,0.003133375808622274
isotropic,128,109,spiked_known_floor,1.0,4.970565099239379e-31,1.451340522672781e-15
isotropic,128,109,oracle,1.0,0.0,0.0
isotropic,128,110,projection,1.0,0.0,0.0
isotropic,128,110,empirical,1.0381699139743361,0.03816991397433614,0.4036168469227833
isotropic,128,110,oas,1.0,0.0,0.03728406614755386
isotropic,128,110,spiked_known_floor,1.0,6.377672659104796e-31,1.559888002991544e-15
isotropic,128,110,oracle,1.0,0.0,0.0
isotropic,128,111,projection,1.0,0.0,0.0
isotropic,128,111,empirical,1.0415741829776406,0.0415741829776406,0.44414877753581705
isotropic,128,111,oas,1.000000910274985,9.102749849588104e-07,0.003317968744974265
isotropic,128,111,spiked_known_floor,1.0,3.5235454261033087e-31,1.201630393924588e-15
isotropic,128,111,oracle,1.0,0.0,0.0
isotropic,128,112,projection,1.0,0.0,0.0
isotropic,128,112,empirical,1.05070969614212,0.05070969614211992,0.45182813761994134
isotropic,128,112,oas,1.0000505827209933,5.05827209932683e-05,0.015689738720302257
isotropic,128,112,spiked_known_floor,1.0,3.311544716484801e-31,1.215505686136076e-15
isotropic,128,112,oracle,1.0,0.0,0.0
isotropic,128,113,projection,1.0,0.0,0.0
isotropic,128,113,empirical,1.04770678779514,0.0477067877951401,0.4819639573327634
isotropic,128,113,oas,1.0006934753581105,0.0006934753581105295,0.06364958802495893
isotropic,128,113,spiked_known_floor,1.0,5.417237138113113e-31,1.6451047087915601e-15
isotropic,128,113,oracle,1.0,0.0,0.0
isotropic,128,114,projection,1.0,0.0,0.0
isotropic,128,114,empirical,1.0632440001370727,0.06324400013707254,0.47508960551038865
isotropic,128,114,oas,1.0000987484830524,9.874848305239786e-05,0.05081306569162465
isotropic,128,114,spiked_known_floor,1.0,3.532639346821445e-31,1.2265503303408935e-15
isotropic,128,114,oracle,1.0,0.0,0.0
isotropic,128,115,projection,1.0,0.0,0.0
isotropic,128,115,empirical,1.0380493280895289,0.03804932808952901,0.4340918071236063
isotropic,128,115,oas,1.0,0.0,0.030523100011339514
isotropic,128,115,spiked_known_floor,1.0,6.187122082793469e-31,1.7188246463785352e-15
isotropic,128,115,oracle,1.0,0.0,0.0
isotropic,128,116,projection,1.0,0.0,0.0
isotropic,128,116,empirical,1.0546880828859158,0.05468808288591566,0.44468406121076015
isotropic,128,116,oas,1.0000713805729784,7.138057297840504e-05,0.022204564963909334
isotropic,128,116,spiked_known_floor,1.0,3.5901253162185797e-31,1.2733520888893271e-15
isotropic,128,116,oracle,1.0,0.0,0.0
isotropic,128,117,projection,1.0,0.0,0.0
isotropic,128,117,empirical,1.04224972237942,0.04224972237941997,0.4266957301962851
isotropic,128,117,oas,1.0,0.0,0.007268535418251234
isotropic,128,117,spiked_known_floor,1.0,4.0329616125231145e-31,1.3157462503031352e-15
isotropic,128,117,oracle,1.0,0.0,0.0
isotropic,128,118,projection,1.0,0.0,0.0
isotropic,128,118,empirical,1.0485569909230719,0.04855699092307187,0.4572601576148507
isotropic,128,118,oas,1.0006257282802093,0.0006257282802093716,0.05883975906094171
isotropic,128,118,spiked_known_floor,1.0,4.169244312924532e-31,1.292146384822386e-15
isotropic,128,118,oracle,1.0,0.0,0.0
isotropic,128,119,projection,1.0,0.0,0.0
isotropic,128,119,empirical,1.0434470595013687,0.04344705950136856,0.45054653237234676
isotropic,128,119,oas,1.0000087230007202,8.723000720101377e-06,0.013333573716435048
isotropic,128,119,spiked_known_floor,1.0,2.687499996372515e-31,1.1640527431928486e-15
isotropic,128,119,oracle,1.0,0.0,0.0
isotropic,128,120,projection,1.0,0.0,0.0
isotropic,128,120,empirical,1.0583930252238318,0.05839302522383191,0.43666438408583924
isotropic,128,120,oas,1.0000801558031258,8.015580312579926e-05,0.03895388672307695
isotropic,128,120,spiked_known_floor,1.0,3.3209386715074216e-31,1.1492218680723446e-15
isotropic,128,120,oracle,1.0,0.0,0.0
isotropic,128,121,projection,1.0,0.0,0.0
isotropic,128,121,empirical,1.0560274007883612,0.05602740078836124,0.5058832427519644
isotropic,128,121,oas,1.001587062589235,0.001587062589234739,0.09133683220833995
isotropic,128,121,spiked_known_floor,1.0018437466654635,0.0018437466654633895,0.09444837167417325
isotropic,128,121,oracle,1.0,0.0,0.0
isotropic,128,122,projection,1.0,0.0,0.0
isotropic,128,122,empirical,1.0382252045882376,0.03822520458823761,0.39596064413093723
isotropic,128,122,oas,1.0,0.0,0.003104626937469712
isotropic,128,122,spiked_known_floor,1.0,5.051039503091473e-31,1.4341423428751056e-15
isotropic,128,122,oracle,1.0,0.0,0.0
isotropic,128,123,projection,1.0,0.0,0.0
isotropic,128,123,empirical,1.045535664240433,0.045535664240432885,0.41924805130481085
isotropic,128,123,oas,1.0,0.0,0.027487695653228505
isotropic,128,123,spiked_known_floor,1.0,4.592393740882812e-31,1.3522793215126647e-15
isotropic,128,123,oracle,1.0,0.0,0.0
isotropic,128,124,projection,1.0,0.0,0.0
isotropic,128,124,empirical,1.0377404825770302,0.03774048257703028,0.4044981898328878
isotropic,128,124,oas,1.0,0.0,0.055628749425568835
isotropic,128,124,spiked_known_floor,1.0,4.861570620776482e-31,1.6400291751156053e-15
isotropic,128,124,oracle,1.0,0.0,0.0
isotropic,128,125,projection,1.0,0.0,0.0
isotropic,128,125,empirical,1.0607155623172317,0.06071556231723171,0.44039834529784155
isotropic,128,125,oas,1.000000882508638,8.825086380926927e-07,0.00580174242484179
isotropic,128,125,spiked_known_floor,1.0,3.305383060044257e-31,1.3357889335406467e-15
isotropic,128,125,oracle,1.0,0.0,0.0
isotropic,128,126,projection,1.0,0.0,0.0
isotropic,128,126,empirical,1.0617201347546903,0.061720134754690244,0.47817354455275923
isotropic,128,126,oas,1.0013570667911882,0.0013570667911882621,0.07073660809789238
isotropic,128,126,spiked_known_floor,1.0000931619251991,9.316192519913418e-05,0.018899203857428052
isotropic,128,126,oracle,1.0,0.0,0.0
isotropic,128,127,projection,1.0,0.0,0.0
isotropic,128,127,empirical,1.0529662587605708,0.052966258760570706,0.4450380347326586
isotropic,128,127,oas,1.0001367092512206,0.00013670925122067926,0.030918453232478837
isotropic,128,127,spiked_known_floor,1.0,5.427802652625661e-31,1.5273995944110796e-15
isotropic,128,127,oracle,1.0,0.0,0.0
isotropic,128,128,projection,1.0,0.0,0.0
isotropic,128,128,empirical,1.0609482646333948,0.060948264633394755,0.4741418120414676
isotropic,128,128,oas,1.000543189032821,0.0005431890328208501,0.04952636070506407
isotropic,128,128,spiked_known_floor,1.0,4.13057267718327e-31,1.4331028918417244e-15
isotropic,128,128,oracle,1.0,0.0,0.0
isotropic,128,129,projection,1.0,0.0,0.0
isotropic,128,129,empirical,1.0569225861845273,0.05692258618452731,0.4432980802130551
isotropic,128,129,oas,1.0003569524599811,0.0003569524599810752,0.05780321576867798
isotropic,128,129,spiked_known_floor,1.0,3.8412350686915664e-31,1.3596453273670736e-15
isotropic,128,129,oracle,1.0,0.0,0.0
isotropic,128,130,projection,1.0,0.0,0.0
isotropic,128,130,empirical,1.0533398742615918,0.0533398742615918,0.4531205175662915
isotropic,128,130,oas,1.0000009982557407,9.982557407107386e-07,0.021898670182684217
isotropic,128,130,spiked_known_floor,1.0,4.8871413692264035e-31,1.4880983868914488e-15
isotropic,128,130,oracle,1.0,0.0,0.0
isotropic,128,131,projection,1.0,0.0,0.0
isotropic,128,131,empirical,1.0481192483353525,0.04811924833535246,0.4310287780740702
isotropic,128,131,oas,1.0,0.0,0.019149489001146772
isotropic,128,131,spiked_known_floor,1.0,4.051268345318335e-31,1.2736648888421776e-15
isotropic,128,131,oracle,1.0,0.0,0.0
isotropic,128,132,projection,1.0,0.0,0.0
isotropic,128,132,empirical,1.0570496238306626,0.05704962383066264,0.4347125546659842
isotropic,128,132,oas,1.0,0.0,0.015501655295691587
isotropic,128,132,spiked_known_floor,1.0,3.4170269662120628e-31,1.267239748213806e-15
isotropic,128,132,oracle,1.0,0.0,0.0
isotropic,128,133,projection,1.0,0.0,0.0
isotropic,128,133,empirical,1.0416629857483488,0.04166298574834895,0.4346884903709355
isotropic,128,133,oas,1.0,0.0,0.01857993239021805
isotropic,128,133,spiked_known_floor,1.0,4.534795466861073e-31,1.516099517044608e-15
isotropic,128,133,oracle,1.0,0.0,0.0
isotropic,128,134,projection,1.0,0.0,0.0
isotropic,128,134,empirical,1.0501861499201133,0.05018614992011325,0.435392133580635
isotropic,128,134,oas,1.0,0.0,0.01013166135106758
isotropic,128,134,spiked_known_floor,1.0,4.1040671579222035e-31,1.279979379820662e-15
isotropic,128,134,oracle,1.0,0.0,0.0
isotropic,128,135,projection,1.0,0.0,0.0
isotropic,128,135,empirical,1.042927035881917,0.04292703588191692,0.43969215914375154
isotropic,128,135,oas,1.0000233717600555,2.3371760055554156e-05,0.02035411710568144
isotropic,128,135,spiked_known_floor,1.0,4.244500682341323e-31,1.4402695187677154e-15
isotropic,128,135,oracle,1.0,0.0,0.0
isotropic,128,136,projection,1.0,0.0,0.0
isotropic,128,136,empirical,1.0448034394675765,0.04480343946757651,0.432571816899738
isotropic,128,136,oas,1.0,0.0,0.005395938577903548
isotropic,128,136,spiked_known_floor,1.0,4.087435184071856e-31,1.2849967201895337e-15
isotropic,128,136,oracle,1.0,0.0,0.0
isotropic,128,137,projection,1.0,0.0,0.0
isotropic,128,137,empirical,1.042922916927192,0.04292291692719209,0.41032945574605406
isotropic,128,137,oas,1.0,0.0,0.0340364674639746
isotropic,128,137,spiked_known_floor,1.0,4.238409923854671e-31,1.3627905772328e-15
isotropic,128,137,oracle,1.0,0.0,0.0
isotropic,128,138,projection,1.0,0.0,0.0
isotropic,128,138,empirical,1.055171488503225,0.05517148850322513,0.46540991257172254
isotropic,128,138,oas,1.0001473856735068,0.00014738567350693863,0.03399763027057829
isotropic,128,138,spiked_known_floor,1.0,2.9004454581967525e-31,1.3391005330176512e-15
isotropic,128,138,oracle,1.0,0.0,0.0
isotropic,128,139,projection,1.0,0.0,0.0
isotropic,128,139,empirical,1.0496979686904566,0.049697968690456486,0.47874598761486153
isotropic,128,139,oas,1.0003597969240074,0.0003597969240073547,0.05246679527169962
isotropic,128,139,spiked_known_floor,1.0,4.268904975890148e-31,1.4323013499675912e-15
isotropic,128,139,oracle,1.0,0.0,0.0
isotropic,128,140,projection,1.0,0.0,0.0
isotropic,128,140,empirical,1.0527629372604044,0.05276293726040428,0.4397395875646771
isotropic,128,140,oas,1.0003443050814753,0.00034430508147535407,0.0636123996597966
isotropic,128,140,spiked_known_floor,1.0,3.6066087290160215e-31,1.3594579979768906e-15
isotropic,128,140,oracle,1.0,0.0,0.0
isotropic,128,141,projection,1.0,0.0,0.0
isotropic,128,141,empirical,1.0503109460899323,0.050310946089932376,0.4333771542520664
isotropic,128,141,oas,1.0,0.0,0.008601139131092062
isotropic,128,141,spiked_known_floor,1.0,4.9120590840646405e-31,1.4177002345616157e-15
isotropic,128,141,oracle,1.0,0.0,0.0
isotropic,128,142,projection,1.0,0.0,0.0
isotropic,128,142,empirical,1.0579214799538388,0.0579214799538387,0.46245637657042676
isotropic,128,142,oas,1.0,0.0,0.05031793509957439
isotropic,128,142,spiked_known_floor,1.0,4.9685471281669395e-31,1.2904234730235188e-15
isotropic,128,142,oracle,1.0,0.0,0.0
isotropic,128,143,projection,1.0,0.0,0.0
isotropic,128,143,empirical,1.0528093132061251,0.05280931320612528,0.43988850156465575
isotropic,128,143,oas,1.0001476844913033,0.0001476844913032926,0.04290462180545612
isotropic,128,143,spiked_known_floor,1.0,5.360072136272264e-31,1.5010631638703364e-15
isotropic,128,143,oracle,1.0,0.0,0.0
isotropic,128,144,projection,1.0,0.0,0.0
isotropic,128,144,empirical,1.0482898451886205,0.048289845188620305,0.4316056930355582
isotropic,128,144,oas,1.0000665516899367,6.655168993677639e-05,0.05141556889592362
isotropic,128,144,spiked_known_floor,1.0,4.113368142746858e-31,1.375313375742837e-15
isotropic,128,144,oracle,1.0,0.0,0.0
isotropic,128,145,projection,1.0,0.0,0.0
isotropic,128,145,empirical,1.0540545411077136,0.054054541107713704,0.45999311983499525
isotropic,128,145,oas,1.0004609016995165,0.00046090169951651806,0.043235378355987356
isotropic,128,145,spiked_known_floor,1.0,6.558800934849141e-31,1.5441422130321623e-15
isotropic,128,145,oracle,1.0,0.0,0.0
isotropic,128,146,projection,1.0,0.0,0.0
isotropic,128,146,empirical,1.0476540732573754,0.04765407325737539,0.44564881904670184
isotropic,128,146,oas,1.0003526839841954,0.0003526839841953859,0.056037579611283375
isotropic,128,146,spiked_known_floor,1.0,4.237978279702802e-31,1.4440777995135787e-15
isotropic,128,146,oracle,1.0,0.0,0.0
isotropic,128,147,projection,1.0,0.0,0.0
isotropic,128,147,empirical,1.0518546012584187,0.051854601258418724,0.40479282480877216
isotropic,128,147,oas,1.0,0.0,0.06376846641328282
isotropic,128,147,spiked_known_floor,1.0,3.4788940194383888e-31,1.263084874675476e-15
isotropic,128,147,oracle,1.0,0.0,0.0
isotropic,128,148,projection,1.0,0.0,0.0
isotropic,128,148,empirical,1.0525685245345684,0.05256852453456841,0.4287421644496071
isotropic,128,148,oas,1.0000103801693856,1.0380169385564838e-05,0.04170203831931363
isotropic,128,148,spiked_known_floor,1.0,2.9721939845763626e-31,1.369704269937093e-15
isotropic,128,148,oracle,1.0,0.0,0.0
isotropic,128,149,projection,1.0,0.0,0.0
isotropic,128,149,empirical,1.067150346789858,0.06715034678985794,0.47323864691623335
isotropic,128,149,oas,1.0016873257146153,0.0016873257146151628,0.07803400511566476
isotropic,128,149,spiked_known_floor,1.0000779607403925,7.796074039261648e-05,0.016453324726248122
isotropic,128,149,oracle,1.0,0.0,0.0
isotropic,128,150,projection,1.0,0.0,0.0
isotropic,128,150,empirical,1.0461441952328192,0.04614419523281903,0.44505926699773957
isotropic,128,150,oas,1.0,0.0,0.02998761590474586
isotropic,128,150,spiked_known_floor,1.000388467132177,0.00038846713217712404,0.039754063643274516
isotropic,128,150,oracle,1.0,0.0,0.0
isotropic,128,151,projection,1.0,0.0,0.0
isotropic,128,151,empirical,1.0484898145089543,0.04848981450895422,0.42558760236708143
isotropic,128,151,oas,1.0,0.0,0.0037126850649420455
isotropic,128,151,spiked_known_floor,1.0,4.819405495598374e-31,1.6144120102686045e-15
isotropic,128,151,oracle,1.0,0.0,0.0
isotropic,128,152,projection,1.0,0.0,0.0
isotropic,128,152,empirical,1.0442492977175113,0.044249297717511286,0.44783387651576867
isotropic,128,152,oas,1.0,0.0,0.041971838687377756
isotropic,128,152,spiked_known_floor,1.0,5.239328658447739e-31,1.4555576298124461e-15
isotropic,128,152,oracle,1.0,0.0,0.0
isotropic,128,153,projection,1.0,0.0,0.0
isotropic,128,153,empirical,1.058623414391206,0.05862341439120612,0.4966341665731139
isotropic,128,153,oas,1.0011999667646327,0.001199966764632769,0.08118025244743822
isotropic,128,153,spiked_known_floor,1.0001785239997631,0.00017852399976314644,0.04324319306145742
isotropic,128,153,oracle,1.0,0.0,0.0
isotropic,128,154,projection,1.0,0.0,0.0
isotropic,128,154,empirical,1.0570607282554185,0.05706072825541845,0.43925875623614474
isotropic,128,154,oas,1.0001148882451487,0.0001148882451487123,0.03997189396476288
isotropic,128,154,spiked_known_floor,1.0,3.2605703879342265e-31,1.253316663533042e-15
isotropic,128,154,oracle,1.0,0.0,0.0
isotropic,128,155,projection,1.0,0.0,0.0
isotropic,128,155,empirical,1.0393743215402702,0.03937432154027013,0.43591350791496924
isotropic,128,155,oas,1.0,0.0,0.01951337121978392
isotropic,128,155,spiked_known_floor,1.0,5.802382569302774e-31,1.3990282273409064e-15
isotropic,128,155,oracle,1.0,0.0,0.0
isotropic,128,156,projection,1.0,0.0,0.0
isotropic,128,156,empirical,1.036423709450463,0.0364237094504628,0.42108806753601546
isotropic,128,156,oas,1.0,0.0,0.00428004700434248
isotropic,128,156,spiked_known_floor,1.0,4.550054730634876e-31,1.4714666234591322e-15
isotropic,128,156,oracle,1.0,0.0,0.0
isotropic,128,157,projection,1.0,0.0,0.0
isotropic,128,157,empirical,1.037914714363516,0.03791471436351606,0.44039880446419744
isotropic,128,157,oas,1.0,0.0,0.023453547502460204
isotropic,128,157,spiked_known_floor,1.0,4.256469853292053e-31,1.2799331807017595e-15
isotropic,128,157,oracle,1.0,0.0,0.0
isotropic,128,158,projection,1.0,0.0,0.0
isotropic,128,158,empirical,1.0612820051772216,0.061282005177221426,0.44664391311555734
isotropic,128,158,oas,1.0000004234344337,4.2343443385474006e-07,0.00908594106761078
isotropic,128,158,spiked_known_floor,1.0,4.264635530081637e-31,1.237871747772194e-15
isotropic,128,158,oracle,1.0,0.0,0.0
isotropic,128,159,projection,1.0,0.0,0.0
isotropic,128,159,empirical,1.0385505407751419,0.03855054077514198,0.44982640365654786
isotropic,128,159,oas,1.0000017985163678,1.798516367943722e-06,0.014365989675871072
isotropic,128,159,spiked_known_floor,1.0006657119745597,0.0006657119745596519,0.05052806949017441
isotropic,128,159,oracle,1.0,0.0,0.0
isotropic,128,160,projection,1.0,0.0,0.0
isotropic,128,160,empirical,1.0434974922703055,0.04349749227030547,0.433152622791886
isotropic,128,160,oas,1.0,0.0,0.006701472053137869
isotropic,128,160,spiked_known_floor,1.0,4.461511823045684e-31,1.3914900495811668e-15
isotropic,128,160,oracle,1.0,0.0,0.0
isotropic,128,161,projection,1.0,0.0,0.0
isotropic,128,161,empirical,1.0389273149732217,0.03892731497322177,0.4105257458000375
isotropic,128,161,oas,1.0,0.0,0.013243764759072631
isotropic,128,161,spiked_known_floor,1.0,3.7955533719652446e-31,1.2758867969014669e-15
isotropic,128,161,oracle,1.0,0.0,0.0
isotropic,128,162,projection,1.0,0.0,0.0
isotropic,128,162,empirical,1.0528852602496148,0.05288526024961485,0.4091795847853852
isotropic,128,162,oas,1.0,0.0,0.06970390089884104
isotropic,128,162,spiked_known_floor,1.0,5.929523076495941e-31,1.5442588269609603e-15
isotropic,128,162,oracle,1.0,0.0,0.0
isotropic,128,163,projection,1.0,0.0,0.0
isotropic,128,163,empirical,1.0457326911639728,0.04573269116397281,0.4441929451088839
isotropic,128,163,oas,1.0000810815366064,8.108153660647607e-05,0.02622014848648464
isotropic,128,163,spiked_known_floor,1.0,3.603238695402427e-31,1.389739307122248e-15
isotropic,128,163,oracle,1.0,0.0,0.0
isotropic,128,164,projection,1.0,0.0,0.0
isotropic,128,164,empirical,1.0488151131273247,0.04881511312732468,0.4289376309700082
isotropic,128,164,oas,1.0,0.0,0.018468432451081877
isotropic,128,164,spiked_known_floor,1.0,4.338923517787572e-31,1.4049289122159311e-15
isotropic,128,164,oracle,1.0,0.0,0.0
isotropic,128,165,projection,1.0,0.0,0.0
isotropic,128,165,empirical,1.051580334315623,0.05158033431562304,0.4268664285490465
isotropic,128,165,oas,1.0,0.0,0.0062862106322187925
isotropic,128,165,spiked_known_floor,1.0,3.1412915452527505e-31,1.413847439295669e-15
isotropic,128,165,oracle,1.0,0.0,0.0
isotropic,128,166,projection,1.0,0.0,0.0
isotropic,128,166,empirical,1.055618556259023,0.05561855625902301,0.4466633530613713
isotropic,128,166,oas,1.0002912930362844,0.00029129303628443247,0.0475359549707357
isotropic,128,166,spiked_known_floor,1.0000680652199483,6.8065219948427e-05,0.02308536245294443
isotropic,128,166,oracle,1.0,0.0,0.0
isotropic,128,167,projection,1.0,0.0,0.0
isotropic,128,167,empirical,1.0489309087038057,0.0489309087038057,0.44713244718755574
isotropic,128,167,oas,1.0,0.0,0.02321805379590081
isotropic,128,167,spiked_known_floor,1.0,4.963834486975697e-31,1.4744915467693913e-15
isotropic,128,167,oracle,1.0,0.0,0.0
isotropic,128,168,projection,1.0,0.0,0.0
isotropic,128,168,empirical,1.0512391604562168,0.051239160456216654,0.4406060428656544
isotropic,128,168,oas,1.0000222266029675,2.222660296737745e-05,0.01709339842616323
isotropic,128,168,spiked_known_floor,1.0,4.601165645250714e-31,1.4571754158506214e-15
isotropic,128,168,oracle,1.0,0.0,0.0
isotropic,128,169,projection,1.0,0.0,0.0
isotropic,128,169,empirical,1.0383112645789476,0.038311264578947506,0.39087785567555006
isotropic,128,169,oas,1.0,0.0,0.014644508235091338
isotropic,128,169,spiked_known_floor,1.0,4.178049819809373e-31,1.3494037065899226e-15
isotropic,128,169,oracle,1.0,0.0,0.0
isotropic,128,170,projection,1.0,0.0,0.0
isotropic,128,170,empirical,1.046946502397821,0.04694650239782102,0.4581241025401564
isotropic,128,170,oas,1.0000633837256034,6.33837256034152e-05,0.023830487307686752
isotropic,128,170,spiked_known_floor,1.0007676301066002,0.0007676301066000676,0.05431430954382348
isotropic,128,170,oracle,1.0,0.0,0.0
isotropic,128,171,projection,1.0,0.0,0.0
isotropic,128,171,empirical,1.0388131109285734,0.03881311092857344,0.40695708799871105
isotropic,128,171,oas,1.0,0.0,0.03302140114717223
isotropic,128,171,spiked_known_floor,1.0,3.1332193728596867e-31,1.2430690760064852e-15
isotropic,128,171,oracle,1.0,0.0,0.0
isotropic,128,172,projection,1.0,0.0,0.0
isotropic,128,172,empirical,1.0462856471475346,0.04628564714753461,0.41737201760023235
isotropic,128,172,oas,1.0,0.0,0.03451434353526562
isotropic,128,172,spiked_known_floor,1.0,3.238699761471155e-31,1.2360295223670972e-15
isotropic,128,172,oracle,1.0,0.0,0.0
isotropic,128,173,projection,1.0,0.0,0.0
isotropic,128,173,empirical,1.0453477261934154,0.04534772619341557,0.44866815155027284
isotropic,128,173,oas,1.0,0.0,0.03467643797259235
isotropic,128,173,spiked_known_floor,1.0008409358188946,0.0008409358188945962,0.06743908655980808
isotropic,128,173,oracle,1.0,0.0,0.0
isotropic,128,174,projection,1.0,0.0,0.0
isotropic,128,174,empirical,1.05289466496572,0.05289466496572001,0.4403720632205718
isotropic,128,174,oas,1.000331757177365,0.00033175717736512873,0.06334735668603475
isotropic,128,174,spiked_known_floor,1.0,4.767645557320363e-31,1.4377152929918799e-15
isotropic,128,174,oracle,1.0,0.0,0.0
isotropic,128,175,projection,1.0,0.0,0.0
isotropic,128,175,empirical,1.050613118882993,0.050613118882992886,0.4515521314658405
isotropic,128,175,oas,1.0000575807930066,5.758079300655421e-05,0.015825061323098952
isotropic,128,175,spiked_known_floor,1.0,5.842022883878233e-31,1.4720980233359156e-15
isotropic,128,175,oracle,1.0,0.0,0.0
isotropic,128,176,projection,1.0,0.0,0.0
isotropic,128,176,empirical,1.0515118274468025,0.0515118274468024,0.4410344493963826
isotropic,128,176,oas,1.000182497748658,0.00018249774865803842,0.0465966334423717
isotropic,128,176,spiked_known_floor,1.0,3.741041291462809e-31,1.3387588874833382e-15
isotropic,128,176,oracle,1.0,0.0,0.0
isotropic,128,177,projection,1.0,0.0,0.0
isotropic,128,177,empirical,1.0401231460381557,0.04012314603815557,0.4025706090836987
isotropic,128,177,oas,1.0,0.0,0.026141143614997198
isotropic,128,177,spiked_known_floor,1.0,4.589106095706361e-31,1.3208320191814387e-15
isotropic,128,177,oracle,1.0,0.0,0.0
isotropic,128,178,projection,1.0,0.0,0.0
isotropic,128,178,empirical,1.0416719027366532,0.04167190273665308,0.45080601563267053
isotropic,128,178,oas,1.0000396431297522,3.9643129752225226e-05,0.014265995799842923
isotropic,128,178,spiked_known_floor,1.0,5.083938683200029e-31,1.5342381659742578e-15
isotropic,128,178,oracle,1.0,0.0,0.0
isotropic,128,179,projection,1.0,0.0,0.0
isotropic,128,179,empirical,1.0576301551622793,0.057630155162279366,0.44504219656934596
isotropic,128,179,oas,1.0000066537195509,6.653719550902978e-06,0.005652584656632299
isotropic,128,179,spiked_known_floor,1.0,4.395181267184911e-31,1.5171853170413756e-15
isotropic,128,179,oracle,1.0,0.0,0.0
isotropic,128,180,projection,1.0,0.0,0.0
isotropic,128,180,empirical,1.0442922458015735,0.04429224580157358,0.4669606607453889
isotropic,128,180,oas,1.0000025774347303,2.5774347302519005e-06,0.0470615270156517
isotropic,128,180,spiked_known_floor,1.0,3.756902270937836e-31,1.3498342540031229e-15
isotropic,128,180,oracle,1.0,0.0,0.0
isotropic,128,181,projection,1.0,0.0,0.0
isotropic,128,181,empirical,1.0405561314360077,0.04055613143600768,0.37730990830703015
isotropic,128,181,oas,1.0,0.0,0.027499040664877742
isotropic,128,181,spiked_known_floor,1.0,3.7728415060740865e-31,1.320484324606288e-15
isotropic,128,181,oracle,1.0,0.0,0.0
isotropic,128,182,projection,1.0,0.0,0.0
isotropic,128,182,empirical,1.052778047943954,0.05277804794395402,0.4431215314214776
isotropic,128,182,oas,1.0000104994829593,1.0499482959255747e-05,0.007348445098889472
isotropic,128,182,spiked_known_floor,1.0,3.100635769378217e-31,1.2184425833882176e-15
isotropic,128,182,oracle,1.0,0.0,0.0
isotropic,128,183,projection,1.0,0.0,0.0
isotropic,128,183,empirical,1.0422992844713301,0.04229928447133009,0.3993640350484993
isotropic,128,183,oas,1.0,0.0,0.017836641739435333
isotropic,128,183,spiked_known_floor,1.0,3.592247661498435e-31,1.3566800950509618e-15
isotropic,128,183,oracle,1.0,0.0,0.0
isotropic,128,184,projection,1.0,0.0,0.0
isotropic,128,184,empirical,1.057792151728295,0.057792151728295105,0.421207847456666
isotropic,128,184,oas,1.0,0.0,0.05352195245449199
isotropic,128,184,spiked_known_floor,1.0,4.783239425653865e-31,1.4249093387798925e-15
isotropic,128,184,oracle,1.0,0.0,0.0
isotropic,128,185,projection,1.0,0.0,0.0
isotropic,128,185,empirical,1.0348978443719667,0.034897844371966816,0.4147072556149707
isotropic,128,185,oas,1.0,0.0,0.01128341439262437
isotropic,128,185,spiked_known_floor,1.0,3.528562246121528e-31,1.2598103413669453e-15
isotropic,128,185,oracle,1.0,0.0,0.0
isotropic,128,186,projection,1.0,0.0,0.0
isotropic,128,186,empirical,1.0546304029623015,0.05463040296230138,0.4442759434868698
isotropic,128,186,oas,1.0001469026505572,0.0001469026505572724,0.03340281920701112
isotropic,128,186,spiked_known_floor,1.0,4.255675881435438e-31,1.2760267835990049e-15
isotropic,128,186,oracle,1.0,0.0,0.0
isotropic,128,187,projection,1.0,0.0,0.0
isotropic,128,187,empirical,1.056489536896015,0.05648953689601493,0.45974539030912676
isotropic,128,187,oas,1.0002224054297872,0.00022240542978724492,0.03057359524511651
isotropic,128,187,spiked_known_floor,1.0,4.611127271588115e-31,1.4654332318950822e-15
isotropic,128,187,oracle,1.0,0.0,0.0
isotropic,128,188,projection,1.0,0.0,0.0
isotropic,128,188,empirical,1.0504705946988184,0.0504705946988184,0.4381206116868489
isotropic,128,188,oas,1.0,0.0,0.00800454145542806
isotropic,128,188,spiked_known_floor,1.0,5.341777996569476e-31,1.5812108292536094e-15
isotropic,128,188,oracle,1.0,0.0,0.0
isotropic,128,189,projection,1.0,0.0,0.0
isotropic,128,189,empirical,1.037604094129277,0.037604094129276955,0.42858122207194854
isotropic,128,189,oas,1.0,0.0,0.014399896665937328
isotropic,128,189,spiked_known_floor,1.0,2.9988794814328448e-31,1.25224927502912e-15
isotropic,128,189,oracle,1.0,0.0,0.0
isotropic,128,190,projection,1.0,0.0,0.0
isotropic,128,190,empirical,1.0349383813474564,0.03493838134745654,0.41391473268591517
isotropic,128,190,oas,1.0,0.0,0.0009958545592549939
isotropic,128,190,spiked_known_floor,1.0,4.087373292905622e-31,1.4033784293957708e-15
isotropic,128,190,oracle,1.0,0.0,0.0
isotropic,128,191,projection,1.0,0.0,0.0
isotropic,128,191,empirical,1.052072641187444,0.05207264118744397,0.4433480056659375
isotropic,128,191,oas,1.0,0.0,0.008679211478572979
isotropic,128,191,spiked_known_floor,1.0,3.2140623979773046e-31,1.2575245850257444e-15
isotropic,128,191,oracle,1.0,0.0,0.0
isotropic,128,192,projection,1.0,0.0,0.0
isotropic,128,192,empirical,1.044387459607433,0.04438745960743293,0.43268108331338395
isotropic,128,192,oas,1.0,0.0,0.015152752989660125
isotropic,128,192,spiked_known_floor,1.0,4.788982295898115e-31,1.3538863119179726e-15
isotropic,128,192,oracle,1.0,0.0,0.0
isotropic,128,193,projection,1.0,0.0,0.0
isotropic,128,193,empirical,1.0605770347167396,0.06057703471673962,0.43608128033216964
isotropic,128,193,oas,1.000000892284486,8.922844861127498e-07,0.016028729901927538
isotropic,128,193,spiked_known_floor,1.0,4.467067655881928e-31,1.3585687736003619e-15
isotropic,128,193,oracle,1.0,0.0,0.0
isotropic,128,194,projection,1.0,0.0,0.0
isotropic,128,194,empirical,1.0415434017490988,0.04154340174909873,0.45267654651014155
isotropic,128,194,oas,1.0000934043860061,9.340438600620453e-05,0.021285389156627296
isotropic,128,194,spiked_known_floor,1.0,6.238276377536319e-31,1.5878748973955625e-15
isotropic,128,194,oracle,1.0,0.0,0.0
isotropic,128,195,projection,1.0,0.0,0.0
isotropic,128,195,empirical,1.0485977420537507,0.048597742053750705,0.44482783807742804
isotropic,128,195,oas,1.0,0.0,0.08412626828702453
isotropic,128,195,spiked_known_floor,1.0,3.763164408142151e-31,1.3482204131454047e-15
isotropic,128,195,oracle,1.0,0.0,0.0
isotropic,128,196,projection,1.0,0.0,0.0
isotropic,128,196,empirical,1.042220943973381,0.042220943973381,0.4654388400065284
isotropic,128,196,oas,1.0001235668514006,0.00012356685140059806,0.033953321424029896
isotropic,128,196,spiked_known_floor,1.0,5.640279865506828e-31,1.6668347252299581e-15
isotropic,128,196,oracle,1.0,0.0,0.0
isotropic,128,197,projection,1.0,0.0,0.0
isotropic,128,197,empirical,1.0373240191111164,0.03732401911111641,0.4330737256615684
isotropic,128,197,oas,1.0,0.0,0.0183668473963573
isotropic,128,197,spiked_known_floor,1.0,4.6287600407344186e-31,1.4141718676825208e-15
isotropic,128,197,oracle,1.0,0.0,0.0
isotropic,128,198,projection,1.0,0.0,0.0
isotropic,128,198,empirical,1.0542431937459664,0.0542431937459665,0.43962071585435475
isotropic,128,198,oas,1.0000171300200236,1.713002002343924e-05,0.01788189529942031
isotropic,128,198,spiked_known_floor,1.0,3.5193910316259587e-31,1.3530781458606634e-15
isotropic,128,198,oracle,1.0,0.0,0.0
isotropic,128,199,projection,1.0,0.0,0.0
isotropic,128,199,empirical,1.0533904814775392,0.05339048147753919,0.42789621950098683
isotropic,128,199,oas,1.0,0.0,0.02147775205076419
isotropic,128,199,spiked_known_floor,1.0,5.233739978354912e-31,1.4404232718227361e-15
isotropic,128,199,oracle,1.0,0.0,0.0
cross_spike,16,0,projection,1.2777777777777777,0.2314814814814814,0.8333333333333333
cross_spike,16,0,empirical,1.6927904155192277,0.6464941192229314,0.6964813801866004
cross_spike,16,0,oas,1.163084786474658,0.11678849017836154,0.5257287580743278
cross_spike,16,0,spiked_known_floor,1.1094395562552508,0.06314325995895459,0.41377119945941565
cross_spike,16,0,oracle,1.0462962962962965,0.0,0.0
cross_spike,16,1,projection,1.2777777777777777,0.2314814814814814,0.8333333333333333
cross_spike,16,1,empirical,1.5896169929120327,0.5433206966157367,0.8138697702621399
cross_spike,16,1,oas,1.2084640917517295,0.16216779545543303,0.5322315267668479
cross_spike,16,1,spiked_known_floor,1.110911072418421,0.06461477612212471,0.5119399133045742
cross_spike,16,1,oracle,1.0462962962962965,0.0,0.0
cross_spike,16,2,projection,1.2777777777777777,0.2314814814814814,0.8333333333333333
cross_spike,16,2,empirical,2.0824826871472975,1.0361863908510012,0.8466717941147365
cross_spike,16,2,oas,1.1830690036616636,0.13677270736536726,0.5665731762412699
cross_spike,16,2,spiked_known_floor,1.1039148295707595,0.05761853327446315,0.4758201507956481
cross_spike,16,2,oracle,1.0462962962962965,0.0,0.0
cross_spike,16,3,projection,1.2777777777777777,0.2314814814814814,0.8333333333333333
cross_spike,16,3,empirical,1.6226198058605843,0.576323509564288,1.041172929930786
cross_spike,16,3,oas,1.1746855420657647,0.12838924576946853,0.5644790599317483
cross_spike,16,3,spiked_known_floor,1.08980530385709,0.04350900756079393,0.6660554834401602
cross_spike,16,3,oracle,1.0462962962962965,0.0,0.0
cross_spike,16,4,projection,1.2777777777777777,0.2314814814814814,0.8333333333333333
cross_spike,16,4,empirical,1.4849433131746261,0.43864701687832963,0.6202718386154369
cross_spike,16,4,oas,1.1110878027078264,0.06479150641153003,0.6107773257252931
cross_spike,16,4,spiked_known_floor,1.1017866257877023,0.05549032949140616,0.4834248642853414
cross_spike,16,4,oracle,1.0462962962962965,0.0,0.0
cross_spike,16,5,projection,1.2777777777777777,0.2314814814814814,0.8333333333333333
cross_spike,16,5,empirical,1.8776454378358463,0.8313491415395501,0.6773209455100242
cross_spike,16,5,oas,1.1544880156877901,0.1081917193914938,0.6045989504568253
cross_spike,16,5,spiked_known_floor,1.1219527992739855,0.07565650297768925,0.5044621385463964
cross_spike,16,5,oracle,1.0462962962962965,0.0,0.0
cross_spike,16,6,projection,1.2777777777777777,0.2314814814814814,0.8333333333333333
cross_spike,16,6,empirical,1.7756801945003742,0.7293838982040779,0.618605845839334
cross_spike,16,6,oas,1.1788231841110148,0.13252688781471855,0.5706632534220588
cross_spike,16,6,spiked_known_floor,1.1198124943803187,0.07351619808402249,0.48206656988082147
cross_spike,16,6,oracle,1.0462962962962965,0.0,0.0
cross_spike,16,7,projection,1.2777777777777777,0.2314814814814814,0.8333333333333333
cross_spike,16,7,empirical,1.8374547215380643,0.7911584252417678,0.7254414234751847
cross_spike,16,7,oas,1.1777965307141656,0.13150023441786915,0.5031633551801487
cross_spike,16,7,spiked_known_floor,1.10824509306091,0.06194879676461365,0.449393464626707
cross_spike,16,7,oracle,1.0462962962962965,0.0,0.0
cross_spike,16,8,projection,1.2777777777777777,0.2314814814814814,0.8333333333333333
cross_spike,16,8,empirical,1.5666376532883939,0.5203413569920975,0.7538524876252205
cross_spike,16,8,oas,1.1694156073966926,0.12311931110039626,0.4694919018042505
cross_spike,16,8,spiked_known_floor,1.0807166436968636,0.03442034740056729,0.42429056332166837
cross_spike,16,8,oracle,1.0462962962962965,0.0,0.0
cross_spike,16,9,projection,1.2777777777777777,0.2314814814814814,0.8333333333333333
cross_spike,16,9,empirical,2.4352047344787584,1.3889084381824621,0.8072336901126432
cross_spike,16,9,oas,1.157928055076041,0.11163175877974482,0.5717650536405842
cross_spike,16,9,spiked_known_floor,1.1201724719140862,0.07387617561778995,0.49243127818019333
cross_spike,16,9,oracle,1.0462962962962965,0.0,0.0
cross_spike,16,10,projection,1.2777777777777777,0.2314814814814814,0.8333333333333333
cross_spike,16,10,empirical,1.7862735859718935,0.7399772896755974,0.7275506961838217
cross_spike,16,10,oas,1.1343733450750593,0.08807704877876267,0.5347431983653774
cross_spike,16,10,spiked_known_floor,1.1070850982116565,0.06078880191536026,0.45238035138745863
cross_spike,16,10,oracle,1.0462962962962965,0.0,0.0
cross_spike,16,11,projection,1.2777777777777777,0.2314814814814814,0.8333333333333333
cross_spike,16,11,empirical,1.409202705393413,0.3629064090971169,0.751580799197606
cross_spike,16,11,oas,1.1380475211969758,0.09175122490067937,0.4288190047301469
cross_spike,16,11,spiked_known_floor,1.0827639569478624,0.036467660651566,0.3869636439536863
cross_spike,16,11,oracle,1.0462962962962965,0.0,0.0
cross_spike,16,12,projection,1.2777777777777777,0.2314814814814814,0.8333333333333333
cross_spike,16,12,empirical,1.4952825905918066,0.44898629429551,0.8382262284128477
cross_spike,16,12,oas,1.1384847910761664,0.09218849477987007,0.48948997159931057
cross_spike,16,12,spiked_known_floor,1.097564016655791,0.05126772035949458,0.4894558302205187
cross_spike,16,12,oracle,1.0462962962962965,0.0,0.0
cross_spike,16,13,projection,1.2777777777777777,0.2314814814814814,0.8333333333333333
cross_spike,16,13,empirical,1.7898312276071369,0.7435349313108407,0.7105235050567599
cross_spike,16,13,oas,1.1730688875390145,0.126772591242718,0.5752551288778065
cross_spike,16,13,spiked_known_floor,1.1232766918784192,0.07698039558212301,0.4765061413207188
cross_spike,16,13,oracle,1.0462962962962965,0.0,0.0
cross_spike,16,14,projection,1.2777777777777777,0.2314814814814814,0.8333333333333333
cross_spike,16,14,empirical,1.9377297292609614,0.8914334329646655,0.6151023157961067
cross_spike,16,14,oas,1.119042999630352,0.07274670333405561,0.5008825613176252
cross_spike,16,14,spiked_known_floor,1.0858236955151028,0.03952739921880655,0.3824056945350853
cross_spike,16,14,oracle,1.0462962962962965,0.0,0.0
cross_spike,16,15,projection,1.2777777777777777,0.2314814814814814,0.8333333333333333
cross_spike,16,15,empirical,1.5063028611579894,0.4600065648616931,0.6449949911205168
cross_spike,16,15,oas,1.1687256143533595,0.1224293180570632,0.5129218948272737
cross_spike,16,15,spiked_known_floor,1.09594235310925,0.04964605681295359,0.38320074715252417
cross_spike,16,15,oracle,1.0462962962962965,0.0,0.0
cross_spike,16,16,projection,1.2777777777777777,0.2314814814814814,0.8333333333333333
cross_spike,16,16,empirical,1.755542479673132,0.7092461833768354,0.7382792995177072
cross_spike,16,16,oas,1.164957977881783,0.11866168158548647,0.656109986203146
cross_spike,16,16,spiked_known_floor,1.1395727599884387,0.09327646369214221,0.5657440688236378
cross_spike,16,16,oracle,1.0462962962962965,0.0,0.0
cross_spike,16,17,projection,1.2777777777777777,0.2314814814814814,0.8333333333333333
cross_spike,16,17,empirical,1.7690655796554051,0.7227692833591085,0.7001098566242115
cross_spike,16,17,oas,1.1450192620564148,0.09872296576011853,0.6018323842622755
cross_spike,16,17,spiked_known_floor,1.112571397399758,0.0662751011034616,0.49171072013763273
cross_spike,16,17,oracle,1.0462962962962965,0.0,0.0
cross_spike,16,18,projection,1.2777777777777777,0.2314814814814814,0.8333333333333333
cross_spike,16,18,empirical,1.4829219571329135,0.4366256608366172,1.6172789495911337
cross_spike,16,18,oas,1.1445854351347218,0.09828913883842555,1.0268780581399382
cross_spike,16,18,spiked_known_floor,1.077539645114027,0.03124334881773054,1.2878395123744815
cross_spike,16,18,oracle,1.0462962962962965,0.0,0.0
cross_spike,16,19,projection,1.2777777777777777,0.2314814814814814,0.8333333333333333
cross_spike,16,19,empirical,1.701530905212103,0.6552346089158068,0.6210649685616985
cross_spike,16,19,oas,1.1491933293572716,0.10289703306097535,0.5883001530296089
cross_spike,16,19,spiked_known_floor,1.1043025885645412,0.05800629226824488,0.48007349764527674
cross_spike,16,19,oracle,1.0462962962962965,0.0,0.0
cross_spike,16,20,projection,1.2777777777777777,0.2314814814814814,0.8333333333333333
cross_spike,16,20,empirical,1.987573419332518,0.9412771230362217,0.7224636044312951
cross_spike,16,20,oas,1.1635937958111406,0.11729749951484424,0.4953303135993574
cross_spike,16,20,spiked_known_floor,1.1058887028138955,0.059592406517599256,0.4253151533569304
cross_spike,16,20,oracle,1.0462962962962965,0.0,0.0
cross_spike,16,21,projection,1.2777777777777777,0.2314814814814814,0.8333333333333333
cross_spike,16,21,empirical,1.9206148866892445,0.8743185903929482,0.6589771834438725
cross_spike,16,21,oas,1.1257183364158851,0.07942204011958877,0.5714690014024613
cross_spike,16,21,spiked_known_floor,1.1032527829262078,0.05695648662991152,0.4440585181002407
cross_spike,16,21,oracle,1.0462962962962965,0.0,0.0
cross_spike,16,22,projection,1.2777777777777777,0.2314814814814814,0.8333333333333333
cross_spike,16,22,empirical,1.5192564149088936,0.4729601186125972,0.7994417207956751
cross_spike,16,22,oas,1.1851133107097125,0.1388170144134161,0.7603377742160287
cross_spike,16,22,spiked_known_floor,1.138946515150298,0.09265021885400168,0.6811337596436268
cross_spike,16,22,oracle,1.0462962962962965,0.0,0.0
cross_spike,16,23,projection,1.2777777777777777,0.2314814814814814,0.8333333333333333
cross_spike,16,23,empirical,1.686829798986487,0.6405335026901906,0.6607621443119337
cross_spike,16,23,oas,1.1550221577432858,0.10872586144698944,0.5845744265398392
cross_spike,16,23,spiked_known_floor,1.118047444189592,0.07175114789329573,0.48845054137996574
cross_spike,16,23,oracle,1.0462962962962965,0.0,0.0
cross_spike,16,24,projection,1.2777777777777777,0.2314814814814814,0.8333333333333333
cross_spike,16,24,empirical,1.562040837286578,0.5157445409902818,0.5950035584290704
cross_spike,16,24,oas,1.1451229367821096,0.09882664048581329,0.4436970736099978
cross_spike,16,24,spiked_known_floor,1.0807543982399355,0.034458101943639165,0.343024511527442
cross_spike,16,24,oracle,1.0462962962962965,0.0,0.0
cross_spike,16,25,projection,1.2777777777777777,0.2314814814814814,0.8333333333333333
cross_spike,16,25,empirical,2.076541632844908,1.0302453365486113,0.9001120596313849
cross_spike,16,25,oas,1.1570113636506087,0.11071506735431248,0.47600123834989067
cross_spike,16,25,spiked_known_floor,1.0658845708787565,0.019588274582460097,0.5251419760651908
cross_spike,16,25,oracle,1.0462962962962965,0.0,0.0
cross_spike,16,26,projection,1.2777777777777777,0.2314814814814814,0.8333333333333333
cross_spike,16,26,empirical,2.1177588557771276,1.071462559480831,0.8078061973260909
cross_spike,16,26,oas,1.1410810114209426,0.09478471512464619,0.47970135419195475
cross_spike,16,26,spiked_known_floor,1.0749432316108503,0.028646935314553874,0.4908623503671226
cross_spike,16,26,oracle,1.0462962962962965,0.0,0.0
cross_spike,16,27,projection,1.2777777777777777,0.2314814814814814,0.8333333333333333
cross_spike,16,27,empirical,1.5542854638194923,0.507989167523196,0.940753581414744
cross_spike,16,27,oas,1.1705502814501874,0.1242539851538912,0.5007266244280362
cross_spike,16,27,spiked_known_floor,1.0745541266686016,0.02825783037230528,0.5889758802633099
cross_spike,16,27,oracle,1.0462962962962965,0.0,0.0
cross_spike,16,28,projection,1.2777777777777777,0.2314814814814814,0.8333333333333333
cross_spike,16,28,empirical,1.6670171335119508,0.6207208372156545,0.8714799126864606
cross_spike,16,28,oas,1.148509356057013,0.10221305976071678,0.4824413961375246
cross_spike,16,28,spiked_known_floor,1.074418390683042,0.028122094386745775,0.5278491736409595
cross_spike,16,28,oracle,1.0462962962962965,0.0,0.0
cross_spike,16,29,projection,1.2777777777777777,0.2314814814814814,0.8333333333333333
cross_spike,16,29,empirical,1.5557291188817766,0.5094328225854804,0.8572690480993466
cross_spike,16,29,oas,1.1525220116560222,0.10622571535972597,0.5324418507905747
cross_spike,16,29,spiked_known_floor,1.100538942767928,0.05424264647163166,0.5671540198432143
cross_spike,16,29,oracle,1.0462962962962965,0.0,0.0
cross_spike,16,30,projection,1.2777777777777777,0.2314814814814814,0.8333333333333333
cross_spike,16,30,empirical,1.4324957447263027,0.3861994484300062,0.7514565161058266
cross_spike,16,30,oas,1.154784480599346,0.10848818430304949,0.42750977338085694
cross_spike,16,30,spiked_known_floor,1.0755175877466558,0.029221291450359597,0.37846938857951495
cross_spike,16,30,oracle,1.0462962962962965,0.0,0.0
cross_spike,16,31,projection,1.2777777777777777,0.2314814814814814,0.8333333333333333
cross_spike,16,31,empirical,1.8372861411331232,0.7909898448368269,0.7105728677301025
cross_spike,16,31,oas,1.1657287536408885,0.11943245734459212,0.6346835244318565
cross_spike,16,31,spiked_known_floor,1.1260886295827486,0.07979233328645204,0.5204796450154964
cross_spike,16,31,oracle,1.0462962962962965,0.0,0.0
cross_spike,16,32,projection,1.2777777777777777,0.2314814814814814,0.8333333333333333
cross_spike,16,32,empirical,1.9015206212762803,0.8552243249799837,0.6946894434950763
cross_spike,16,32,oas,1.1450497004651794,0.09875340416888295,0.4691089761744367
cross_spike,16,32,spiked_known_floor,1.0940548667552727,0.04775857045897639,0.3724482079177625
cross_spike,16,32,oracle,1.0462962962962965,0.0,0.0
cross_spike,16,33,projection,1.2777777777777777,0.2314814814814814,0.8333333333333333
cross_spike,16,33,empirical,3.0111595972482053,1.964863300951909,0.6392078781338184
cross_spike,16,33,oas,1.1202519484196192,0.07395565212332286,0.4339183810892416
cross_spike,16,33,spiked_known_floor,1.0711083789021192,0.024812082605822863,0.30951969566030324
cross_spike,16,33,oracle,1.0462962962962965,0.0,0.0
cross_spike,16,34,projection,1.2777777777777777,0.2314814814814814,0.8333333333333333
cross_spike,16,34,empirical,1.7412876411728382,0.694991344876542,0.6794071354830402
cross_spike,16,34,oas,1.16759325382876,0.12129695753246326,0.4981633461253068
cross_spike,16,34,spiked_known_floor,1.1030010475934502,0.05670475129715377,0.4301398720637127
cross_spike,16,34,oracle,1.0462962962962965,0.0,0.0
cross_spike,16,35,projection,1.2777777777777777,0.2314814814814814,0.8333333333333333
cross_spike,16,35,empirical,1.7206789342182072,0.6743826379219109,0.7270567518330707
cross_spike,16,35,oas,1.1632570096720576,0.1169607133757613,0.4670387512076555
cross_spike,16,35,spiked_known_floor,1.0924095015194437,0.04611320522314724,0.3985570299493056
cross_spike,16,35,oracle,1.0462962962962965,0.0,0.0
cross_spike,16,36,projection,1.2777777777777777,0.2314814814814814,0.8333333333333333
cross_spike,16,36,empirical,1.8457789485236695,0.7994826522273734,0.7449206365986619
cross_spike,16,36,oas,1.183010508599642,0.13671421230334563,0.7634760681719924
cross_spike,16,36,spiked_known_floor,1.1286463331251078,0.08235003682881137,0.7100507467638029
cross_spike,16,36,oracle,1.0462962962962965,0.0,0.0
cross_spike,16,37,projection,1.2777777777777777,0.2314814814814814,0.8333333333333333
cross_spike,16,37,empirical,1.5636889873836455,0.5173926910873491,0.6366310807189699
cross_spike,16,37,oas,1.1559523197782038,0.10965602348190723,0.5948464991893475
cross_spike,16,37,spiked_known_floor,1.1154300398424428,0.06913374354614632,0.4940578570685427
cross_spike,16,37,oracle,1.0462962962962965,0.0,0.0
cross_spike,16,38,projection,1.2777777777777777,0.2314814814814814,0.8333333333333333
cross_spike,16,38,empirical,1.4156499041449686,0.36935360784867227,0.7986928630641954
cross_spike,16,38,oas,1.1537913047452903,0.10749500844899385,0.4792208003794342
cross_spike,16,38,spiked_known_floor,1.095549816449141,0.04925352015284491,0.4666628542911028
cross_spike,16,38,oracle,1.0462962962962965,0.0,0.0
cross_spike,16,39,projection,1.2777777777777777,0.2314814814814814,0.8333333333333333
cross_spike,16,39,empirical,1.7198435790080195,0.6735472827117233,0.8382861923776361
cross_spike,16,39,oas,1.1341677816603541,0.08787148536405788,0.5159110832177998
cross_spike,16,39,spiked_known_floor,1.0997213345035501,0.053425038207253875,0.46337755654526586
cross_spike,16,39,oracle,1.0462962962962965,0.0,0.0
cross_spike,16,40,projection,1.2777777777777777,0.2314814814814814,0.8333333333333333
cross_spike,16,40,empirical,1.5743783836290703,0.5280820873327742,0.8503715077917358
cross_spike,16,40,oas,1.1573268664221992,0.11103057012590291,0.5336329460216607
cross_spike,16,40,spiked_known_floor,1.0915557885015361,0.045259492205239685,0.5134576775845631
cross_spike,16,40,oracle,1.0462962962962965,0.0,0.0
cross_spike,16,41,projection,1.2777777777777777,0.2314814814814814,0.8333333333333333
cross_spike,16,41,empirical,1.5797742345866017,0.5334779382903051,0.6339443330640623
cross_spike,16,41,oas,1.1724680949472217,0.12617179865092534,0.4792471547387856
cross_spike,16,41,spiked_known_floor,1.0930525631134218,0.04675626681712526,0.41251754421973863
cross_spike,16,41,oracle,1.0462962962962965,0.0,0.0
cross_spike,16,42,projection,1.2777777777777777,0.2314814814814814,0.8333333333333333
cross_spike,16,42,empirical,1.5545996178697103,0.508303321573414,0.6837189184894898
cross_spike,16,42,oas,1.1784748591744783,0.13217856287818192,0.7054727191570429
cross_spike,16,42,spiked_known_floor,1.148200724422343,0.10190442812604676,0.6194736579491423
cross_spike,16,42,oracle,1.0462962962962965,0.0,0.0
cross_spike,16,43,projection,1.2777777777777777,0.2314814814814814,0.8333333333333333
cross_spike,16,43,empirical,1.2739692240270981,0.22767292773080186,1.4505693828160802
cross_spike,16,43,oas,1.1401406349890928,0.0938443386927964,0.8944745834550786
cross_spike,16,43,spiked_known_floor,1.0898906789178007,0.04359438262150436,1.1332129932083423
cross_spike,16,43,oracle,1.0462962962962965,0.0,0.0
cross_spike,16,44,projection,1.2777777777777777,0.2314814814814814,0.8333333333333333
cross_spike,16,44,empirical,1.724492720531041,0.6781964242347447,0.6787643546883585
cross_spike,16,44,oas,1.169294563147619,0.12299826685132247,0.5244145052235414
cross_spike,16,44,spiked_known_floor,1.1019789412964218,0.05568264500012543,0.4213216366267336
cross_spike,16,44,oracle,1.0462962962962965,0.0,0.0
cross_spike,16,45,projection,1.2777777777777777,0.2314814814814814,0.8333333333333333
cross_spike,16,45,empirical,1.420034332637591,0.37373803634129454,0.7020332469332717
cross_spike,16,45,oas,1.159022170992234,0.11272587469593767,0.4263956012090502
cross_spike,16,45,spiked_known_floor,1.0846849840915067,0.03838868779521044,0.3864638098751466
cross_spike,16,45,oracle,1.0462962962962965,0.0,0.0
cross_spike,16,46,projection,1.2777777777777777,0.2314814814814814,0.8333333333333333
cross_spike,16,46,empirical,1.6359509962484615,0.5896546999521651,0.6906731849210839
cross_spike,16,46,oas,1.124406923294912,0.07811062699861587,0.6477371253302793
cross_spike,16,46,spiked_known_floor,1.1198311029329646,0.07353480663666837,0.5281491549385763
cross_spike,16,46,oracle,1.0462962962962965,0.0,0.0
cross_spike,16,47,projection,1.2777777777777777,0.2314814814814814,0.8333333333333333
cross_spike,16,47,empirical,1.6740956020814737,0.6277993057851774,0.7215060792910342
cross_spike,16,47,oas,1.1576793282217879,0.11138303192549147,0.5181953239429309
cross_spike,16,47,spiked_known_floor,1.0856167354150257,0.03932043911872947,0.4169470320823459
cross_spike,16,47,oracle,1.0462962962962965,0.0,0.0
cross_spike,16,48,projection,1.2777777777777777,0.2314814814814814,0.8333333333333333
cross_spike,16,48,empirical,1.576381235038217,0.5300849387419205,0.6551861639239188
cross_spike,16,48,oas,1.1397573776941252,0.09346108139782877,0.5301248620792095
cross_spike,16,48,spiked_known_floor,1.0848543001432294,0.03855800384693292,0.3708876946448976
cross_spike,16,48,oracle,1.0462962962962965,0.0,0.0
cross_spike,16,49,projection,1.2777777777777777,0.2314814814814814,0.8333333333333333
cross_spike,16,49,empirical,1.5878298137631788,0.5415335174668824,0.7168151125342119
cross_spike,16,49,oas,1.1647523702646085,0.11845607396831213,0.5668269960762969
cross_spike,16,49,spiked_known_floor,1.09950522084139,0.05320892454509359,0.489808733066553
cross_spike,16,49,oracle,1.0462962962962965,0.0,0.0
cross_spike,16,50,projection,1.2777777777777777,0.2314814814814814,0.8333333333333333
cross_spike,16,50,empirical,1.8025859829712805,0.7562896866749841,0.6353038582887356
cross_spike,16,50,oas,1.155375556600276,0.10907926030397956,0.611107738965588
cross_spike,16,50,spiked_known_floor,1.0984435762828733,0.05214727998657684,0.5071041608241315
cross_spike,16,50,oracle,1.0462962962962965,0.0,0.0
cross_spike,16,51,projection,1.2777777777777777,0.2314814814814814,0.8333333333333333
cross_spike,16,51,empirical,1.7978330764320454,0.7515367801357492,0.8059485089885643
cross_spike,16,51,oas,1.190426649021774,0.1441303527254778,0.7607263885212792
cross_spike,16,51,spiked_known_floor,1.1535195039723505,0.10722320767605417,0.699040017057907
cross_spike,16,51,oracle,1.0462962962962965,0.0,0.0
cross_spike,16,52,projection,1.2777777777777777,0.2314814814814814,0.8333333333333333
cross_spike,16,52,empirical,2.053537579097603,1.007241282801307,0.6617808076096273
cross_spike,16,52,oas,1.1297766595880079,0.08348036329171166,0.6852908361547827
cross_spike,16,52,spiked_known_floor,1.0945586407834507,0.04826234448715432,0.5918196114227496
cross_spike,16,52,oracle,1.0462962962962965,0.0,0.0
cross_spike,16,53,projection,1.2777777777777777,0.2314814814814814,0.8333333333333333
cross_spike,16,53,empirical,1.8181813874584778,0.7718850911621814,0.7685345577413474
cross_spike,16,53,oas,1.1978497874211589,0.15155349112486255,0.5991589479106841
cross_spike,16,53,spiked_known_floor,1.1257871178018652,0.0794908215055688,0.5479866460551622
cross_spike,16,53,oracle,1.0462962962962965,0.0,0.0
cross_spike,16,54,projection,1.2777777777777777,0.2314814814814814,0.8333333333333333
cross_spike,16,54,empirical,1.539561061971714,0.4932647656754178,0.6438459703489521
cross_spike,16,54,oas,1.1453263406141425,0.09903004431784601,0.5587960007196497
cross_spike,16,54,spiked_known_floor,1.1154805507376038,0.06918425444130734,0.45478729454436223
cross_spike,16,54,oracle,1.0462962962962965,0.0,0.0
cross_spike,16,55,projection,1.2777777777777777,0.2314814814814814,0.8333333333333333
cross_spike,16,55,empirical,2.053041351812066,1.0067450555157695,0.7229852875722329
cross_spike,16,55,oas,1.1579861423849847,0.1116898460886884,0.7210623777693883
cross_spike,16,55,spiked_known_floor,1.1349859293784192,0.08868963308212308,0.6435843120108046
cross_spike,16,55,oracle,1.0462962962962965,0.0,0.0
cross_spike,16,56,projection,1.2777777777777777,0.2314814814814814,0.8333333333333333
cross_spike,16,56,empirical,1.7073020546432334,0.6610057583469369,0.7443907218860075
cross_spike,16,56,oas,1.204998163563523,0.1587018672672267,0.5590733415902561
cross_spike,16,56,spiked_known_floor,1.1150767505537664,0.06878045425747023,0.4981780239797539
cross_spike,16,56,oracle,1.0462962962962965,0.0,0.0
cross_spike,16,57,projection,1.2777777777777777,0.2314814814814814,0.8333333333333333
cross_spike,16,57,empirical,1.7112042373687484,0.6649079410724522,0.843807554267468
cross_spike,16,57,oas,1.1377832955720855,0.09148699927578907,0.43752751691648983
cross_spike,16,57,spiked_known_floor,1.0627281477661366,0.016431851469840327,0.48815939004649483
cross_spike,16,57,oracle,1.0462962962962965,0.0,0.0
cross_spike,16,58,projection,1.2777777777777777,0.2314814814814814,0.8333333333333333
cross_spike,16,58,empirical,1.6945368495831739,0.6482405532868771,0.6272126363377428
cross_spike,16,58,oas,1.1278907657943822,0.08159446949808581,0.45630263579602803
cross_spike,16,58,spiked_known_floor,1.075568604804812,0.0292723085085157,0.3421123169891645
cross_spike,16,58,oracle,1.0462962962962965,0.0,0.0
cross_spike,16,59,projection,1.2777777777777777,0.2314814814814814,0.8333333333333333
cross_spike,16,59,empirical,1.4925576453550893,0.4462613490587931,0.6825137796706381
cross_spike,16,59,oas,1.1750604920460104,0.12876419574971412,0.5760323084631215
cross_spike,16,59,spiked_known_floor,1.118003889512107,0.0717075932158105,0.4899574718886475
cross_spike,16,59,oracle,1.0462962962962965,0.0,0.0
cross_spike,16,60,projection,1.2777777777777777,0.2314814814814814,0.8333333333333333
cross_spike,16,60,empirical,1.8403326662168813,0.7940363699205846,0.6083443470802212
cross_spike,16,60,oas,1.1206253294582662,0.07432903316196987,0.558369775158899
cross_spike,16,60,spiked_known_floor,1.079799330294984,0.03350303399868779,0.3907213605092189
cross_spike,16,60,oracle,1.0462962962962965,0.0,0.0
cross_spike,16,61,projection,1.2777777777777777,0.2314814814814814,0.8333333333333333
cross_spike,16,61,empirical,1.6312669985948665,0.5849707022985703,0.7046535708560581
cross_spike,16,61,oas,1.1384961594925502,0.09219986319625388,0.4756450746368681
cross_spike,16,61,spiked_known_floor,1.0851854929345053,0.03888919663820892,0.4238789412110191
cross_spike,16,61,oracle,1.0462962962962965,0.0,0.0
cross_spike,16,62,projection,1.2777777777777777,0.2314814814814814,0.8333333333333333
cross_spike,16,62,empirical,2.4665296706890434,1.4202333743927467,0.7289531795501081
cross_spike,16,62,oas,1.1493670635168054,0.10307076722050912,0.46705164567804336
cross_spike,16,62,spiked_known_floor,1.085223897182249,0.03892760088595288,0.4186943539943029
cross_spike,16,62,oracle,1.0462962962962965,0.0,0.0
cross_spike,16,63,projection,1.2777777777777777,0.2314814814814814,0.8333333333333333
cross_spike,16,63,empirical,1.6407436569891736,0.5944473606928772,0.6365798556844399
cross_spike,16,63,oas,1.1407769504430474,0.09448065414675112,0.6626373124574214
cross_spike,16,63,spiked_known_floor,1.100788699112022,0.05449240281572537,0.5662500427765876
cross_spike,16,63,oracle,1.0462962962962965,0.0,0.0
cross_spike,16,64,projection,1.2777777777777777,0.2314814814814814,0.8333333333333333
cross_spike,16,64,empirical,1.6561622693108846,0.6098659730145883,0.5942381856329441
cross_spike,16,64,oas,1.1243276584712936,0.07803136217499736,0.4461351058781718
cross_spike,16,64,spiked_known_floor,1.075071893035884,0.028775596739587753,0.30546631747717345
cross_spike,16,64,oracle,1.0462962962962965,0.0,0.0
cross_spike,16,65,projection,1.2777777777777777,0.2314814814814814,0.8333333333333333
cross_spike,16,65,empirical,1.777813999328763,0.7315177030324669,0.624843961757026
cross_spike,16,65,oas,1.1341597097518226,0.08786341345552631,0.4930981159587681
cross_spike,16,65,spiked_known_floor,1.0882233499445317,0.041927053648235374,0.38651037262701726
cross_spike,16,65,oracle,1.0462962962962965,0.0,0.0
cross_spike,16,66,projection,1.2777777777777777,0.2314814814814814,0.8333333333333333
cross_spike,16,66,empirical,1.6883259490375422,0.6420296527412458,0.7605075627732343
cross_spike,16,66,oas,1.1636084356111804,0.11731213931488421,0.49938226428649973
cross_spike,16,66,spiked_known_floor,1.101700021229315,0.05540372493301868,0.45455868775053326
cross_spike,16,66,oracle,1.0462962962962965,0.0,0.0
cross_spike,16,67,projection,1.2777777777777777,0.2314814814814814,0.8333333333333333
cross_spike,16,67,empirical,1.6129318512963566,0.5666355550000604,0.7097238387173674
cross_spike,16,67,oas,1.1457877040874047,0.09949140779110854,0.5217986873498256
cross_spike,16,67,spiked_known_floor,1.1043291161834954,0.05803281988719909,0.4299585858664231
cross_spike,16,67,oracle,1.0462962962962965,0.0,0.0
cross_spike,16,68,projection,1.2777777777777777,0.2314814814814814,0.8333333333333333
cross_spike,16,68,empirical,1.4230694444223215,0.3767731481260252,0.791342944778878
cross_spike,16,68,oas,1.157951948852267,0.11165565255597058,0.4410172581661147
cross_spike,16,68,spiked_known_floor,1.078728011191703,0.03243171489540675,0.4540430363102909
cross_spike,16,68,oracle,1.0462962962962965,0.0,0.0
cross_spike,16,69,projection,1.2777777777777777,0.2314814814814814,0.8333333333333333
cross_spike,16,69,empirical,1.4520552769551722,0.405758980658876,0.9254695251134998
cross_spike,16,69,oas,1.1694689018057203,0.12317260550942384,0.5438500014530484
cross_spike,16,69,spiked_known_floor,1.1088191511858971,0.06252285488960095,0.5954118264929752
cross_spike,16,69,oracle,1.0462962962962965,0.0,0.0
cross_spike,16,70,projection,1.2777777777777777,0.2314814814814814,0.8333333333333333
cross_spike,16,70,empirical,1.6599874156779855,0.6136911193816892,0.6491454477069922
cross_spike,16,70,oas,1.124002996814772,0.07770670051847577,0.41329544278007063
cross_spike,16,70,spiked_known_floor,1.0706040785625472,0.024307782266250928,0.2821501654752763
cross_spike,16,70,oracle,1.0462962962962965,0.0,0.0
cross_spike,16,71,projection,1.2777777777777777,0.2314814814814814,0.8333333333333333
cross_spike,16,71,empirical,2.0266999593708075,0.9804036630745111,0.6375623565583095
cross_spike,16,71,oas,1.1751415788263728,0.12884528253007654,0.543164936750075
cross_spike,16,71,spiked_known_floor,1.0887848593785867,0.04248856308229034,0.4354712711189713
cross_spike,16,71,oracle,1.0462962962962965,0.0,0.0
cross_spike,16,72,projection,1.2777777777777777,0.2314814814814814,0.8333333333333333
cross_spike,16,72,empirical,1.6166925352382138,0.5703962389419173,0.7418084612218776
cross_spike,16,72,oas,1.16685731442407,0.12056101812777342,0.48580303361358385
cross_spike,16,72,spiked_known_floor,1.1072926389254452,0.06099634262914882,0.4486540593207482
cross_spike,16,72,oracle,1.0462962962962965,0.0,0.0
cross_spike,16,73,projection,1.2777777777777777,0.2314814814814814,0.8333333333333333
cross_spike,16,73,empirical,1.7150235068303674,0.6687272105340711,0.683575030988584
cross_spike,16,73,oas,1.159611517640287,0.11331522134399069,0.5519698485262048
cross_spike,16,73,spiked_known_floor,1.0970421918639777,0.050745895567681235,0.45225515072700156
cross_spike,16,73,oracle,1.0462962962962965,0.0,0.0
cross_spike,16,74,projection,1.2777777777777777,0.2314814814814814,0.8333333333333333
cross_spike,16,74,empirical,2.390435039438591,1.344138743142295,0.6998127913076574
cross_spike,16,74,oas,1.1906567759626727,0.14436047966637627,0.5423829433489739
cross_spike,16,74,spiked_known_floor,1.1046120534533481,0.058315757157051666,0.45757323454082477
cross_spike,16,74,oracle,1.0462962962962965,0.0,0.0
cross_spike,16,75,projection,1.2777777777777777,0.2314814814814814,0.8333333333333333
cross_spike,16,75,empirical,2.119521119295647,1.0732248229993506,0.7795410937828674
cross_spike,16,75,oas,1.162200798494183,0.1159045021978864,0.47230306563652297
cross_spike,16,75,spiked_known_floor,1.0821375427193862,0.03584124642308983,0.41563694505056714
cross_spike,16,75,oracle,1.0462962962962965,0.0,0.0
cross_spike,16,76,projection,1.2777777777777777,0.2314814814814814,0.8333333333333333
cross_spike,16,76,empirical,1.643682167388623,0.5973858710923268,0.7100860549291179
cross_spike,16,76,oas,1.1300662926128062,0.0837699963165099,0.6245133965874694
cross_spike,16,76,spiked_known_floor,1.1134583963036693,0.06716210000737274,0.4860796911570438
cross_spike,16,76,oracle,1.0462962962962965,0.0,0.0
cross_spike,16,77,projection,1.2777777777777777,0.2314814814814814,0.8333333333333333
cross_spike,16,77,empirical,1.6327990334120561,0.5865027371157595,0.7392478972610098
cross_spike,16,77,oas,1.1384772516017068,0.09218095530541054,0.4928423806187696
cross_spike,16,77,spiked_known_floor,1.0803851048690967,0.03408880857280037,0.36652501359868905
cross_spike,16,77,oracle,1.0462962962962965,0.0,0.0
cross_spike,16,78,projection,1.2777777777777777,0.2314814814814814,0.8333333333333333
cross_spike,16,78,empirical,1.892760291521425,0.8464639952251286,0.6511628247642911
cross_spike,16,78,oas,1.1281283121691201,0.08183201587282385,0.4561853318098852
cross_spike,16,78,spiked_known_floor,1.0779594507795067,0.03166315448321035,0.3268787113628247
cross_spike,16,78,oracle,1.0462962962962965,0.0,0.0
cross_spike,16,79,projection,1.2777777777777777,0.2314814814814814,0.8333333333333333
cross_spike,16,79,empirical,1.651968313265047,0.6056720169687507,0.603533346380385
cross_spike,16,79,oas,1.1620412458192135,0.11574494952291732,0.5981046457505891
cross_spike,16,79,spiked_known_floor,1.1085794559687736,0.06228315967247755,0.5011978109325418
cross_spike,16,79,oracle,1.0462962962962965,0.0,0.0
cross_spike,16,80,projection,1.2777777777777777,0.2314814814814814,0.8333333333333333
cross_spike,16,80,empirical,1.5505334866972287,0.5042371904009323,0.7798499874315101
cross_spike,16,80,oas,1.160048432159323,0.11375213586302649,0.45035326648108404
cross_spike,16,80,spiked_known_floor,1.0746989313456012,0.02840263504930488,0.42056959530649984
cross_spike,16,80,oracle,1.0462962962962965,0.0,0.0
cross_spike,16,81,projection,1.2777777777777777,0.2314814814814814,0.8333333333333333
cross_spike,16,81,empirical,1.4967264355745544,0.4504301392782579,0.8819020693393624
cross_spike,16,81,oas,1.1585604164768124,0.11226412018051585,0.4998059385568791
cross_spike,16,81,spiked_known_floor,1.1032068819266347,0.056910585630338385,0.5651785468453764
cross_spike,16,81,oracle,1.0462962962962965,0.0,0.0
cross_spike,16,82,projection,1.2777777777777777,0.2314814814814814,0.8333333333333333
cross_spike,16,82,empirical,2.3436025132957155,1.297306216999419,0.7061014695548679
cross_spike,16,82,oas,1.1791360658719081,0.13283976957561183,0.6541158593767211
cross_spike,16,82,spiked_known_floor,1.1286628384536752,0.08236654215737864,0.5787562839676123
cross_spike,16,82,oracle,1.0462962962962965,0.0,0.0
cross_spike,16,83,projection,1.2777777777777777,0.2314814814814814,0.8333333333333333
cross_spike,16,83,empirical,1.6215125358593854,0.5752162395630889,0.6961686052467599
cross_spike,16,83,oas,1.146011462062203,0.09971516576590665,0.5664460798051575
cross_spike,16,83,spiked_known_floor,1.1022773665703032,0.05598107027400686,0.45375142468509183
cross_spike,16,83,oracle,1.0462962962962965,0.0,0.0
cross_spike,16,84,projection,1.2777777777777777,0.2314814814814814,0.8333333333333333
cross_spike,16,84,empirical,1.8264413126571344,0.7801450163608382,0.6669679489681326
cross_spike,16,84,oas,1.1379278436771039,0.09163154738080767,0.4923805513499744
cross_spike,16,84,spiked_known_floor,1.0886891832829262,0.042392886986629894,0.4082302314070091
cross_spike,16,84,oracle,1.0462962962962965,0.0,0.0
cross_spike,16,85,projection,1.2777777777777777,0.2314814814814814,0.8333333333333333
cross_spike,16,85,empirical,1.672159171736654,0.6258628754403577,0.6726488595910505
cross_spike,16,85,oas,1.14746879178817,0.10117249549187375,0.572295421648243
cross_spike,16,85,spiked_known_floor,1.107740010885741,0.06144371458944428,0.47320583839929736
cross_spike,16,85,oracle,1.0462962962962965,0.0,0.0
cross_spike,16,86,projection,1.2777777777777777,0.2314814814814814,0.8333333333333333
cross_spike,16,86,empirical,2.1060355431620255,1.0597392468657292,0.6821767775735618
cross_spike,16,86,oas,1.1386393544896072,0.09234305819331085,0.6350550994254957
cross_spike,16,86,spiked_known_floor,1.1164276075857016,0.07013131128940502,0.5375185442057632
cross_spike,16,86,oracle,1.0462962962962965,0.0,0.0
cross_spike,16,87,projection,1.2777777777777777,0.2314814814814814,0.8333333333333333
cross_spike,16,87,empirical,1.58402479966746,0.5377285033711636,0.9505449885364485
cross_spike,16,87,oas,1.171107095887149,0.1248107995908529,0.5322924107048591
cross_spike,16,87,spiked_known_floor,1.0796609774914776,0.03336468119518133,0.6142480866513594
cross_spike,16,87,oracle,1.0462962962962965,0.0,0.0
cross_spike,16,88,projection,1.2777777777777777,0.2314814814814814,0.8333333333333333
cross_spike,16,88,empirical,1.6520423411628375,0.6057460448665413,0.6184987341990943
cross_spike,16,88,oas,1.1371551960147024,0.09085889971840612,0.5058809450649928
cross_spike,16,88,spiked_known_floor,1.090669245484303,0.044372949188006765,0.3725194099542884
cross_spike,16,88,oracle,1.0462962962962965,0.0,0.0
cross_spike,16,89,projection,1.2777777777777777,0.2314814814814814,0.8333333333333333
cross_spike,16,89,empirical,1.5432692652658968,0.49697296896960047,0.7246110752852506
cross_spike,16,89,oas,1.1673931077989277,0.12109681150263141,0.4965757472079206
cross_spike,16,89,spiked_known_floor,1.0906900229831156,0.04439372668681915,0.40062953973389837
cross_spike,16,89,oracle,1.0462962962962965,0.0,0.0
cross_spike,16,90,projection,1.2777777777777777,0.2314814814814814,0.8333333333333333
cross_spike,16,90,empirical,1.5748502741768378,0.5285539778805414,0.8258978123363323
cross_spike,16,90,oas,1.1494420058241106,0.10314570952781407,0.47396261025274383
cross_spike,16,90,spiked_known_floor,1.078487572882807,0.03219127658651053,0.46978291083725504
cross_spike,16,90,oracle,1.0462962962962965,0.0,0.0
cross_spike,16,91,projection,1.2777777777777777,0.2314814814814814,0.8333333333333333
cross_spike,16,91,empirical,1.403351601281565,0.3570553049852689,0.6827545632927101
cross_spike,16,91,oas,1.1508211182730212,0.10452482197672486,0.6921466887563851
cross_spike,16,91,spiked_known_floor,1.1327556195099875,0.08645932321369114,0.5849035135240697
cross_spike,16,91,oracle,1.0462962962962965,0.0,0.0
cross_spike,16,92,projection,1.2777777777777777,0.2314814814814814,0.8333333333333333
cross_spike,16,92,empirical,1.833506256095421,0.7872099597991246,0.7508829288066454
cross_spike,16,92,oas,1.1755199251193023,0.12922362882300586,0.5132266868524594
cross_spike,16,92,spiked_known_floor,1.1067267397768141,0.060430443480517626,0.4632599620152316
cross_spike,16,92,oracle,1.0462962962962965,0.0,0.0
cross_spike,16,93,projection,1.2777777777777777,0.2314814814814814,0.8333333333333333
cross_spike,16,93,empirical,2.2094786711303973,1.1631823748341008,0.7053395420492363
cross_spike,16,93,oas,1.1219192850082642,0.07562298871196797,0.4592215191327753
cross_spike,16,93,spiked_known_floor,1.0785771512384008,0.0322808549421043,0.3383744408039153
cross_spike,16,93,oracle,1.0462962962962965,0.0,0.0
cross_spike,16,94,projection,1.2777777777777777,0.2314814814814814,0.8333333333333333
cross_spike,16,94,empirical,1.4688945021085398,0.42259820581224355,0.6730556396008507
cross_spike,16,94,oas,1.2051920585876164,0.15889576229131988,0.775726752643006
cross_spike,16,94,spiked_known_floor,1.1085059010399143,0.06220960474361792,0.6457226258340576
cross_spike,16,94,oracle,1.0462962962962965,0.0,0.0
cross_spike,16,95,projection,1.2777777777777777,0.2314814814814814,0.8333333333333333
cross_spike,16,95,empirical,1.6752008836087993,0.6289045873125029,0.8426804258994478
cross_spike,16,95,oas,1.1389472814599662,0.09265098516366978,0.4504885184437628
cross_spike,16,95,spiked_known_floor,1.070906855889997,0.02461055959370067,0.48323174898953575
cross_spike,16,95,oracle,1.0462962962962965,0.0,0.0
cross_spike,16,96,projection,1.2777777777777777,0.2314814814814814,0.8333333333333333
cross_spike,16,96,empirical,2.095748171099475,1.0494518748031787,0.7737792077101466
cross_spike,16,96,oas,1.1981195309734045,0.15182323467710804,0.563999641074652
cross_spike,16,96,spiked_known_floor,1.1251556073245,0.07885931102820345,0.4987029972628662
cross_spike,16,96,oracle,1.0462962962962965,0.0,0.0
cross_spike,16,97,projection,1.2777777777777777,0.2314814814814814,0.8333333333333333
cross_spike,16,97,empirical,1.5227275431241025,0.47643124682780613,0.7242468160951281
cross_spike,16,97,oas,1.180403162597861,0.13410686630156465,0.7601261322656168
cross_spike,16,97,spiked_known_floor,1.1253850131363132,0.07908871684001685,0.6667525460800932
cross_spike,16,97,oracle,1.0462962962962965,0.0,0.0
cross_spike,16,98,projection,1.2777777777777777,0.2314814814814814,0.8333333333333333
cross_spike,16,98,empirical,1.8530553908788991,0.8067590945826028,0.7620334756356467
cross_spike,16,98,oas,1.1643228408530613,0.11802654455676488,0.705675010435673
cross_spike,16,98,spiked_known_floor,1.1284150448434118,0.0821187485471155,0.5962400772707886
cross_spike,16,98,oracle,1.0462962962962965,0.0,0.0
cross_spike,16,99,projection,1.2777777777777777,0.2314814814814814,0.8333333333333333
cross_spike,16,99,empirical,1.7948306893192165,0.7485343930229198,0.675013930171125
cross_spike,16,99,oas,1.1427430859977532,0.096446789701457,0.6179667507182768
cross_spike,16,99,spiked_known_floor,1.1217715671438366,0.07547527084754013,0.5289333889930178
cross_spike,16,99,oracle,1.0462962962962965,0.0,0.0
cross_spike,16,100,projection,1.2777777777777777,0.2314814814814814,0.8333333333333333
cross_spike,16,100,empirical,1.800774437176005,0.7544781408797085,0.7764045755470019
cross_spike,16,100,oas,1.178352216025422,0.13205591972912567,0.7305132522701208
cross_spike,16,100,spiked_known_floor,1.13886560998219,0.09256931368589359,0.6590281878134765
cross_spike,16,100,oracle,1.0462962962962965,0.0,0.0
cross_spike,16,101,projection,1.2777777777777777,0.2314814814814814,0.8333333333333333
cross_spike,16,101,empirical,1.7528669035017317,0.7065706072054352,0.6515598333857746
cross_spike,16,101,oas,1.1365261816056558,0.09022988530935956,0.6297185715086017
cross_spike,16,101,spiked_known_floor,1.0984143155842438,0.05211801928794736,0.49507442128776624
cross_spike,16,101,oracle,1.0462962962962965,0.0,0.0
cross_spike,16,102,projection,1.2777777777777777,0.2314814814814814,0.8333333333333333
cross_spike,16,102,empirical,1.8517865992282267,0.8054903029319306,0.6844962618946286
cross_spike,16,102,oas,1.1587448545315877,0.11244855823529136,0.6873455785965802
cross_spike,16,102,spiked_known_floor,1.1273658550542731,0.08106955875797693,0.5833061014679294
cross_spike,16,102,oracle,1.0462962962962965,0.0,0.0
cross_spike,16,103,projection,1.2777777777777777,0.2314814814814814,0.8333333333333333
cross_spike,16,103,empirical,1.8012329270545056,0.754936630758209,0.7198835332366935
cross_spike,16,103,oas,1.1917748428927146,0.14547854659641837,0.4653541340495521
cross_spike,16,103,spiked_known_floor,1.0985885428232216,0.0522922465269254,0.4315533162997083
cross_spike,16,103,oracle,1.0462962962962965,0.0,0.0
cross_spike,16,104,projection,1.2777777777777777,0.2314814814814814,0.8333333333333333
cross_spike,16,104,empirical,1.7471097821849537,0.7008134858886576,0.6921735716260541
cross_spike,16,104,oas,1.150311309382133,0.10401501308583666,0.5825881785514163
cross_spike,16,104,spiked_known_floor,1.096036566810586,0.04974027051428969,0.46871392045834154
cross_spike,16,104,oracle,1.0462962962962965,0.0,0.0
cross_spike,16,105,projection,1.2777777777777777,0.2314814814814814,0.8333333333333333
cross_spike,16,105,empirical,1.6629871288388915,0.6166908325425949,0.670429720991109
cross_spike,16,105,oas,1.1349364294672362,0.08864013317093979,0.5446826492732177
cross_spike,16,105,spiked_known_floor,1.0936824629067479,0.04738616661045154,0.4290596834071596
cross_spike,16,105,oracle,1.0462962962962965,0.0,0.0
cross_spike,16,106,projection,1.2777777777777777,0.2314814814814814,0.8333333333333333
cross_spike,16,106,empirical,1.903837253603169,0.8575409573068725,0.7701120989380197
cross_spike,16,106,oas,1.1644989549473628,0.1182026586510663,0.6851449453228906
cross_spike,16,106,spiked_known_floor,1.1369871646104317,0.0906908683141353,0.5950841588335114
cross_spike,16,106,oracle,1.0462962962962965,0.0,0.0
cross_spike,16,107,projection,1.2777777777777777,0.2314814814814814,0.8333333333333333
cross_spike,16,107,empirical,1.660489890551403,0.6141935942551066,0.6896046234334576
cross_spike,16,107,oas,1.1394679703555906,0.09317167405929432,0.6481903875111912
cross_spike,16,107,spiked_known_floor,1.1004492502981653,0.054152954001868925,0.5218648038207573
cross_spike,16,107,oracle,1.0462962962962965,0.0,0.0
cross_spike,16,108,projection,1.2777777777777777,0.2314814814814814,0.8333333333333333
cross_spike,16,108,empirical,1.7438521952408554,0.6975558989445592,0.6473229980051655
cross_spike,16,108,oas,1.1487637291315258,0.10246743283522958,0.5897648678709763
cross_spike,16,108,spiked_known_floor,1.1038704697409174,0.05757417344462106,0.4978158988229618
cross_spike,16,108,oracle,1.0462962962962965,0.0,0.0
cross_spike,16,109,projection,1.2777777777777777,0.2314814814814814,0.8333333333333333
cross_spike,16,109,empirical,1.8667396909251792,0.8204433946288829,0.6992770501916705
cross_spike,16,109,oas,1.150697847637398,0.1044015513411015,0.48302022628661695
cross_spike,16,109,spiked_known_floor,1.0962449746808072,0.04994867838451104,0.40597287413515787
cross_spike,16,109,oracle,1.0462962962962965,0.0,0.0
cross_spike,16,110,projection,1.2777777777777777,0.2314814814814814,0.8333333333333333
cross_spike,16,110,empirical,1.9227725560868545,0.8764762597905583,0.7370625786412968
cross_spike,16,110,oas,1.1482244527504366,0.10192815645414043,0.553404355674237
cross_spike,16,110,spiked_known_floor,1.111990387296767,0.06569409100047065,0.4912257091162278
cross_spike,16,110,oracle,1.0462962962962965,0.0,0.0
cross_spike,16,111,projection,1.2777777777777777,0.2314814814814814,0.8333333333333333
cross_spike,16,111,empirical,1.6685930166293,0.6222967203330034,0.6435675152738722
cross_spike,16,111,oas,1.1385593867526471,0.09226309045635069,0.5498541018478925
cross_spike,16,111,spiked_known_floor,1.0823446671106711,0.03604837081437471,0.41929863840188086
cross_spike,16,111,oracle,1.0462962962962965,0.0,0.0
cross_spike,16,112,projection,1.2777777777777777,0.2314814814814814,0.8333333333333333
cross_spike,16,112,empirical,1.4924551946163847,0.44615889832008837,0.581906761414746
cross_spike,16,112,oas,1.1162442335897882,0.06994793729349175,0.5521948038486957
cross_spike,16,112,spiked_known_floor,1.087539196572765,0.04124290027646855,0.42730929562077324
cross_spike,16,112,oracle,1.0462962962962965,0.0,0.0
cross_spike,16,113,projection,1.2777777777777777,0.2314814814814814,0.8333333333333333
cross_spike,16,113,empirical,2.1863899429119655,1.1400936466156693,0.7932829266706105
cross_spike,16,113,oas,1.1912563350173107,0.14496003872101426,0.7099162524320031
cross_spike,16,113,spiked_known_floor,1.1608548279032627,0.11455853160696645,0.6525937715359706
cross_spike,16,113,oracle,1.0462962962962965,0.0,0.0
cross_spike,16,114,projection,1.2777777777777777,0.2314814814814814,0.8333333333333333
cross_spike,16,114,empirical,1.9121939467900348,0.8658976504937387,0.832110751019389
cross_spike,16,114,oas,1.159549553472142,0.11325325717584575,0.48203454317410316
cross_spike,16,114,spiked_known_floor,1.0824983252897944,0.036202028993498024,0.4803403894088774
cross_spike,16,114,oracle,1.0462962962962965,0.0,0.0
cross_spike,16,115,projection,1.2777777777777777,0.2314814814814814,0.8333333333333333
cross_spike,16,115,empirical,1.40843835058886,0.3621420542925636,0.6108329922109318
cross_spike,16,115,oas,1.1435452714403336,0.09724897514403728,0.45834259790477233
cross_spike,16,115,spiked_known_floor,1.0789409066906166,0.032644610394320366,0.3339607831023681
cross_spike,16,115,oracle,1.0462962962962965,0.0,0.0
cross_spike,16,116,projection,1.2777777777777777,0.2314814814814814,0.8333333333333333
cross_spike,16,116,empirical,1.5883582636477902,0.5420619673514939,0.9160124485941753
cross_spike,16,116,oas,1.1285894798565428,0.08229318356024652,0.47533573731567996
cross_spike,16,116,spiked_known_floor,1.0831080341423898,0.036811737846093415,0.5136415447204706
cross_spike,16,116,oracle,1.0462962962962965,0.0,0.0
cross_spike,16,117,projection,1.2777777777777777,0.2314814814814814,0.8333333333333333
cross_spike,16,117,empirical,1.7414869842093594,0.695190687913063,0.6581109073983519
cross_spike,16,117,oas,1.1381854551360329,0.09188915883973638,0.5992289631476267
cross_spike,16,117,spiked_known_floor,1.0888502720562845,0.04255397575998801,0.4319050836557188
cross_spike,16,117,oracle,1.0462962962962965,0.0,0.0
cross_spike,16,118,projection,1.2777777777777777,0.2314814814814814,0.8333333333333333
cross_spike,16,118,empirical,1.8527314744916654,0.8064351781953694,0.6858382095733232
cross_spike,16,118,oas,1.142253661392389,0.09595736509609268,0.5999715357364032
cross_spike,16,118,spiked_known_floor,1.09036207860081,0.04406578230451365,0.45666607908859963
cross_spike,16,118,oracle,1.0462962962962965,0.0,0.0
cross_spike,16,119,projection,1.2777777777777777,0.2314814814814814,0.8333333333333333
cross_spike,16,119,empirical,1.5420037289134063,0.4957074326171098,0.6145815659748509
cross_spike,16,119,oas,1.1208388998197032,0.07454260352340686,0.515951110115216
cross_spike,16,119,spiked_known_floor,1.0726246931649246,0.02632839686862816,0.35555333690022245
cross_spike,16,119,oracle,1.0462962962962965,0.0,0.0
cross_spike,16,120,projection,1.2777777777777777,0.2314814814814814,0.8333333333333333
cross_spike,16,120,empirical,1.6967378800051938,0.6504415837088975,0.6460590245953926
cross_spike,16,120,oas,1.1885674598381784,0.14227116354188207,0.5789462221980158
cross_spike,16,120,spiked_known_floor,1.1179512455098453,0.07165494921354892,0.5098590982148729
cross_spike,16,120,oracle,1.0462962962962965,0.0,0.0
cross_spike,16,121,projection,1.2777777777777777,0.2314814814814814,0.8333333333333333
cross_spike,16,121,empirical,1.6512790321836048,0.6049827358873086,0.6068074978695839
cross_spike,16,121,oas,1.113791245694669,0.06749494939837258,0.6300863779223057
cross_spike,16,121,spiked_known_floor,1.0946324685181181,0.048336172221821766,0.5185608589038752
cross_spike,16,121,oracle,1.0462962962962965,0.0,0.0
cross_spike,16,122,projection,1.2777777777777777,0.2314814814814814,0.8333333333333333
cross_spike,16,122,empirical,1.9624748769036628,0.9161785806073665,0.7123933710384331
cross_spike,16,122,oas,1.1825712355241014,0.1362749392278049,0.6432370722635044
cross_spike,16,122,spiked_known_floor,1.1434655818705812,0.09716928557428497,0.5606075291891403
cross_spike,16,122,oracle,1.0462962962962965,0.0,0.0
cross_spike,16,123,projection,1.2777777777777777,0.2314814814814814,0.8333333333333333
cross_spike,16,123,empirical,1.6787113574795998,0.6324150611833033,0.7217878458903004
cross_spike,16,123,oas,1.1413427038798023,0.09504640758350597,0.49872250372769383
cross_spike,16,123,spiked_known_floor,1.0876510975801734,0.04135480128387714,0.39793747077732733
cross_spike,16,123,oracle,1.0462962962962965,0.0,0.0
cross_spike,16,124,projection,1.2777777777777777,0.2314814814814814,0.8333333333333333
cross_spike,16,124,empirical,2.4489609962860936,1.4026646999897976,0.6541971741076816
cross_spike,16,124,oas,1.1480870823035498,0.10179078600725339,0.567875635822384
cross_spike,16,124,spiked_known_floor,1.1182389764422858,0.07194268014598934,0.48912687611817995
cross_spike,16,124,oracle,1.0462962962962965,0.0,0.0
cross_spike,16,125,projection,1.2777777777777777,0.2314814814814814,0.8333333333333333
cross_spike,16,125,empirical,1.5832217878601482,0.536925491563852,0.6554471396686834
cross_spike,16,125,oas,1.134968357182557,0.08867206088626053,0.47968812736826166
cross_spike,16,125,spiked_known_floor,1.0721483074353073,0.025852011139010988,0.3271847157452016
cross_spike,16,125,oracle,1.0462962962962965,0.0,0.0
cross_spike,16,126,projection,1.2777777777777777,0.2314814814814814,0.8333333333333333
cross_spike,16,126,empirical,1.7461541640385887,0.6998578677422924,0.7220940059676555
cross_spike,16,126,oas,1.1383150377670384,0.09201874147074199,0.6733950852225618
cross_spike,16,126,spiked_known_floor,1.1222150162024294,0.07591871990613293,0.569390557168823
cross_spike,16,126,oracle,1.0462962962962965,0.0,0.0
cross_spike,16,127,projection,1.2777777777777777,0.2314814814814814,0.8333333333333333
cross_spike,16,127,empirical,2.0496912243593965,1.0033949280631005,0.8980435300840095
cross_spike,16,127,oas,1.1281140610141607,0.08181776471786438,0.47584400734760574
cross_spike,16,127,spiked_known_floor,1.0738689976450857,0.027572701348789364,0.5459606719614198
cross_spike,16,127,oracle,1.0462962962962965,0.0,0.0
cross_spike,16,128,projection,1.2777777777777777,0.2314814814814814,0.8333333333333333
cross_spike,16,128,empirical,1.722764646479206,0.6764683501829096,0.6717191889762493
cross_spike,16,128,oas,1.125504524288599,0.07920822799230258,0.6562634184857702
cross_spike,16,128,spiked_known_floor,1.110829746030755,0.06453344973445863,0.5516341193385684
cross_spike,16,128,oracle,1.0462962962962965,0.0,0.0
cross_spike,16,129,projection,1.2777777777777777,0.2314814814814814,0.8333333333333333
cross_spike,16,129,empirical,1.564436943566792,0.5181406472704956,0.7142992027263675
cross_spike,16,129,oas,1.146455419961666,0.10015912366536944,0.4607091920023721
cross_spike,16,129,spiked_known_floor,1.0816966906799275,0.03540039438363119,0.35197235507066865
cross_spike,16,129,oracle,1.0462962962962965,0.0,0.0
cross_spike,16,130,projection,1.2777777777777777,0.2314814814814814,0.8333333333333333
cross_spike,16,130,empirical,1.5473053114166413,0.5010090151203451,0.7041710518629503
cross_spike,16,130,oas,1.1509369061240864,0.10464060982778992,0.6754218486192551
cross_spike,16,130,spiked_known_floor,1.1246655231790563,0.07836922688276009,0.5476624679777695
cross_spike,16,130,oracle,1.0462962962962965,0.0,0.0
cross_spike,16,131,projection,1.2777777777777777,0.2314814814814814,0.8333333333333333
cross_spike,16,131,empirical,1.8923744580667317,0.846078161770435,0.8538649646585033
cross_spike,16,131,oas,1.1516334930611807,0.1053371967648843,0.45412449245442127
cross_spike,16,131,spiked_known_floor,1.0750379891760735,0.028741692879777403,0.47999526304885193
cross_spike,16,131,oracle,1.0462962962962965,0.0,0.0
cross_spike,16,132,projection,1.2777777777777777,0.2314814814814814,0.8333333333333333
cross_spike,16,132,empirical,1.6111924079393694,0.5648961116430732,0.6224675709101782
cross_spike,16,132,oas,1.1372549287689857,0.09095863247268948,0.6105889173174189
cross_spike,16,132,spiked_known_floor,1.0762432344643449,0.0299469381680484,0.4651199542707573
cross_spike,16,132,oracle,1.0462962962962965,0.0,0.0
cross_spike,16,133,projection,1.2777777777777777,0.2314814814814814,0.8333333333333333
cross_spike,16,133,empirical,1.665527520761926,0.61923122446563,0.6733930995601918
cross_spike,16,133,oas,1.1386867344028442,0.09239043810654786,0.7027739235137475
cross_spike,16,133,spiked_known_floor,1.1084991913130888,0.06220289501679247,0.5899627570784503
cross_spike,16,133,oracle,1.0462962962962965,0.0,0.0
cross_spike,16,134,projection,1.2777777777777777,0.2314814814814814,0.8333333333333333
cross_spike,16,134,empirical,1.5636535433233791,0.5173572470270829,0.6597331634473043
cross_spike,16,134,oas,1.1407741443219857,0.09447784802568931,0.4382009480327673
cross_spike,16,134,spiked_known_floor,1.0749914133727514,0.028695117076455192,0.34588914410030563
cross_spike,16,134,oracle,1.0462962962962965,0.0,0.0
cross_spike,16,135,projection,1.2777777777777777,0.2314814814814814,0.8333333333333333
cross_spike,16,135,empirical,1.5436878056765209,0.4973915093802245,0.6885081304665902
cross_spike,16,135,oas,1.1311195905226166,0.08482329422632014,0.6828642598016056
cross_spike,16,135,spiked_known_floor,1.099086146590973,0.05278985029467665,0.534627604225863
cross_spike,16,135,oracle,1.0462962962962965,0.0,0.0
cross_spike,16,136,projection,1.2777777777777777,0.2314814814814814,0.8333333333333333
cross_spike,16,136,empirical,2.1245452160924243,1.078248919796128,0.6464699434149994
cross_spike,16,136,oas,1.1136389693071922,0.06734267301089586,0.48433637729837686
cross_spike,16,136,spiked_known_floor,1.0807728205984926,0.03447652430219625,0.34289647764834796
cross_spike,16,136,oracle,1.0462962962962965,0.0,0.0
cross_spike,16,137,projection,1.2777777777777777,0.2314814814814814,0.8333333333333333
cross_spike,16,137,empirical,1.5424337792709828,0.49613748297468657,0.6907243098394842
cross_spike,16,137,oas,1.1477884650182761,0.10149216872197991,0.6100534175855843
cross_spike,16,137,spiked_known_floor,1.122588041245076,0.07629174494877966,0.49346026038336555
cross_spike,16,137,oracle,1.0462962962962965,0.0,0.0
cross_spike,16,138,projection,1.2777777777777777,0.2314814814814814,0.8333333333333333
cross_spike,16,138,empirical,1.6848368786451853,0.6385405823488891,0.6658136589582385
cross_spike,16,138,oas,1.1352567669082758,0.08896047061197951,0.5899925109465495
cross_spike,16,138,spiked_known_floor,1.1056567926481173,0.05936049635182101,0.4666606512108427
cross_spike,16,138,oracle,1.0462962962962965,0.0,0.0
cross_spike,16,139,projection,1.2777777777777777,0.2314814814814814,0.8333333333333333
cross_spike,16,139,empirical,1.8900790027972252,0.8437827065009289,0.825870454206098
cross_spike,16,139,oas,1.1841404778400173,0.13784418154372097,0.5349281185365494
cross_spike,16,139,spiked_known_floor,1.1138964392911623,0.06760014299486594,0.4860798211766637
cross_spike,16,139,oracle,1.0462962962962965,0.0,0.0
cross_spike,16,140,projection,1.2777777777777777,0.2314814814814814,0.8333333333333333
cross_spike,16,140,empirical,2.4881277682801404,1.441831471983844,0.6850231448348507
cross_spike,16,140,oas,1.1525332873231078,0.10623699102681147,0.5319101465446264
cross_spike,16,140,spiked_known_floor,1.0992499786784031,0.0529536823821066,0.43588033054033526
cross_spike,16,140,oracle,1.0462962962962965,0.0,0.0
cross_spike,16,141,projection,1.2777777777777777,0.2314814814814814,0.8333333333333333
cross_spike,16,141,empirical,1.4397302451621583,0.393433948865862,0.6610769229954266
cross_spike,16,141,oas,1.1427335832681706,0.09643728697187433,0.6611782235703876
cross_spike,16,141,spiked_known_floor,1.1118705015485741,0.06557420525227792,0.5216234171544137
cross_spike,16,141,oracle,1.0462962962962965,0.0,0.0
cross_spike,16,142,projection,1.2777777777777777,0.2314814814814814,0.8333333333333333
cross_spike,16,142,empirical,1.5252357854117056,0.47893948911540907,0.6262045975948132
cross_spike,16,142,oas,1.136290206366517,0.08999391007022071,0.56284517904906
cross_spike,16,142,spiked_known_floor,1.08473667272411,0.038440376427813436,0.41047555106795
cross_spike,16,142,oracle,1.0462962962962965,0.0,0.0
cross_spike,16,143,projection,1.2777777777777777,0.2314814814814814,0.8333333333333333
cross_spike,16,143,empirical,1.663622414459825,0.6173261181635288,0.6571798248783289
cross_spike,16,143,oas,1.144951867708337,0.09865557141204079,0.6598423957657134
cross_spike,16,143,spiked_known_floor,1.1118278220704454,0.06553152577414909,0.5413584441097218
cross_spike,16,143,oracle,1.0462962962962965,0.0,0.0
cross_spike,16,144,projection,1.2777777777777777,0.2314814814814814,0.8333333333333333
cross_spike,16,144,empirical,1.5094793978051486,0.46318310150885217,0.7237137442687157
cross_spike,16,144,oas,1.1642357838542996,0.11793948755800315,0.4723057217049696
cross_spike,16,144,spiked_known_floor,1.0959620673027344,0.0496657710064381,0.4319861714948694
cross_spike,16,144,oracle,1.0462962962962965,0.0,0.0
cross_spike,16,145,projection,1.2777777777777777,0.2314814814814814,0.8333333333333333
cross_spike,16,145,empirical,1.6728880160061803,0.6265917197098838,0.6693548795028619
cross_spike,16,145,oas,1.1498383363623885,0.1035420400660921,0.457954540299788
cross_spike,16,145,spiked_known_floor,1.0693163685780027,0.023020072281706327,0.34400453821458243
cross_spike,16,145,oracle,1.0462962962962965,0.0,0.0
cross_spike,16,146,projection,1.2777777777777777,0.2314814814814814,0.8333333333333333
cross_spike,16,146,empirical,1.5384916245751927,0.49219532827889634,0.6424847967941898
cross_spike,16,146,oas,1.161299621925946,0.11500332562964978,0.45869742586662077
cross_spike,16,146,spiked_known_floor,1.086519787648913,0.04022349135261662,0.38787533897914706
cross_spike,16,146,oracle,1.0462962962962965,0.0,0.0
cross_spike,16,147,projection,1.2777777777777777,0.2314814814814814,0.8333333333333333
cross_spike,16,147,empirical,1.4816148345808804,0.43531853828458433,0.8727859366168041
cross_spike,16,147,oas,1.1523749055759658,0.10607860927966944,0.47566565794215326
cross_spike,16,147,spiked_known_floor,1.086958888181854,0.040662591885557674,0.5289457467254164
cross_spike,16,147,oracle,1.0462962962962965,0.0,0.0
cross_spike,16,148,projection,1.2777777777777777,0.2314814814814814,0.8333333333333333
cross_spike,16,148,empirical,1.576044583135474,0.5297482868391774,0.8030009992407019
cross_spike,16,148,oas,1.1314894267994573,0.08519313050316103,0.45915270085884274
cross_spike,16,148,spiked_known_floor,1.0825310152537764,0.036234718957480094,0.4005760066010045
cross_spike,16,148,oracle,1.0462962962962965,0.0,0.0
cross_spike,16,149,projection,1.2777777777777777,0.2314814814814814,0.8333333333333333
cross_spike,16,149,empirical,2.0334501029192342,0.9871538066229378,0.7696778491324341
cross_spike,16,149,oas,1.2039617991255918,0.1576655028292955,0.7744840390098051
cross_spike,16,149,spiked_known_floor,1.1619221118432024,0.11562581554690604,0.7066715544830459
cross_spike,16,149,oracle,1.0462962962962965,0.0,0.0
cross_spike,16,150,projection,1.2777777777777777,0.2314814814814814,0.8333333333333333
cross_spike,16,150,empirical,1.4211912043138422,0.37489490801754566,0.6538702991263439
cross_spike,16,150,oas,1.1144501212226936,0.06815382492639742,0.5155637738266026
cross_spike,16,150,spiked_known_floor,1.0841073909248,0.03781109462850353,0.3582628725058546
cross_spike,16,150,oracle,1.0462962962962965,0.0,0.0
cross_spike,16,151,projection,1.2777777777777777,0.2314814814814814,0.8333333333333333
cross_spike,16,151,empirical,1.4260341004965902,0.37973780420029374,0.6821260231941456
cross_spike,16,151,oas,1.164241292386963,0.11794499609066673,0.7330541747135897
cross_spike,16,151,spiked_known_floor,1.1295543246757833,0.08325802837948702,0.6171707539753489
cross_spike,16,151,oracle,1.0462962962962965,0.0,0.0
cross_spike,16,152,projection,1.2777777777777777,0.2314814814814814,0.8333333333333333
cross_spike,16,152,empirical,1.655714292881123,0.6094179965848266,0.6086847144281672
cross_spike,16,152,oas,1.1457968016149915,0.09950050531869524,0.47061556168979474
cross_spike,16,152,spiked_known_floor,1.0768048942478172,0.030508597951520975,0.3792673835682522
cross_spike,16,152,oracle,1.0462962962962965,0.0,0.0
cross_spike,16,153,projection,1.2777777777777777,0.2314814814814814,0.8333333333333333
cross_spike,16,153,empirical,1.5393673166259438,0.49307102032964767,0.6570422383706894
cross_spike,16,153,oas,1.1191626485076733,0.07286635221137722,0.48065109261030986
cross_spike,16,153,spiked_known_floor,1.0826441915467218,0.036347895250425456,0.36158831976072237
cross_spike,16,153,oracle,1.0462962962962965,0.0,0.0
cross_spike,16,154,projection,1.2777777777777777,0.2314814814814814,0.8333333333333333
cross_spike,16,154,empirical,1.9379275722165528,0.8916312759202564,0.6914679090487607
cross_spike,16,154,oas,1.1294608949470744,0.083164598650778,0.6015587194428316
cross_spike,16,154,spiked_known_floor,1.107521545565124,0.061225249268827456,0.5058683746793057
cross_spike,16,154,oracle,1.0462962962962965,0.0,0.0
cross_spike,16,155,projection,1.2777777777777777,0.2314814814814814,0.8333333333333333
cross_spike,16,155,empirical,1.5130098573486064,0.4667135610523101,0.9007251240576779
cross_spike,16,155,oas,1.145292588206117,0.09899629190982057,0.49429446120003834
cross_spike,16,155,spiked_known_floor,1.0828811167827836,0.036584820486487306,0.5301173930553315
cross_spike,16,155,oracle,1.0462962962962965,0.0,0.0
cross_spike,16,156,projection,1.2777777777777777,0.2314814814814814,0.8333333333333333
cross_spike,16,156,empirical,1.9580594952655257,0.911763198969229,0.8460694319302888
cross_spike,16,156,oas,1.1689563207535203,0.12266002445722411,0.6788833340019061
cross_spike,16,156,spiked_known_floor,1.151285316889843,0.1049890205935466,0.6163496166408607
cross_spike,16,156,oracle,1.0462962962962965,0.0,0.0
cross_spike,16,157,projection,1.2777777777777777,0.2314814814814814,0.8333333333333333
cross_spike,16,157,empirical,1.6653556028139063,0.61905930651761,0.6748370555566067
cross_spike,16,157,oas,1.1468463170006755,0.10055002070437902,0.5047741872433135
cross_spike,16,157,spiked_known_floor,1.0869476555896374,0.040651359293341204,0.37060682887313
cross_spike,16,157,oracle,1.0462962962962965,0.0,0.0
cross_spike,16,158,projection,1.2777777777777777,0.2314814814814814,0.8333333333333333
cross_spike,16,158,empirical,1.6004429966190719,0.5541467003227757,0.6345863402074028
cross_spike,16,158,oas,1.1313522412566475,0.08505594496035121,0.6425011276866593
cross_spike,16,158,spiked_known_floor,1.0905283674705422,0.044232071174245775,0.5439359904671058
cross_spike,16,158,oracle,1.0462962962962965,0.0,0.0
cross_spike,16,159,projection,1.2777777777777777,0.2314814814814814,0.8333333333333333
cross_spike,16,159,empirical,1.7085961367614528,0.6622998404651566,0.6930872057403824
cross_spike,16,159,oas,1.1424831840752339,0.09618688777893761,0.5414448763781122
cross_spike,16,159,spiked_known_floor,1.095842542768671,0.04954624647237483,0.3901727100148412
cross_spike,16,159,oracle,1.0462962962962965,0.0,0.0
cross_spike,16,160,projection,1.2777777777777777,0.2314814814814814,0.8333333333333333
cross_spike,16,160,empirical,1.7108491498628675,0.6645528535665713,0.6656131759777495
cross_spike,16,160,oas,1.1706135340640127,0.12431723776771636,0.514585726560975
cross_spike,16,160,spiked_known_floor,1.1096919130732734,0.06339561677697708,0.42252941816493617
cross_spike,16,160,oracle,1.0462962962962965,0.0,0.0
cross_spike,16,161,projection,1.2777777777777777,0.2314814814814814,0.8333333333333333
cross_spike,16,161,empirical,1.7184490453833472,0.6721527490870506,0.7799096069457893
cross_spike,16,161,oas,1.1998601660655999,0.15356386976930336,0.6420567200947844
cross_spike,16,161,spiked_known_floor,1.1793282273643935,0.13303193106809713,0.6030436938243274
cross_spike,16,161,oracle,1.0462962962962965,0.0,0.0
cross_spike,16,162,projection,1.2777777777777777,0.2314814814814814,0.8333333333333333
cross_spike,16,162,empirical,1.607005887916525,0.5607095916202286,0.6840322707052577
cross_spike,16,162,oas,1.1216183276233829,0.07532203132708651,0.535021439946164
cross_spike,16,162,spiked_known_floor,1.0855685318899169,0.03927223559362064,0.3967832367365771
cross_spike,16,162,oracle,1.0462962962962965,0.0,0.0
cross_spike,16,163,projection,1.2777777777777777,0.2314814814814814,0.8333333333333333
cross_spike,16,163,empirical,1.561121402796609,0.5148251065003125,0.6508550166457227
cross_spike,16,163,oas,1.1329002853224053,0.08660398902610875,0.4844379152303033
cross_spike,16,163,spiked_known_floor,1.0912706786082456,0.044974382311949127,0.37939806178985475
cross_spike,16,163,oracle,1.0462962962962965,0.0,0.0
cross_spike,16,164,projection,1.2777777777777777,0.2314814814814814,0.8333333333333333
cross_spike,16,164,empirical,1.5920369195247792,0.5457406232284827,0.9482886976184998
cross_spike,16,164,oas,1.191733448215433,0.1454371519191365,0.5751011596539927
cross_spike,16,164,spiked_known_floor,1.104604781266397,0.058308484970100674,0.6281703084139579
cross_spike,16,164,oracle,1.0462962962962965,0.0,0.0
cross_spike,16,165,projection,1.2777777777777777,0.2314814814814814,0.8333333333333333
cross_spike,16,165,empirical,1.8168417458104125,0.7705454495141164,0.6910172786782505
cross_spike,16,165,oas,1.1557543343429333,0.10945803804663695,0.5121121207548585
cross_spike,16,165,spiked_known_floor,1.100016812835583,0.053720516539286604,0.4059077472266877
cross_spike,16,165,oracle,1.0462962962962965,0.0,0.0
cross_spike,16,166,projection,1.2777777777777777,0.2314814814814814,0.8333333333333333
cross_spike,16,166,empirical,1.9581382378880063,0.9118419415917098,0.76030773731293
cross_spike,16,166,oas,1.1731409827505495,0.12684468645425306,0.46096922376705024
cross_spike,16,166,spiked_known_floor,1.0902834181162302,0.04398712181993393,0.394816879553462
cross_spike,16,166,oracle,1.0462962962962965,0.0,0.0
cross_spike,16,167,projection,1.2777777777777777,0.2314814814814814,0.8333333333333333
cross_spike,16,167,empirical,1.8450014125853325,0.798705116289036,0.6812400504235994
cross_spike,16,167,oas,1.121897013481651,0.07560071718535476,0.5698044481004646
cross_spike,16,167,spiked_known_floor,1.1080476775216948,0.06175138122539857,0.44023219847360734
cross_spike,16,167,oracle,1.0462962962962965,0.0,0.0
cross_spike,16,168,projection,1.2777777777777777,0.2314814814814814,0.8333333333333333
cross_spike,16,168,empirical,1.7701996128985786,0.7239033166022822,0.684793792091488
cross_spike,16,168,oas,1.1699035619208342,0.12360726562453807,0.5093171700110376
cross_spike,16,168,spiked_known_floor,1.108427961236898,0.0621316649406016,0.4423276729095191
cross_spike,16,168,oracle,1.0462962962962965,0.0,0.0
cross_spike,16,169,projection,1.2777777777777777,0.2314814814814814,0.8333333333333333
cross_spike,16,169,empirical,1.5174633642825492,0.471167067986253,0.6500385496590568
cross_spike,16,169,oas,1.1332006180821101,0.08690432178581378,0.45766393667570915
cross_spike,16,169,spiked_known_floor,1.0763171317207965,0.030020835424500243,0.3497113803383254
cross_spike,16,169,oracle,1.0462962962962965,0.0,0.0
cross_spike,16,170,projection,1.2777777777777777,0.2314814814814814,0.8333333333333333
cross_spike,16,170,empirical,1.592161479933818,0.5458651836375216,0.7323210091424799
cross_spike,16,170,oas,1.1479470887619572,0.10165079246566082,0.5410064123512377
cross_spike,16,170,spiked_known_floor,1.104618825973511,0.05832252967721463,0.45982994007172184
cross_spike,16,170,oracle,1.0462962962962965,0.0,0.0
cross_spike,16,171,projection,1.2777777777777777,0.2314814814814814,0.8333333333333333
cross_spike,16,171,empirical,1.7373351349606037,0.6910388386643072,0.7057581857136459
cross_spike,16,171,oas,1.1305135459251872,0.08421724962889074,0.7066049125411871
cross_spike,16,171,spiked_known_floor,1.0916264991005413,0.04533020280424503,0.6062878772204757
cross_spike,16,171,oracle,1.0462962962962965,0.0,0.0
cross_spike,16,172,projection,1.2777777777777777,0.2314814814814814,0.8333333333333333
cross_spike,16,172,empirical,1.5016713400609365,0.4553750437646401,0.6351359539409402
cross_spike,16,172,oas,1.144392318339584,0.09809602204328766,0.48873556451685435
cross_spike,16,172,spiked_known_floor,1.0915669112165152,0.04527061492021897,0.3668917914966628
cross_spike,16,172,oracle,1.0462962962962965,0.0,0.0
cross_spike,16,173,projection,1.2777777777777777,0.2314814814814814,0.8333333333333333
cross_spike,16,173,empirical,1.8347663285742901,0.7884700322779934,0.6699839075419816
cross_spike,16,173,oas,1.1432419446777038,0.09694564838140762,0.7437046940199085
cross_spike,16,173,spiked_known_floor,1.1138884530161908,0.06759215671989455,0.6755860300871104
cross_spike,16,173,oracle,1.0462962962962965,0.0,0.0
cross_spike,16,174,projection,1.2777777777777777,0.2314814814814814,0.8333333333333333
cross_spike,16,174,empirical,1.592592499110204,0.5462962028139076,0.8764501059369736
cross_spike,16,174,oas,1.1668580977288812,0.12056180143258473,0.4983246928147141
cross_spike,16,174,spiked_known_floor,1.0848555353971827,0.038559239100886475,0.5443710231254014
cross_spike,16,174,oracle,1.0462962962962965,0.0,0.0
cross_spike,16,175,projection,1.2777777777777777,0.2314814814814814,0.8333333333333333
cross_spike,16,175,empirical,1.5217889057900413,0.475492609493745,0.6706938343473658
cross_spike,16,175,oas,1.1338840959186964,0.08758779962240011,0.46893373677790046
cross_spike,16,175,spiked_known_floor,1.0921992289303455,0.045902932634049015,0.3879217996386296
cross_spike,16,175,oracle,1.0462962962962965,0.0,0.0
cross_spike,16,176,projection,1.2777777777777777,0.2314814814814814,0.8333333333333333
cross_spike,16,176,empirical,1.640929365136743,0.5946330688404464,0.6388264512141271
cross_spike,16,176,oas,1.1420187745247536,0.09572247822845735,0.6676511374316078
cross_spike,16,176,spiked_known_floor,1.1026233226109388,0.056327026314642356,0.5418225157723505
cross_spike,16,176,oracle,1.0462962962962965,0.0,0.0
cross_spike,16,177,projection,1.2777777777777777,0.2314814814814814,0.8333333333333333
cross_spike,16,177,empirical,1.5737442574652574,0.5274479611689611,0.694753547418907
cross_spike,16,177,oas,1.132723979811954,0.08642768351565773,0.6871222933163381
cross_spike,16,177,spiked_known_floor,1.1162734524390494,0.06997715614275302,0.6110500240256197
cross_spike,16,177,oracle,1.0462962962962965,0.0,0.0
cross_spike,16,178,projection,1.2777777777777777,0.2314814814814814,0.8333333333333333
cross_spike,16,178,empirical,1.4313751274116047,0.38507883111530833,0.6897316280482564
cross_spike,16,178,oas,1.1336426516888376,0.08734635539254137,0.4320979877629283
cross_spike,16,178,spiked_known_floor,1.0776438568378106,0.031347560541514365,0.35870214248223997
cross_spike,16,178,oracle,1.0462962962962965,0.0,0.0
cross_spike,16,179,projection,1.2777777777777777,0.2314814814814814,0.8333333333333333
cross_spike,16,179,empirical,1.7950641823309514,0.7487678860346553,0.577592696897777
cross_spike,16,179,oas,1.1385701114376423,0.09227381514134615,0.5679227289671461
cross_spike,16,179,spiked_known_floor,1.07587142745319,0.02957513115689366,0.41295526219585194
cross_spike,16,179,oracle,1.0462962962962965,0.0,0.0
cross_spike,16,180,projection,1.2777777777777777,0.2314814814814814,0.8333333333333333
cross_spike,16,180,empirical,1.668052264267284,0.6217559679709876,0.724693199497078
cross_spike,16,180,oas,1.1397064856210455,0.09341018932474916,0.5644131255432443
cross_spike,16,180,spiked_known_floor,1.1130327726799487,0.06673647638365236,0.454657829564163
cross_spike,16,180,oracle,1.0462962962962965,0.0,0.0
cross_spike,16,181,projection,1.2777777777777777,0.2314814814814814,0.8333333333333333
cross_spike,16,181,empirical,1.5385895316253249,0.49229323532902886,0.6065978218987116
cross_spike,16,181,oas,1.1334009139703434,0.08710461767404715,0.5537951126492043
cross_spike,16,181,spiked_known_floor,1.084215100064192,0.037918803767895616,0.4423026894465392
cross_spike,16,181,oracle,1.0462962962962965,0.0,0.0
cross_spike,16,182,projection,1.2777777777777777,0.2314814814814814,0.8333333333333333
cross_spike,16,182,empirical,1.6593344238474235,0.6130381275511274,0.7705736350567718
cross_spike,16,182,oas,1.1547669478392804,0.10847065154298394,0.42430449981223406
cross_spike,16,182,spiked_known_floor,1.0776540898720122,0.03135779357571586,0.3883178255837316
cross_spike,16,182,oracle,1.0462962962962965,0.0,0.0
cross_spike,16,183,projection,1.2777777777777777,0.2314814814814814,0.8333333333333333
cross_spike,16,183,empirical,1.7792307160384004,0.7329344197421043,0.6514871925473292
cross_spike,16,183,oas,1.1642551408292052,0.11795884453290878,0.6595074056691546
cross_spike,16,183,spiked_known_floor,1.1017278869562392,0.05543159065994286,0.58518378597625
cross_spike,16,183,oracle,1.0462962962962965,0.0,0.0
cross_spike,16,184,projection,1.2777777777777777,0.2314814814814814,0.8333333333333333
cross_spike,16,184,empirical,1.5614535323185994,0.515157236022303,0.7475573734899009
cross_spike,16,184,oas,1.143690724404937,0.09739442810864066,0.473326051013099
cross_spike,16,184,spiked_known_floor,1.0974312023732384,0.05113490607694213,0.40127377389413277
cross_spike,16,184,oracle,1.0462962962962965,0.0,0.0
cross_spike,16,185,projection,1.2777777777777777,0.2314814814814814,0.8333333333333333
cross_spike,16,185,empirical,1.9315044020836862,0.8852081057873895,0.7440435464662732
cross_spike,16,185,oas,1.183622229747733,0.13732593345143673,0.5672046801018381
cross_spike,16,185,spiked_known_floor,1.1343223985892865,0.08802610229299015,0.5103601653510498
cross_spike,16,185,oracle,1.0462962962962965,0.0,0.0
cross_spike,16,186,projection,1.2777777777777777,0.2314814814814814,0.8333333333333333
cross_spike,16,186,empirical,1.499225482840671,0.45292918654437486,0.6398229203769024
cross_spike,16,186,oas,1.1291319878690647,0.08283569157276818,0.6307436395220324
cross_spike,16,186,spiked_known_floor,1.1127774044310814,0.06648110813478512,0.4943251129538528
cross_spike,16,186,oracle,1.0462962962962965,0.0,0.0
cross_spike,16,187,projection,1.2777777777777777,0.2314814814814814,0.8333333333333333
cross_spike,16,187,empirical,1.6956464450042468,0.6493501487079505,1.3161052096235257
cross_spike,16,187,oas,1.1586072249355912,0.11231092863929498,0.7832473610016316
cross_spike,16,187,spiked_known_floor,1.0725403456285916,0.026244049332295283,0.9913767920150488
cross_spike,16,187,oracle,1.0462962962962965,0.0,0.0
cross_spike,16,188,projection,1.2777777777777777,0.2314814814814814,0.8333333333333333
cross_spike,16,188,empirical,1.7901510099840492,0.7438547136877529,0.7653820184369005
cross_spike,16,188,oas,1.15285968634345,0.10656339004715353,0.47363869231142686
cross_spike,16,188,spiked_known_floor,1.0977121916539536,0.0514158953576572,0.4272588621449343
cross_spike,16,188,oracle,1.0462962962962965,0.0,0.0
cross_spike,16,189,projection,1.2777777777777777,0.2314814814814814,0.8333333333333333
cross_spike,16,189,empirical,1.9310920577221902,0.8847957614258938,0.806505366237037
cross_spike,16,189,oas,1.1509977745313693,0.10470147823507292,0.5244156228703498
cross_spike,16,189,spiked_known_floor,1.0862199923041618,0.039923696007865495,0.4520030896817529
cross_spike,16,189,oracle,1.0462962962962965,0.0,0.0
cross_spike,16,190,projection,1.2777777777777777,0.2314814814814814,0.8333333333333333
cross_spike,16,190,empirical,2.159674579667739,1.1133782833714427,0.7870345570436964
cross_spike,16,190,oas,1.1503023250804232,0.10400602878412676,0.5412219905477823
cross_spike,16,190,spiked_known_floor,1.1179787291483951,0.07168243285209881,0.5358197675432207
cross_spike,16,190,oracle,1.0462962962962965,0.0,0.0
cross_spike,16,191,projection,1.2777777777777777,0.2314814814814814,0.8333333333333333
cross_spike,16,191,empirical,1.6973190957746587,0.6510227994783622,0.7879507383140069
cross_spike,16,191,oas,1.184669967142778,0.13837367084648164,0.758147927927341
cross_spike,16,191,spiked_known_floor,1.129082876740092,0.08278658044379573,0.7060902440926333
cross_spike,16,191,oracle,1.0462962962962965,0.0,0.0
cross_spike,16,192,projection,1.2777777777777777,0.2314814814814814,0.8333333333333333
cross_spike,16,192,empirical,1.7398423756829375,0.6935460793866409,0.6798556596539582
cross_spike,16,192,oas,1.1440860957860863,0.09778979948978972,0.4147516646171475
cross_spike,16,192,spiked_known_floor,1.0783162271783733,0.03201993088207701,0.3387867418413759
cross_spike,16,192,oracle,1.0462962962962965,0.0,0.0
cross_spike,16,193,projection,1.2777777777777777,0.2314814814814814,0.8333333333333333
cross_spike,16,193,empirical,1.7044748380674801,0.6581785417711837,0.6995593218650199
cross_spike,16,193,oas,1.1337464818813021,0.08745018558500567,0.5723562697869702
cross_spike,16,193,spiked_known_floor,1.0894459235442666,0.04314962724797022,0.3764080444637857
cross_spike,16,193,oracle,1.0462962962962965,0.0,0.0
cross_spike,16,194,projection,1.2777777777777777,0.2314814814814814,0.8333333333333333
cross_spike,16,194,empirical,1.61390328668632,0.5676069903900237,0.6597357377488338
cross_spike,16,194,oas,1.1424568528606145,0.09616055656431824,0.6396350042919086
cross_spike,16,194,spiked_known_floor,1.0904643272454297,0.04416803094913334,0.48077378223253975
cross_spike,16,194,oracle,1.0462962962962965,0.0,0.0
cross_spike,16,195,projection,1.2777777777777777,0.2314814814814814,0.8333333333333333
cross_spike,16,195,empirical,1.4755291455518813,0.42923284925558497,0.6028833033917514
cross_spike,16,195,oas,1.1376881576296682,0.09139186133337189,0.5774904971595364
cross_spike,16,195,spiked_known_floor,1.1122591871051712,0.06596289080887473,0.47331108471725686
cross_spike,16,195,oracle,1.0462962962962965,0.0,0.0
cross_spike,16,196,projection,1.2777777777777777,0.2314814814814814,0.8333333333333333
cross_spike,16,196,empirical,1.5551718425436478,0.5088755462473514,0.9558696334321167
cross_spike,16,196,oas,1.1826115554925585,0.13631525919626225,0.5657038300807994
cross_spike,16,196,spiked_known_floor,1.1082608892299641,0.061964592933667836,0.6519883020364342
cross_spike,16,196,oracle,1.0462962962962965,0.0,0.0
cross_spike,16,197,projection,1.2777777777777777,0.2314814814814814,0.8333333333333333
cross_spike,16,197,empirical,1.6642559256441807,0.6179596293478842,0.6519669938314054
cross_spike,16,197,oas,1.1640943339083318,0.11779803761203549,0.4497596428274078
cross_spike,16,197,spiked_known_floor,1.0831378691676818,0.0368415728713857,0.3798918935773191
cross_spike,16,197,oracle,1.0462962962962965,0.0,0.0
cross_spike,16,198,projection,1.2777777777777777,0.2314814814814814,0.8333333333333333
cross_spike,16,198,empirical,1.7545078820416329,0.7082115857453366,0.825808228307491
cross_spike,16,198,oas,1.1538582230018806,0.10756192670558427,0.5318234864548993
cross_spike,16,198,spiked_known_floor,1.104568502405983,0.058272206109686725,0.4783834481420623
cross_spike,16,198,oracle,1.0462962962962965,0.0,0.0
cross_spike,16,199,projection,1.2777777777777777,0.2314814814814814,0.8333333333333333
cross_spike,16,199,empirical,1.9027151356171335,0.8564188393208372,0.6013187744266114
cross_spike,16,199,oas,1.1580241492487588,0.11172785295246254,0.4366840747083114
cross_spike,16,199,spiked_known_floor,1.0710916985768675,0.02479540228057126,0.314997535081273
cross_spike,16,199,oracle,1.0462962962962965,0.0,0.0
cross_spike,32,0,projection,1.2777777777777777,0.2314814814814814,0.8333333333333333
cross_spike,32,0,empirical,1.3418060801153753,0.29550978381907905,0.4942579009809989
cross_spike,32,0,oas,1.1420958114025797,0.09579951510628332,0.4573343784529517
cross_spike,32,0,spiked_known_floor,1.0842905923736232,0.037994296077326774,0.3486396256563201
cross_spike,32,0,oracle,1.0462962962962965,0.0,0.0
cross_spike,32,1,projection,1.2777777777777777,0.2314814814814814,0.8333333333333333
cross_spike,32,1,empirical,1.2530736523265427,0.20677735603024636,0.46661159277264713
cross_spike,32,1,oas,1.1132864652570966,0.06699016896080036,0.43943629214736507
cross_spike,32,1,spiked_known_floor,1.0717943183945717,0.025498022098275386,0.27791035674255715
cross_spike,32,1,oracle,1.0462962962962965,0.0,0.0
cross_spike,32,2,projection,1.2777777777777777,0.2314814814814814,0.8333333333333333
cross_spike,32,2,empirical,1.3133852962019812,0.26708899990568447,0.45877942178957015
cross_spike,32,2,oas,1.1127511275271835,0.066454831230887,0.5219590562698745
cross_spike,32,2,spiked_known_floor,1.0645467676963603,0.018250471400063688,0.3632908148523345
cross_spike,32,2,oracle,1.0462962962962965,0.0,0.0
cross_spike,32,3,projection,1.2777777777777777,0.2314814814814814,0.8333333333333333
cross_spike,32,3,empirical,1.2626759977516133,0.21637970145531688,0.5188907817263307
cross_spike,32,3,oas,1.1303109753842842,0.08401467908798774,0.49838979217031887
cross_spike,32,3,spiked_known_floor,1.07732498835549,0.0310286920591938,0.36349702911633647
cross_spike,32,3,oracle,1.0462962962962965,0.0,0.0
cross_spike,32,4,projection,1.2777777777777777,0.2314814814814814,0.8333333333333333
cross_spike,32,4,empirical,1.3418541308869867,0.29555783459069024,0.812368409366913
cross_spike,32,4,oas,1.1722019452034587,0.12590564890716227,0.5370993527620944
cross_spike,32,4,spiked_known_floor,1.0642446593730714,0.0179483630767753,0.6099621219303496
cross_spike,32,4,oracle,1.0462962962962965,0.0,0.0
cross_spike,32,5,projection,1.2777777777777777,0.2314814814814814,0.8333333333333333
cross_spike,32,5,empirical,1.3606516274546538,0.31435533115835734,0.5141430219329121
cross_spike,32,5,oas,1.1458208605770954,0.09952456428079902,0.45998224928211345
cross_spike,32,5,spiked_known_floor,1.0839861593053608,0.037689863009064566,0.36675297238635013
cross_spike,32,5,oracle,1.0462962962962965,0.0,0.0
cross_spike,32,6,projection,1.2777777777777777,0.2314814814814814,0.8333333333333333
cross_spike,32,6,empirical,1.3174845730676064,0.27118827677131,0.5976413322573989
cross_spike,32,6,oas,1.1523971797244248,0.10610088342812855,0.6324518591247781
cross_spike,32,6,spiked_known_floor,1.118101935220707,0.07180563892441087,0.5461242097473424
cross_spike,32,6,oracle,1.0462962962962965,0.0,0.0
cross_spike,32,7,projection,1.2777777777777777,0.2314814814814814,0.8333333333333333
cross_spike,32,7,empirical,1.274748138847249,0.2284518425509527,0.6622400536578309
cross_spike,32,7,oas,1.1441820924699238,0.0978857961736276,0.42983804734073333
cross_spike,32,7,spiked_known_floor,1.060491611588225,0.014195315291928643,0.4485522023434632
cross_spike,32,7,oracle,1.0462962962962965,0.0,0.0
cross_spike,32,8,projection,1.2777777777777777,0.2314814814814814,0.8333333333333333
cross_spike,32,8,empirical,1.3610403820051777,0.31474408570888157,0.4174412793614453
cross_spike,32,8,oas,1.1342072467204667,0.08791095042417042,0.4080012868285983
cross_spike,32,8,spiked_known_floor,1.0579578473725728,0.011661551076276432,0.24846171474707893
cross_spike,32,8,oracle,1.0462962962962965,0.0,0.0
cross_spike,32,9,projection,1.2777777777777777,0.2314814814814814,0.8333333333333333
cross_spike,32,9,empirical,1.2477607562538267,0.20146445995753043,0.46785698373646367
cross_spike,32,9,oas,1.1336158738335946,0.08731957753729813,0.3728360718763358
cross_spike,32,9,spiked_known_floor,1.0752542765273614,0.028957980231065043,0.3087575045309848
cross_spike,32,9,oracle,1.0462962962962965,0.0,0.0
cross_spike,32,10,projection,1.2777777777777777,0.2314814814814814,0.8333333333333333
cross_spike,32,10,empirical,1.2078622693255405,0.16156597302924416,0.5050723579734414
cross_spike,32,10,oas,1.1116590235356272,0.06536272723933091,0.3589983411632212
cross_spike,32,10,spiked_known_floor,1.0654557966583387,0.01915950036204237,0.31281405203176066
cross_spike,32,10,oracle,1.0462962962962965,0.0,0.0
cross_spike,32,11,projection,1.2777777777777777,0.2314814814814814,0.8333333333333333
cross_spike,32,11,empirical,1.3037992054181384,0.25750290912184215,0.5474906669012204
cross_spike,32,11,oas,1.1282871402867745,0.08199084399047825,0.5935137280189545
cross_spike,32,11,spiked_known_floor,1.0982115020217238,0.05191520572542738,0.48242425119970483
cross_spike,32,11,oracle,1.0462962962962965,0.0,0.0
cross_spike,32,12,projection,1.2777777777777777,0.2314814814814814,0.8333333333333333
cross_spike,32,12,empirical,1.3165638390493188,0.2702675427530225,0.5166795336599971
cross_spike,32,12,oas,1.140162719427913,0.0938664231316165,0.508804216895748
cross_spike,32,12,spiked_known_floor,1.0815488116440193,0.03525251534772297,0.3901110480045601
cross_spike,32,12,oracle,1.0462962962962965,0.0,0.0
cross_spike,32,13,projection,1.2777777777777777,0.2314814814814814,0.8333333333333333
cross_spike,32,13,empirical,1.3150931775717873,0.268796881275491,0.5556009654084235
cross_spike,32,13,oas,1.1519907332863373,0.10569443699004093,0.40951270296078024
cross_spike,32,13,spiked_known_floor,1.0773454491750527,0.031049152878756217,0.36176085413007664
cross_spike,32,13,oracle,1.0462962962962965,0.0,0.0
cross_spike,32,14,projection,1.2777777777777777,0.2314814814814814,0.8333333333333333
cross_spike,32,14,empirical,1.2758779749610005,0.22958167866470433,0.5777315948339177
cross_spike,32,14,oas,1.1503220752651528,0.10402577896885651,0.4550506158575965
cross_spike,32,14,spiked_known_floor,1.0862936199374509,0.039997323641154506,0.41829566520514644
cross_spike,32,14,oracle,1.0462962962962965,0.0,0.0
cross_spike,32,15,projection,1.2777777777777777,0.2314814814814814,0.8333333333333333
cross_spike,32,15,empirical,1.2196637353507633,0.17336743905446722,0.43738998397909584
cross_spike,32,15,oas,1.1111102107382544,0.06481391444195796,0.4542034904164984
cross_spike,32,15,spiked_known_floor,1.0724776226949382,0.02618132639864196,0.3265077751345189
cross_spike,32,15,oracle,1.0462962962962965,0.0,0.0
cross_spike,32,16,projection,1.2777777777777777,0.2314814814814814,0.8333333333333333
cross_spike,32,16,empirical,1.3941709341569577,0.3478746378606613,0.4732712484145342
cross_spike,32,16,oas,1.147593207323123,0.10129691102682661,0.42138708598503244
cross_spike,32,16,spiked_known_floor,1.0781142503471883,0.03181795405089193,0.318184689319226
cross_spike,32,16,oracle,1.0462962962962965,0.0,0.0
cross_spike,32,17,projection,1.2777777777777777,0.2314814814814814,0.8333333333333333
cross_spike,32,17,empirical,1.2921128923739653,0.2458165960776688,0.5061662045155354
cross_spike,32,17,oas,1.1309370680273458,0.08464077173104965,0.3648055053590177
cross_spike,32,17,spiked_known_floor,1.0629727837531808,0.01667648745688436,0.27320365455175677
cross_spike,32,17,oracle,1.0462962962962965,0.0,0.0
cross_spike,32,18,projection,1.2777777777777777,0.2314814814814814,0.8333333333333333
cross_spike,32,18,empirical,1.4203647204678063,0.3740684241715099,0.48470783006679646
cross_spike,32,18,oas,1.1467107274168176,0.10041443112052127,0.5172966684297815
cross_spike,32,18,spiked_known_floor,1.0818312115043494,0.03553491520805292,0.4114497055733549
cross_spike,32,18,oracle,1.0462962962962965,0.0,0.0
cross_spike,32,19,projection,1.2777777777777777,0.2314814814814814,0.8333333333333333
cross_spike,32,19,empirical,1.299026965614544,0.25273066931824756,0.47647813232922037
cross_spike,32,19,oas,1.1474017256011761,0.1011054293048797,0.49795175925741564
cross_spike,32,19,spiked_known_floor,1.086193589771927,0.03989729347563063,0.40229338865537034
cross_spike,32,19,oracle,1.0462962962962965,0.0,0.0
cross_spike,32,20,projection,1.2777777777777777,0.2314814814814814,0.8333333333333333
cross_spike,32,20,empirical,1.2284275250575654,0.18213122876126903,0.4611082918958153
cross_spike,32,20,oas,1.1232774726069312,0.07698117631063499,0.34668161312738666
cross_spike,32,20,spiked_known_floor,1.062798669398814,0.016502373102517842,0.2544078963976975
cross_spike,32,20,oracle,1.0462962962962965,0.0,0.0
cross_spike,32,21,projection,1.2777777777777777,0.2314814814814814,0.8333333333333333
cross_spike,32,21,empirical,1.267954391908452,0.22165809561215558,0.6197054572211999
cross_spike,32,21,oas,1.1505479073465403,0.10425161105024411,0.4174781523956105
cross_spike,32,21,spiked_known_floor,1.0840328435792028,0.03773654728290657,0.4263962988558934
cross_spike,32,21,oracle,1.0462962962962965,0.0,0.0
cross_spike,32,22,projection,1.2777777777777777,0.2314814814814814,0.8333333333333333
cross_spike,32,22,empirical,1.3509484757072399,0.3046521794109435,0.4906343697475853
cross_spike,32,22,oas,1.1326451174935477,0.08634882119725126,0.46300288680453555
cross_spike,32,22,spiked_known_floor,1.0813321804798077,0.035035884183511404,0.3411369853517024
cross_spike,32,22,oracle,1.0462962962962965,0.0,0.0
cross_spike,32,23,projection,1.2777777777777777,0.2314814814814814,0.8333333333333333
cross_spike,32,23,empirical,1.253387061338936,0.20709076504263943,0.4056069994275744
cross_spike,32,23,oas,1.1158648771274509,0.06956858083115443,0.4243009295987541
cross_spike,32,23,spiked_known_floor,1.0633806480524728,0.017084351756176425,0.2809891432904285
cross_spike,32,23,oracle,1.0462962962962965,0.0,0.0
cross_spike,32,24,projection,1.2777777777777777,0.2314814814814814,0.8333333333333333
cross_spike,32,24,empirical,1.3433638499322318,0.2970675536359353,0.4497494186369961
cross_spike,32,24,oas,1.1364794008630577,0.09018310456676136,0.4297915156967176
cross_spike,32,24,spiked_known_floor,1.0708365115926688,0.024540215296372344,0.30075220879309145
cross_spike,32,24,oracle,1.0462962962962965,0.0,0.0
cross_spike,32,25,projection,1.2777777777777777,0.2314814814814814,0.8333333333333333
cross_spike,32,25,empirical,1.236267186435927,0.1899708901396306,0.5253349582843839
cross_spike,32,25,oas,1.1365176793483611,0.09022138305206465,0.3794621439802322
cross_spike,32,25,spiked_known_floor,1.079230042234289,0.03293374593799282,0.33898434523086096
cross_spike,32,25,oracle,1.0462962962962965,0.0,0.0
cross_spike,32,26,projection,1.2777777777777777,0.2314814814814814,0.8333333333333333
cross_spike,32,26,empirical,1.2407800215210913,0.19448372522479515,0.5029114087070653
cross_spike,32,26,oas,1.1240927150753284,0.07779641877903203,0.35882785663454675
cross_spike,32,26,spiked_known_floor,1.0713830209726152,0.02508672467631882,0.32626383133988524
cross_spike,32,26,oracle,1.0462962962962965,0.0,0.0
cross_spike,32,27,projection,1.2777777777777777,0.2314814814814814,0.8333333333333333
cross_spike,32,27,empirical,1.2711318641859435,0.2248355678896471,0.46517501649235743
cross_spike,32,27,oas,1.135839368280331,0.08954307198403463,0.4440508622390767
cross_spike,32,27,spiked_known_floor,1.062437666533337,0.016141370237040806,0.3075207788780932
cross_spike,32,27,oracle,1.0462962962962965,0.0,0.0
cross_spike,32,28,projection,1.2777777777777777,0.2314814814814814,0.8333333333333333
cross_spike,32,28,empirical,1.3073646093857423,0.26106831308944595,0.5605057785641859
cross_spike,32,28,oas,1.1470780424599698,0.10078174616367336,0.4537824565845128
cross_spike,32,28,spiked_known_floor,1.0948537176683688,0.04855742137207244,0.3948928310552858
cross_spike,32,28,oracle,1.0462962962962965,0.0,0.0
cross_spike,32,29,projection,1.2777777777777777,0.2314814814814814,0.8333333333333333
cross_spike,32,29,empirical,1.271330019183023,0.2250337228867266,0.6205629165548792
cross_spike,32,29,oas,1.135700106531474,0.08940381023517764,0.4179753594782799
cross_spike,32,29,spiked_known_floor,1.0623491094074209,0.01605281311112451,0.41828847796432655
cross_spike,32,29,oracle,1.0462962962962965,0.0,0.0
cross_spike,32,30,projection,1.2777777777777777,0.2314814814814814,0.8333333333333333
cross_spike,32,30,empirical,1.3658194376770412,0.31952314138074495,0.5321509335579466
cross_spike,32,30,oas,1.1506914370345995,0.10439514073830322,0.3767218956755831
cross_spike,32,30,spiked_known_floor,1.068103586550368,0.02180729025407173,0.32210338953851414
cross_spike,32,30,oracle,1.0462962962962965,0.0,0.0
cross_spike,32,31,projection,1.2777777777777777,0.2314814814814814,0.8333333333333333
cross_spike,32,31,empirical,1.2582814584024034,0.21198516210610696,0.4672074523610897
cross_spike,32,31,oas,1.1142921044660954,0.06799580816979894,0.41946583249101566
cross_spike,32,31,spiked_known_floor,1.0701066013609315,0.02381030506463525,0.30504883545713435
cross_spike,32,31,oracle,1.0462962962962965,0.0,0.0
cross_spike,32,32,projection,1.2777777777777777,0.2314814814814814,0.8333333333333333
cross_spike,32,32,empirical,1.3402031310785192,0.2939068347822229,0.48258281438833744
cross_spike,32,32,oas,1.1389059915972102,0.09260969530091409,0.5314226429214809
cross_spike,32,32,spiked_known_floor,1.0724379605312895,0.026141664234993124,0.41090955019767195
cross_spike,32,32,oracle,1.0462962962962965,0.0,0.0
cross_spike,32,33,projection,1.2777777777777777,0.2314814814814814,0.8333333333333333
cross_spike,32,33,empirical,1.3520642474962303,0.305767951199934,0.5105498504262963
cross_spike,32,33,oas,1.1264807114510826,0.0801844151547863,0.5543901674433187
cross_spike,32,33,spiked_known_floor,1.0794114337690814,0.033115137472785085,0.427498882256572
cross_spike,32,33,oracle,1.0462962962962965,0.0,0.0
cross_spike,32,34,projection,1.2777777777777777,0.2314814814814814,0.8333333333333333
cross_spike,32,34,empirical,1.272947748582163,0.22665145228586658,0.4571032022417574
cross_spike,32,34,oas,1.1342904725806426,0.08799417628434637,0.37351825375520475
cross_spike,32,34,spiked_known_floor,1.0678515455266941,0.02155524923039793,0.25949235381606567
cross_spike,32,34,oracle,1.0462962962962965,0.0,0.0
cross_spike,32,35,projection,1.2777777777777777,0.2314814814814814,0.8333333333333333
cross_spike,32,35,empirical,1.3452304959627779,0.2989341996664815,0.45515592611000893
cross_spike,32,35,oas,1.1326834022063135,0.08638710591001711,0.41980175331872216
cross_spike,32,35,spiked_known_floor,1.0696720707387035,0.023375774442407064,0.2802547092076316
cross_spike,32,35,oracle,1.0462962962962965,0.0,0.0
cross_spike,32,36,projection,1.2777777777777777,0.2314814814814814,0.8333333333333333
cross_spike,32,36,empirical,1.2916595562619333,0.2453632599656371,0.5090713019556459
cross_spike,32,36,oas,1.1192188740937885,0.07292257779749212,0.5510249016586113
cross_spike,32,36,spiked_known_floor,1.0726141603765582,0.026317864080261884,0.4363436445063067
cross_spike,32,36,oracle,1.0462962962962965,0.0,0.0
cross_spike,32,37,projection,1.2777777777777777,0.2314814814814814,0.8333333333333333
cross_spike,32,37,empirical,1.2695952106268074,0.22329891433051088,0.40274404537908803
cross_spike,32,37,oas,1.1323877123946042,0.08609141609830778,0.35283568063781434
cross_spike,32,37,spiked_known_floor,1.0613690300745386,0.015072733778242317,0.2478682172374236
cross_spike,32,37,oracle,1.0462962962962965,0.0,0.0
cross_spike,32,38,projection,1.2777777777777777,0.2314814814814814,0.8333333333333333
cross_spike,32,38,empirical,1.2483291475401601,0.20203285124386375,0.4883798088464321
cross_spike,32,38,oas,1.1305638813907544,0.08426758509445803,0.43540527869863
cross_spike,32,38,spiked_known_floor,1.07168524935734,0.02538895306104379,0.33477642953125164
cross_spike,32,38,oracle,1.0462962962962965,0.0,0.0
cross_spike,32,39,projection,1.2777777777777777,0.2314814814814814,0.8333333333333333
cross_spike,32,39,empirical,1.2532421169346697,0.2069458206383734,0.6168467921690982
cross_spike,32,39,oas,1.127592172626503,0.08129587633020674,0.42140434880500155
cross_spike,32,39,spiked_known_floor,1.081398979555559,0.03510268325926248,0.3919616625612977
cross_spike,32,39,oracle,1.0462962962962965,0.0,0.0
cross_spike,32,40,projection,1.2777777777777777,0.2314814814814814,0.8333333333333333
cross_spike,32,40,empirical,1.2818185783353673,0.23552228203907072,0.4698212218183629
cross_spike,32,40,oas,1.1311669437305396,0.08487064743424315,0.3485269578087605
cross_spike,32,40,spiked_known_floor,1.0677967065568588,0.021500410260562517,0.28620070252694524
cross_spike,32,40,oracle,1.0462962962962965,0.0,0.0
cross_spike,32,41,projection,1.2777777777777777,0.2314814814814814,0.8333333333333333
cross_spike,32,41,empirical,1.2046719206047822,0.15837562430848584,0.4489005653024447
cross_spike,32,41,oas,1.110948616216998,0.06465231992070147,0.4428709238849374
cross_spike,32,41,spiked_known_floor,1.0627836726089557,0.01648737631265926,0.2870226559478675
cross_spike,32,41,oracle,1.0462962962962965,0.0,0.0
cross_spike,32,42,projection,1.2777777777777777,0.2314814814814814,0.8333333333333333
cross_spike,32,42,empirical,1.3304672253829466,0.2841709290866502,0.5187749677999323
cross_spike,32,42,oas,1.1178631221866968,0.07156682589040055,0.5976334277315841
cross_spike,32,42,spiked_known_floor,1.0743247116411887,0.028028415344892494,0.4831150915958637
cross_spike,32,42,oracle,1.0462962962962965,0.0,0.0
cross_spike,32,43,projection,1.2777777777777777,0.2314814814814814,0.8333333333333333
cross_spike,32,43,empirical,1.250097266275227,0.20380096997893082,0.6989252838074923
cross_spike,32,43,oas,1.143835357398337,0.0975390611020408,0.46643233427768077
cross_spike,32,43,spiked_known_floor,1.0708797455035772,0.024583449207280908,0.5005744645239174
cross_spike,32,43,oracle,1.0462962962962965,0.0,0.0
cross_spike,32,44,projection,1.2777777777777777,0.2314814814814814,0.8333333333333333
cross_spike,32,44,empirical,1.333037585241443,0.2867412889451464,0.6367242690052647
cross_spike,32,44,oas,1.1202974241570154,0.07400112786071912,0.6926001625296985
cross_spike,32,44,spiked_known_floor,1.0997100666396127,0.053413770343316375,0.6037016991466989
cross_spike,32,44,oracle,1.0462962962962965,0.0,0.0
cross_spike,32,45,projection,1.2777777777777777,0.2314814814814814,0.8333333333333333
cross_spike,32,45,empirical,1.2879902191234966,0.24169392282720034,0.5038030892098629
cross_spike,32,45,oas,1.1263203293698145,0.08002403307351814,0.4198444448636823
cross_spike,32,45,spiked_known_floor,1.0683149305309092,0.022018634234612776,0.26345047867640886
cross_spike,32,45,oracle,1.0462962962962965,0.0,0.0
cross_spike,32,46,projection,1.2777777777777777,0.2314814814814814,0.8333333333333333
cross_spike,32,46,empirical,1.236732931608363,0.19043663531206684,0.6099998372177161
cross_spike,32,46,oas,1.1435694424813945,0.09727314618509814,0.432482078848018
cross_spike,32,46,spiked_known_floor,1.076588578238898,0.030292281942601664,0.4234345267880679
cross_spike,32,46,oracle,1.0462962962962965,0.0,0.0
cross_spike,32,47,projection,1.2777777777777777,0.2314814814814814,0.8333333333333333
cross_spike,32,47,empirical,1.2865828273584665,0.2402865310621702,0.5116556372733154
cross_spike,32,47,oas,1.1358800578159651,0.08958376151966875,0.4199173345306796
cross_spike,32,47,spiked_known_floor,1.073409046258014,0.027112749961717572,0.3131757314828426
cross_spike,32,47,oracle,1.0462962962962965,0.0,0.0
cross_spike,32,48,projection,1.2777777777777777,0.2314814814814814,0.8333333333333333
cross_spike,32,48,empirical,1.2624210887976157,0.21612479250131938,0.5288651167618703
cross_spike,32,48,oas,1.1286282177060383,0.08233192140974187,0.3429551104128903
cross_spike,32,48,spiked_known_floor,1.0592021520159662,0.012905855719669984,0.2936874278921678
cross_spike,32,48,oracle,1.0462962962962965,0.0,0.0
cross_spike,32,49,projection,1.2777777777777777,0.2314814814814814,0.8333333333333333
cross_spike,32,49,empirical,1.2864028512080539,0.2401065549117573,0.47832848420009805
cross_spike,32,49,oas,1.127014532005352,0.08071823570905563,0.48685955495093086
cross_spike,32,49,spiked_known_floor,1.082046392150775,0.0357500958544787,0.3822238596573072
cross_spike,32,49,oracle,1.0462962962962965,0.0,0.0
cross_spike,32,50,projection,1.2777777777777777,0.2314814814814814,0.8333333333333333
cross_spike,32,50,empirical,1.3412277655028078,0.29493146920651114,0.5481208771597401
cross_spike,32,50,oas,1.1677889913350614,0.12149269503876495,0.37067445711916147
cross_spike,32,50,spiked_known_floor,1.0729826226235075,0.026686326327211088,0.3520366324626865
cross_spike,32,50,oracle,1.0462962962962965,0.0,0.0
cross_spike,32,51,projection,1.2777777777777777,0.2314814814814814,0.8333333333333333
cross_spike,32,51,empirical,1.3359576240380795,0.2896613277417832,0.4722068599647804
cross_spike,32,51,oas,1.1343177697679225,0.08802147347162595,0.46758537096073205
cross_spike,32,51,spiked_known_floor,1.073705675071774,0.027409378775477528,0.33897434952812794
cross_spike,32,51,oracle,1.0462962962962965,0.0,0.0
cross_spike,32,52,projection,1.2777777777777777,0.2314814814814814,0.8333333333333333
cross_spike,32,52,empirical,1.1761336891700311,0.12983739287373486,0.42268307378742787
cross_spike,32,52,oas,1.1064635980808677,0.060167301784571414,0.35081312440294543
cross_spike,32,52,spiked_known_floor,1.0638816315649469,0.017585335268650366,0.24385825382000922
cross_spike,32,52,oracle,1.0462962962962965,0.0,0.0
cross_spike,32,53,projection,1.2777777777777777,0.2314814814814814,0.8333333333333333
cross_spike,32,53,empirical,1.2629785317043227,0.2166822354080266,0.480991578251907
cross_spike,32,53,oas,1.1242773759996583,0.07798107970336211,0.38996075001378694
cross_spike,32,53,spiked_known_floor,1.0656935622715338,0.019397265975237478,0.2854957604652384
cross_spike,32,53,oracle,1.0462962962962965,0.0,0.0
cross_spike,32,54,projection,1.2777777777777777,0.2314814814814814,0.8333333333333333
cross_spike,32,54,empirical,1.2612129244859058,0.21491662818960938,0.5061854887420839
cross_spike,32,54,oas,1.1225618529582204,0.076265556661924,0.510296293933978
cross_spike,32,54,spiked_known_floor,1.0698343502866052,0.023538053990308793,0.39339482401628334
cross_spike,32,54,oracle,1.0462962962962965,0.0,0.0
cross_spike,32,55,projection,1.2777777777777777,0.2314814814814814,0.8333333333333333
cross_spike,32,55,empirical,1.3055985529314884,0.25930225663519213,0.5212101818890661
cross_spike,32,55,oas,1.1415450654222776,0.0952487691259812,0.41396209026602154
cross_spike,32,55,spiked_known_floor,1.0787785499561364,0.0324822536598399,0.3416351676601626
cross_spike,32,55,oracle,1.0462962962962965,0.0,0.0
cross_spike,32,56,projection,1.2777777777777777,0.2314814814814814,0.8333333333333333
cross_spike,32,56,empirical,1.2832964149614687,0.23700011866517232,0.6116427367419768
cross_spike,32,56,oas,1.1319765005646327,0.08568020426833632,0.3991177570992923
cross_spike,32,56,spiked_known_floor,1.0688798520378215,0.022583555741525367,0.4021901338855025
cross_spike,32,56,oracle,1.0462962962962965,0.0,0.0
cross_spike,32,57,projection,1.2777777777777777,0.2314814814814814,0.8333333333333333
cross_spike,32,57,empirical,1.281098766908568,0.2348024706122717,0.8554312600791889
cross_spike,32,57,oas,1.151891571135757,0.10559527483946061,0.5993185823309527
cross_spike,32,57,spiked_known_floor,1.0659921361336715,0.019695839837375113,0.6653431912178034
cross_spike,32,57,oracle,1.0462962962962965,0.0,0.0
cross_spike,32,58,projection,1.2777777777777777,0.2314814814814814,0.8333333333333333
cross_spike,32,58,empirical,1.2249793343601425,0.1786830380638462,0.4696648363612363
cross_spike,32,58,oas,1.1268134058266162,0.08051710953031972,0.4090628221749369
cross_spike,32,58,spiked_known_floor,1.0722276917856484,0.025931395489351916,0.3031992236526088
cross_spike,32,58,oracle,1.0462962962962965,0.0,0.0
cross_spike,32,59,projection,1.2777777777777777,0.2314814814814814,0.8333333333333333
cross_spike,32,59,empirical,1.2379462725937056,0.19164997629740899,0.4974677129489505
cross_spike,32,59,oas,1.1172545757846295,0.07095827948833322,0.5202424800305397
cross_spike,32,59,spiked_known_floor,1.079286414253725,0.03299011795742871,0.40481458928769387
cross_spike,32,59,oracle,1.0462962962962965,0.0,0.0
cross_spike,32,60,projection,1.2777777777777777,0.2314814814814814,0.8333333333333333
cross_spike,32,60,empirical,1.2856921170051463,0.2393958207088499,0.5023453751313733
cross_spike,32,60,oas,1.1265548396330545,0.0802585433367581,0.5174730054128611
cross_spike,32,60,spiked_known_floor,1.0939155070462805,0.047619210749984035,0.4082456796583138
cross_spike,32,60,oracle,1.0462962962962965,0.0,0.0
cross_spike,32,61,projection,1.2777777777777777,0.2314814814814814,0.8333333333333333
cross_spike,32,61,empirical,1.274040594279193,0.22774429798289667,0.5211469783952828
cross_spike,32,61,oas,1.143593590419431,0.0972972941231346,0.40618646693710825
cross_spike,32,61,spiked_known_floor,1.0791383723708154,0.03284207607451918,0.3501591075581383
cross_spike,32,61,oracle,1.0462962962962965,0.0,0.0
cross_spike,32,62,projection,1.2777777777777777,0.2314814814814814,0.8333333333333333
cross_spike,32,62,empirical,1.452284085789191,0.4059877894928946,0.46303083981515863
cross_spike,32,62,oas,1.1362704125022391,0.08997411620594274,0.4624232585620965
cross_spike,32,62,spiked_known_floor,1.0707102268816828,0.02441393058538649,0.3202651311944402
cross_spike,32,62,oracle,1.0462962962962965,0.0,0.0
cross_spike,32,63,projection,1.2777777777777777,0.2314814814814814,0.8333333333333333
cross_spike,32,63,empirical,1.3857025938862517,0.33940629758995544,0.5207720687062564
cross_spike,32,63,oas,1.159803613155181,0.11350731685888454,0.4716934582641068
cross_spike,32,63,spiked_known_floor,1.0764128904963008,0.03011659420000444,0.40428167122582237
cross_spike,32,63,oracle,1.0462962962962965,0.0,0.0
cross_spike,32,64,projection,1.2777777777777777,0.2314814814814814,0.8333333333333333
cross_spike,32,64,empirical,1.3042151805323803,0.2579188842360841,0.48674823255166255
cross_spike,32,64,oas,1.1218979386181,0.07560164232180372,0.533313284328937
cross_spike,32,64,spiked_known_floor,1.0758599847791035,0.029563688482807063,0.3879239365491266
cross_spike,32,64,oracle,1.0462962962962965,0.0,0.0
cross_spike,32,65,projection,1.2777777777777777,0.2314814814814814,0.8333333333333333
cross_spike,32,65,empirical,1.305130770008383,0.25883447371208645,0.44759200927233
cross_spike,32,65,oas,1.1167655750130516,0.07046927871675529,0.3769408954850887
cross_spike,32,65,spiked_known_floor,1.064979453815596,0.018683157519299817,0.26258052459472386
cross_spike,32,65,oracle,1.0462962962962965,0.0,0.0
cross_spike,32,66,projection,1.2777777777777777,0.2314814814814814,0.8333333333333333
cross_spike,32,66,empirical,1.2623515755067376,0.21605527921044132,0.5407935424690985
cross_spike,32,66,oas,1.1435839544477768,0.09728765815148058,0.3659464421850141
cross_spike,32,66,spiked_known_floor,1.0707973924570466,0.024501096160750375,0.3344698088117516
cross_spike,32,66,oracle,1.0462962962962965,0.0,0.0
cross_spike,32,67,projection,1.2777777777777777,0.2314814814814814,0.8333333333333333
cross_spike,32,67,empirical,1.3166819551316782,0.27038565883538174,0.5050089748949524
cross_spike,32,67,oas,1.1474922666168008,0.10119597032050452,0.4278507139760926
cross_spike,32,67,spiked_known_floor,1.0687333430613803,0.02243704676508386,0.33732608116088214
cross_spike,32,67,oracle,1.0462962962962965,0.0,0.0
cross_spike,32,68,projection,1.2777777777777777,0.2314814814814814,0.8333333333333333
cross_spike,32,68,empirical,1.387672573965266,0.34137627766896983,0.48048506929750573
cross_spike,32,68,oas,1.146609546689892,0.10031325039359552,0.4316688869498515
cross_spike,32,68,spiked_known_floor,1.0758666545974178,0.02957035830112145,0.30981855664943087
cross_spike,32,68,oracle,1.0462962962962965,0.0,0.0
cross_spike,32,69,projection,1.2777777777777777,0.2314814814814814,0.8333333333333333
cross_spike,32,69,empirical,1.2713690740178367,0.22507277772154038,0.466336899151973
cross_spike,32,69,oas,1.1220089002870652,0.075712603990769,0.45157351479806557
cross_spike,32,69,spiked_known_floor,1.0850775738582152,0.038781277561918896,0.36691149030470727
cross_spike,32,69,oracle,1.0462962962962965,0.0,0.0
cross_spike,32,70,projection,1.2777777777777777,0.2314814814814814,0.8333333333333333
cross_spike,32,70,empirical,1.3478116709044423,0.3015153746081461,0.571605563569649
cross_spike,32,70,oas,1.172283258074882,0.12598696177858582,0.4481264089256534
cross_spike,32,70,spiked_known_floor,1.0924825961952227,0.04618629989892652,0.3820839104302809
cross_spike,32,70,oracle,1.0462962962962965,0.0,0.0
cross_spike,32,71,projection,1.2777777777777777,0.2314814814814814,0.8333333333333333
cross_spike,32,71,empirical,1.374907241572398,0.32861094527610146,0.6181456398816693
cross_spike,32,71,oas,1.1758600009540052,0.12956370465770894,0.46582042814476093
cross_spike,32,71,spiked_known_floor,1.0852711939140216,0.03897489761772518,0.4414546791854575
cross_spike,32,71,oracle,1.0462962962962965,0.0,0.0
cross_spike,32,72,projection,1.2777777777777777,0.2314814814814814,0.8333333333333333
cross_spike,32,72,empirical,1.2641931751138398,0.21789687881754338,0.4255140166522837
cross_spike,32,72,oas,1.1161276362464647,0.06983133995016826,0.40520243263965927
cross_spike,32,72,spiked_known_floor,1.073614507789708,0.02731821149341155,0.3039927032289217
cross_spike,32,72,oracle,1.0462962962962965,0.0,0.0
cross_spike,32,73,projection,1.2777777777777777,0.2314814814814814,0.8333333333333333
cross_spike,32,73,empirical,1.2782776388761765,0.23198134257988035,0.5834190234904914
cross_spike,32,73,oas,1.1378326343931653,0.09153633809686886,0.3836839713620487
cross_spike,32,73,spiked_known_floor,1.066397962425686,0.02010166612938969,0.3766234020473365
cross_spike,32,73,oracle,1.0462962962962965,0.0,0.0
cross_spike,32,74,projection,1.2777777777777777,0.2314814814814814,0.8333333333333333
cross_spike,32,74,empirical,1.2897942038699144,0.24349790757361797,0.49402233078723556
cross_spike,32,74,oas,1.1419390866952144,0.09564279039891771,0.3661182664726173
cross_spike,32,74,spiked_known_floor,1.0710967111161669,0.024800414819870616,0.30547902021683543
cross_spike,32,74,oracle,1.0462962962962965,0.0,0.0
cross_spike,32,75,projection,1.2777777777777777,0.2314814814814814,0.8333333333333333
cross_spike,32,75,empirical,1.4170163591152702,0.3707200628189739,0.5055405080428831
cross_spike,32,75,oas,1.1247190239108191,0.07842272761452268,0.5427177810401201
cross_spike,32,75,spiked_known_floor,1.082236070319758,0.035939774023461823,0.4307753712798936
cross_spike,32,75,oracle,1.0462962962962965,0.0,0.0
cross_spike,32,76,projection,1.2777777777777777,0.2314814814814814,0.8333333333333333
cross_spike,32,76,empirical,1.2241944609446769,0.1778981646483806,0.49010893553078905
cross_spike,32,76,oas,1.1099874828024623,0.06369118650616584,0.3837650448333718
cross_spike,32,76,spiked_known_floor,1.0724438911911431,0.026147594894846974,0.3037236473506414
cross_spike,32,76,oracle,1.0462962962962965,0.0,0.0
cross_spike,32,77,projection,1.2777777777777777,0.2314814814814814,0.8333333333333333
cross_spike,32,77,empirical,1.2206325173399126,0.17433622104361635,0.5826687681415024
cross_spike,32,77,oas,1.1321251450074188,0.08582884871112242,0.3875443771807404
cross_spike,32,77,spiked_known_floor,1.067459417595388,0.021163121299091574,0.39824029362893587
cross_spike,32,77,oracle,1.0462962962962965,0.0,0.0
cross_spike,32,78,projection,1.2777777777777777,0.2314814814814814,0.8333333333333333
cross_spike,32,78,empirical,1.254020360438248,0.2077240641419518,0.5159849552548107
cross_spike,32,78,oas,1.134472111743512,0.08817581544721563,0.404484047642991
cross_spike,32,78,spiked_known_floor,1.081794702184119,0.03549840588782268,0.335022009689949
cross_spike,32,78,oracle,1.0462962962962965,0.0,0.0
cross_spike,32,79,projection,1.2777777777777777,0.2314814814814814,0.8333333333333333
cross_spike,32,79,empirical,1.2738019718425848,0.22750567554628848,0.5112490893531426
cross_spike,32,79,oas,1.1490942077059347,0.10279791140963818,0.3873295370415431
cross_spike,32,79,spiked_known_floor,1.078970252469893,0.032673956173596565,0.33865779206356683
cross_spike,32,79,oracle,1.0462962962962965,0.0,0.0
cross_spike,32,80,projection,1.2777777777777777,0.2314814814814814,0.8333333333333333
cross_spike,32,80,empirical,1.2148632118699736,0.16856691557367712,0.45922073168027516
cross_spike,32,80,oas,1.115191399053331,0.06889510275703477,0.40791619256626355
cross_spike,32,80,spiked_known_floor,1.068586938560704,0.022290642264407735,0.2994145111504804
cross_spike,32,80,oracle,1.0462962962962965,0.0,0.0
cross_spike,32,81,projection,1.2777777777777777,0.2314814814814814,0.8333333333333333
cross_spike,32,81,empirical,1.3152444808077648,0.2689481845114685,0.5669832527435313
cross_spike,32,81,oas,1.1621395313883427,0.11584323509204654,0.4184158287324621
cross_spike,32,81,spiked_known_floor,1.077680021273859,0.03138372497756252,0.34033683740526577
cross_spike,32,81,oracle,1.0462962962962965,0.0,0.0
cross_spike,32,82,projection,1.2777777777777777,0.2314814814814814,0.8333333333333333
cross_spike,32,82,empirical,1.2776044781087699,0.23130818181247362,0.47317147288835465
cross_spike,32,82,oas,1.128002851124129,0.08170655482783247,0.3958913731875711
cross_spike,32,82,spiked_known_floor,1.0670018907926178,0.020705594496321502,0.3000978666440182
cross_spike,32,82,oracle,1.0462962962962965,0.0,0.0
cross_spike,32,83,projection,1.2777777777777777,0.2314814814814814,0.8333333333333333
cross_spike,32,83,empirical,1.255975599613027,0.20967930331673054,0.48460608560459684
cross_spike,32,83,oas,1.1207721039909748,0.07447580769467854,0.3832407547971513
cross_spike,32,83,spiked_known_floor,1.0631464176449485,0.016850121348652075,0.3007720981173747
cross_spike,32,83,oracle,1.0462962962962965,0.0,0.0
cross_spike,32,84,projection,1.2777777777777777,0.2314814814814814,0.8333333333333333
cross_spike,32,84,empirical,1.2932347807633864,0.24693848446709016,0.5922339305686527
cross_spike,32,84,oas,1.1364586763665203,0.09016238007022385,0.6488042008572299
cross_spike,32,84,spiked_known_floor,1.1032930837618637,0.05699678746556745,0.5484336503599362
cross_spike,32,84,oracle,1.0462962962962965,0.0,0.0
cross_spike,32,85,projection,1.2777777777777777,0.2314814814814814,0.8333333333333333
cross_spike,32,85,empirical,1.3576231504107057,0.31132685411440936,0.5683851074981586
cross_spike,32,85,oas,1.1472035825534594,0.10090728625716303,0.44422745874379493
cross_spike,32,85,spiked_known_floor,1.0841425036966423,0.03784620740034597,0.39132063525030736
cross_spike,32,85,oracle,1.0462962962962965,0.0,0.0
cross_spike,32,86,projection,1.2777777777777777,0.2314814814814814,0.8333333333333333
cross_spike,32,86,empirical,1.3546141125710338,0.30831781627473737,0.49133609681752155
cross_spike,32,86,oas,1.1382218764884793,0.09192558019218283,0.49139169572875047
cross_spike,32,86,spiked_known_floor,1.0811991076249545,0.034902811328658065,0.3865423759926239
cross_spike,32,86,oracle,1.0462962962962965,0.0,0.0
cross_spike,32,87,projection,1.2777777777777777,0.2314814814814814,0.8333333333333333
cross_spike,32,87,empirical,1.27282940065508,0.2265331043587837,0.6036267423015577
cross_spike,32,87,oas,1.1612290705195412,0.11493277422324483,0.4942687678164019
cross_spike,32,87,spiked_known_floor,1.1033834915010678,0.05708719520477143,0.4367642302259587
cross_spike,32,87,oracle,1.0462962962962965,0.0,0.0
cross_spike,32,88,projection,1.2777777777777777,0.2314814814814814,0.8333333333333333
cross_spike,32,88,empirical,1.3006042756379896,0.2543079793416933,0.6480217765056886
cross_spike,32,88,oas,1.1538613635882558,0.10756506729195946,0.4185528024978465
cross_spike,32,88,spiked_known_floor,1.0629252085535226,0.01662891225722625,0.4228443908406923
cross_spike,32,88,oracle,1.0462962962962965,0.0,0.0
cross_spike,32,89,projection,1.2777777777777777,0.2314814814814814,0.8333333333333333
cross_spike,32,89,empirical,1.2827818811120197,0.23648558481572332,0.6411424207892793
cross_spike,32,89,oas,1.151434637227382,0.10513834093108557,0.4054997980563515
cross_spike,32,89,spiked_known_floor,1.057388984227161,0.011092687930864813,0.4082444146812226
cross_spike,32,89,oracle,1.0462962962962965,0.0,0.0
cross_spike,32,90,projection,1.2777777777777777,0.2314814814814814,0.8333333333333333
cross_spike,32,90,empirical,1.3338771770716027,0.28758088077530647,0.4024740114728337
cross_spike,32,90,oas,1.1436460457512183,0.09734974945492196,0.29601386871187335
cross_spike,32,90,spiked_known_floor,1.0536316575738056,0.007335361277509393,0.17197271802146002
cross_spike,32,90,oracle,1.0462962962962965,0.0,0.0
cross_spike,32,91,projection,1.2777777777777777,0.2314814814814814,0.8333333333333333
cross_spike,32,91,empirical,1.282668775665832,0.23637247936953548,0.5974343640382738
cross_spike,32,91,oas,1.1456968479687413,0.09940055167244494,0.4162731274462558
cross_spike,32,91,spiked_known_floor,1.0722554013759709,0.025959105079674565,0.4134797324925306
cross_spike,32,91,oracle,1.0462962962962965,0.0,0.0
cross_spike,32,92,projection,1.2777777777777777,0.2314814814814814,0.8333333333333333
cross_spike,32,92,empirical,1.2621822074332494,0.21588591113695305,0.419260194337308
cross_spike,32,92,oas,1.1295896776366625,0.0832933813403661,0.4162177668444267
cross_spike,32,92,spiked_known_floor,1.0691859328605287,0.022889636564232343,0.2880876992334764
cross_spike,32,92,oracle,1.0462962962962965,0.0,0.0
cross_spike,32,93,projection,1.2777777777777777,0.2314814814814814,0.8333333333333333
cross_spike,32,93,empirical,1.3377147673813903,0.29141847108509367,0.4974186423792793
cross_spike,32,93,oas,1.1395807226056403,0.09328442630934375,0.5056199908068747
cross_spike,32,93,spiked_known_floor,1.0819400785658528,0.03564378226955649,0.3770501374564311
cross_spike,32,93,oracle,1.0462962962962965,0.0,0.0
cross_spike,32,94,projection,1.2777777777777777,0.2314814814814814,0.8333333333333333
cross_spike,32,94,empirical,1.2889041625487008,0.24260786625240455,0.5326637558521172
cross_spike,32,94,oas,1.1320760931868763,0.08577979689058002,0.35377676086193116
cross_spike,32,94,spiked_known_floor,1.0640336750294306,0.017737378733134256,0.29927846876408415
cross_spike,32,94,oracle,1.0462962962962965,0.0,0.0
cross_spike,32,95,projection,1.2777777777777777,0.2314814814814814,0.8333333333333333
cross_spike,32,95,empirical,1.3220367974157137,0.27574050111941717,0.5051560325984324
cross_spike,32,95,oas,1.161368787824768,0.11507249152847192,0.3273692411750614
cross_spike,32,95,spiked_known_floor,1.0667616194572689,0.020465323160972652,0.2705164571780876
cross_spike,32,95,oracle,1.0462962962962965,0.0,0.0
cross_spike,32,96,projection,1.2777777777777777,0.2314814814814814,0.8333333333333333
cross_spike,32,96,empirical,1.3099140776191882,0.26361778132289193,0.5199485252195379
cross_spike,32,96,oas,1.140354619821701,0.0940583235254048,0.41272828611705004
cross_spike,32,96,spiked_known_floor,1.0813563990088015,0.035060102712505,0.34168528734174164
cross_spike,32,96,oracle,1.0462962962962965,0.0,0.0
cross_spike,32,97,projection,1.2777777777777777,0.2314814814814814,0.8333333333333333
cross_spike,32,97,empirical,1.26071133759385,0.21441504129755373,0.4749707323057298
cross_spike,32,97,oas,1.1135312365496242,0.06723494025332782,0.4656813001304472
cross_spike,32,97,spiked_known_floor,1.0744464145531618,0.028150118256865437,0.3065154151063545
cross_spike,32,97,oracle,1.0462962962962965,0.0,0.0
cross_spike,32,98,projection,1.2777777777777777,0.2314814814814814,0.8333333333333333
cross_spike,32,98,empirical,1.2937492327407565,0.24745293644445995,0.4990867934750483
cross_spike,32,98,oas,1.1238288379327872,0.07753254163649075,0.599084110343674
cross_spike,32,98,spiked_known_floor,1.0708026303466052,0.02450633405030878,0.4793194353853696
cross_spike,32,98,oracle,1.0462962962962965,0.0,0.0
cross_spike,32,99,projection,1.2777777777777777,0.2314814814814814,0.8333333333333333
cross_spike,32,99,empirical,1.273533591638834,0.22723729534253762,0.4751754170472669
cross_spike,32,99,oas,1.1405326116339751,0.09423631533767887,0.4203237374651816
cross_spike,32,99,spiked_known_floor,1.0738630879036983,0.027566791607401837,0.30415001130608754
cross_spike,32,99,oracle,1.0462962962962965,0.0,0.0
cross_spike,32,100,projection,1.2777777777777777,0.2314814814814814,0.8333333333333333
cross_spike,32,100,empirical,1.2768200515084924,0.2305237552121961,0.45041880081300184
cross_spike,32,100,oas,1.1119613839212283,0.06566508762493203,0.42422985251818857
cross_spike,32,100,spiked_known_floor,1.0695452403769081,0.023248944080611778,0.27372036698556634
cross_spike,32,100,oracle,1.0462962962962965,0.0,0.0
cross_spike,32,101,projection,1.2777777777777777,0.2314814814814814,0.8333333333333333
cross_spike,32,101,empirical,1.2969399646940474,0.2506436683977513,0.5912178828508209
cross_spike,32,101,oas,1.1399840928715266,0.09368779657522996,0.6637277733683165
cross_spike,32,101,spiked_known_floor,1.1208585851846196,0.07456228888832314,0.5821655931904743
cross_spike,32,101,oracle,1.0462962962962965,0.0,0.0
cross_spike,32,102,projection,1.2777777777777777,0.2314814814814814,0.8333333333333333
cross_spike,32,102,empirical,1.2299625123095244,0.18366621601322805,0.5016002134375952
cross_spike,32,102,oas,1.1214779537291664,0.07518165743286982,0.35060387815345245
cross_spike,32,102,spiked_known_floor,1.0635928518001012,0.017296555503804788,0.2805030306583541
cross_spike,32,102,oracle,1.0462962962962965,0.0,0.0
cross_spike,32,103,projection,1.2777777777777777,0.2314814814814814,0.8333333333333333
cross_spike,32,103,empirical,1.3106357677337659,0.2643394714374696,0.615508859435305
cross_spike,32,103,oas,1.1684273944831678,0.12213109818687157,0.4508318437908661
cross_spike,32,103,spiked_known_floor,1.0830654999318297,0.036769203635533564,0.41602029598160645
cross_spike,32,103,oracle,1.0462962962962965,0.0,0.0
cross_spike,32,104,projection,1.2777777777777777,0.2314814814814814,0.8333333333333333
cross_spike,32,104,empirical,1.1758656607423084,0.129569364446012,0.5577093476266994
cross_spike,32,104,oas,1.1075069123144041,0.06121061601810781,0.3456345068727174
cross_spike,32,104,spiked_known_floor,1.0572534149778887,0.010957118681592307,0.32196942205704066
cross_spike,32,104,oracle,1.0462962962962965,0.0,0.0
cross_spike,32,105,projection,1.2777777777777777,0.2314814814814814,0.8333333333333333
cross_spike,32,105,empirical,1.2912189642512473,0.2449226679549509,0.48517857946144893
cross_spike,32,105,oas,1.1252776364212176,0.07898134012492103,0.44872939815306795
cross_spike,32,105,spiked_known_floor,1.0761438190540142,0.02984752275771791,0.3421341326125944
cross_spike,32,105,oracle,1.0462962962962965,0.0,0.0
cross_spike,32,106,projection,1.2777777777777777,0.2314814814814814,0.8333333333333333
cross_spike,32,106,empirical,1.2856008970835653,0.2393046007872688,0.4743981808637838
cross_spike,32,106,oas,1.1329798198522618,0.08668352355596547,0.46004978267016866
cross_spike,32,106,spiked_known_floor,1.0744929070133495,0.028196610717053237,0.33401086002361075
cross_spike,32,106,oracle,1.0462962962962965,0.0,0.0
cross_spike,32,107,projection,1.2777777777777777,0.2314814814814814,0.8333333333333333
cross_spike,32,107,empirical,1.2600287207134409,0.21373242441714457,0.4709743604884465
cross_spike,32,107,oas,1.1238319400266874,0.07753564373039104,0.49472995846665335
cross_spike,32,107,spiked_known_floor,1.0778346806392725,0.031538384342976025,0.3765113700919785
cross_spike,32,107,oracle,1.0462962962962965,0.0,0.0
cross_spike,32,108,projection,1.2777777777777777,0.2314814814814814,0.8333333333333333
cross_spike,32,108,empirical,1.237004908058643,0.19070861176234663,0.7990929238315849
cross_spike,32,108,oas,1.1439020019733102,0.09760570567701363,0.5547601881622333
cross_spike,32,108,spiked_known_floor,1.065769652222989,0.019473355926692693,0.6138984609343289
cross_spike,32,108,oracle,1.0462962962962965,0.0,0.0
cross_spike,32,109,projection,1.2777777777777777,0.2314814814814814,0.8333333333333333
cross_spike,32,109,empirical,1.3068318986883183,0.26053560239202195,0.46693798566314
cross_spike,32,109,oas,1.126948063200779,0.08065176690448232,0.48736688970436565
cross_spike,32,109,spiked_known_floor,1.0788752556817736,0.03257895938547711,0.36901884912054017
cross_spike,32,109,oracle,1.0462962962962965,0.0,0.0
cross_spike,32,110,projection,1.2777777777777777,0.2314814814814814,0.8333333333333333
cross_spike,32,110,empirical,1.2457190974890855,0.19942280119278932,0.5383440512044654
cross_spike,32,110,oas,1.1383146280477225,0.09201833175142629,0.39239940125980954
cross_spike,32,110,spiked_known_floor,1.0805595242704955,0.03426322797419905,0.3417795831926975
cross_spike,32,110,oracle,1.0462962962962965,0.0,0.0
cross_spike,32,111,projection,1.2777777777777777,0.2314814814814814,0.8333333333333333
cross_spike,32,111,empirical,1.3698681973338132,0.32357190103751676,0.608801827795192
cross_spike,32,111,oas,1.1472769202619013,0.10098062396560509,0.6444233361242291
cross_spike,32,111,spiked_known_floor,1.1009810462786358,0.05468474998233916,0.5286184808890629
cross_spike,32,111,oracle,1.0462962962962965,0.0,0.0
cross_spike,32,112,projection,1.2777777777777777,0.2314814814814814,0.8333333333333333
cross_spike,32,112,empirical,1.270720882736029,0.2244245864397326,0.48817947226135944
cross_spike,32,112,oas,1.1463502315248935,0.10005393522859712,0.33827101318672703
cross_spike,32,112,spiked_known_floor,1.065341593389288,0.019045297092991697,0.301214280815257
cross_spike,32,112,oracle,1.0462962962962965,0.0,0.0
cross_spike,32,113,projection,1.2777777777777777,0.2314814814814814,0.8333333333333333
cross_spike,32,113,empirical,1.263347424213048,0.2170511279167517,0.6648625033223465
cross_spike,32,113,oas,1.1361871214196013,0.08989082512330498,0.43839560167049757
cross_spike,32,113,spiked_known_floor,1.06137039886044,0.015074102564143467,0.44832225466512177
cross_spike,32,113,oracle,1.0462962962962965,0.0,0.0
cross_spike,32,114,projection,1.2777777777777777,0.2314814814814814,0.8333333333333333
cross_spike,32,114,empirical,1.3400831160788382,0.29378681978254184,0.47007403977062534
cross_spike,32,114,oas,1.1396943622564886,0.09339806596019219,0.4945174160744859
cross_spike,32,114,spiked_known_floor,1.0850614634402715,0.03876516714397513,0.39052501417653823
cross_spike,32,114,oracle,1.0462962962962965,0.0,0.0
cross_spike,32,115,projection,1.2777777777777777,0.2314814814814814,0.8333333333333333
cross_spike,32,115,empirical,1.325497681643569,0.2792013853472726,0.5396056199263016
cross_spike,32,115,oas,1.152792763657444,0.10649646736114776,0.38304529614270855
cross_spike,32,115,spiked_known_floor,1.0751209932630974,0.02882469696680105,0.33222935095309286
cross_spike,32,115,oracle,1.0462962962962965,0.0,0.0
cross_spike,32,116,projection,1.2777777777777777,0.2314814814814814,0.8333333333333333
cross_spike,32,116,empirical,1.2660659583860066,0.21976966208971022,0.5397235935627666
cross_spike,32,116,oas,1.1406228789658224,0.09432658266952594,0.3830435966802875
cross_spike,32,116,spiked_known_floor,1.0701568807079123,0.023860584411615912,0.33295698790053396
cross_spike,32,116,oracle,1.0462962962962965,0.0,0.0
cross_spike,32,117,projection,1.2777777777777777,0.2314814814814814,0.8333333333333333
cross_spike,32,117,empirical,1.3254383421981746,0.27914204590187836,0.48861419433391573
cross_spike,32,117,oas,1.1520718714873572,0.10577557519106079,0.458584147362169
cross_spike,32,117,spiked_known_floor,1.0779944948844526,0.03169819858815634,0.3552641459652661
cross_spike,32,117,oracle,1.0462962962962965,0.0,0.0
cross_spike,32,118,projection,1.2777777777777777,0.2314814814814814,0.8333333333333333
cross_spike,32,118,empirical,1.358509335197341,0.3122130389010447,0.5146635475529607
cross_spike,32,118,oas,1.1342335305308804,0.0879372342345839,0.4950729635415822
cross_spike,32,118,spiked_known_floor,1.0774570959638148,0.03116079966751846,0.39799725442833367
cross_spike,32,118,oracle,1.0462962962962965,0.0,0.0
cross_spike,32,119,projection,1.2777777777777777,0.2314814814814814,0.8333333333333333
cross_spike,32,119,empirical,1.352412629914846,0.3061163336185496,0.49256877738575294
cross_spike,32,119,oas,1.1420026092862308,0.09570631298993441,0.4206124810735461
cross_spike,32,119,spiked_known_floor,1.0802126277427622,0.0339163314464658,0.32440803312589417
cross_spike,32,119,oracle,1.0462962962962965,0.0,0.0
cross_spike,32,120,projection,1.2777777777777777,0.2314814814814814,0.8333333333333333
cross_spike,32,120,empirical,1.2077856989478617,0.16148940265156517,0.4571443645321615
cross_spike,32,120,oas,1.1164607695358992,0.07016447323960301,0.4360180386101544
cross_spike,32,120,spiked_known_floor,1.0775313078789388,0.031235011582642445,0.3281995172045775
cross_spike,32,120,oracle,1.0462962962962965,0.0,0.0
cross_spike,32,121,projection,1.2777777777777777,0.2314814814814814,0.8333333333333333
cross_spike,32,121,empirical,1.2242937945726515,0.17799749827635536,0.4985462220384515
cross_spike,32,121,oas,1.13604850116075,0.08975220486445347,0.37417799644697186
cross_spike,32,121,spiked_known_floor,1.075513429627434,0.029217133331137655,0.3132347934690498
cross_spike,32,121,oracle,1.0462962962962965,0.0,0.0
cross_spike,32,122,projection,1.2777777777777777,0.2314814814814814,0.8333333333333333
cross_spike,32,122,empirical,1.2154105981050194,0.16911430180872322,0.5049007822116808
cross_spike,32,122,oas,1.1248976251109954,0.07860132881469885,0.43225790024921734
cross_spike,32,122,spiked_known_floor,1.0830679845219915,0.03677168822569499,0.3497753136071556
cross_spike,32,122,oracle,1.0462962962962965,0.0,0.0
cross_spike,32,123,projection,1.2777777777777777,0.2314814814814814,0.8333333333333333
cross_spike,32,123,empirical,1.2254675758142213,0.17917127951792497,0.5274086018401806
cross_spike,32,123,oas,1.1241702498892068,0.07787395359291037,0.5661735179511921
cross_spike,32,123,spiked_known_floor,1.0926353914077243,0.04633909511142769,0.4597935396330815
cross_spike,32,123,oracle,1.0462962962962965,0.0,0.0
cross_spike,32,124,projection,1.2777777777777777,0.2314814814814814,0.8333333333333333
cross_spike,32,124,empirical,1.2447893690883105,0.1984930727920142,0.49575836378142163
cross_spike,32,124,oas,1.1069224391392818,0.060626142842985495,0.5272819008290569
cross_spike,32,124,spiked_known_floor,1.068189236489206,0.021892940192909674,0.37057359955902835
cross_spike,32,124,oracle,1.0462962962962965,0.0,0.0
cross_spike,32,125,projection,1.2777777777777777,0.2314814814814814,0.8333333333333333
cross_spike,32,125,empirical,1.2498952116785185,0.2035989153822221,0.4993708665259074
cross_spike,32,125,oas,1.1263889788956039,0.08009268259930749,0.3913381462725137
cross_spike,32,125,spiked_known_floor,1.06959585913914,0.023299562842843482,0.33486782023028294
cross_spike,32,125,oracle,1.0462962962962965,0.0,0.0
cross_spike,32,126,projection,1.2777777777777777,0.2314814814814814,0.8333333333333333
cross_spike,32,126,empirical,1.3108654953137646,0.26456919901746834,0.7568074115447346
cross_spike,32,126,oas,1.1864661074679412,0.14016981117164495,0.519701722865023
cross_spike,32,126,spiked_known_floor,1.0762158392592929,0.02991954296299661,0.554792742713935
cross_spike,32,126,oracle,1.0462962962962965,0.0,0.0
cross_spike,32,127,projection,1.2777777777777777,0.2314814814814814,0.8333333333333333
cross_spike,32,127,empirical,1.270626712591131,0.2243304162948346,0.47650255388052143
cross_spike,32,127,oas,1.146092411663946,0.09979611536764978,0.3453054252633311
cross_spike,32,127,spiked_known_floor,1.0610956998789807,0.014799403582684337,0.27419221216944095
cross_spike,32,127,oracle,1.0462962962962965,0.0,0.0
cross_spike,32,128,projection,1.2777777777777777,0.2314814814814814,0.8333333333333333
cross_spike,32,128,empirical,1.37330342115228,0.3270071248559837,0.6352893748227841
cross_spike,32,128,oas,1.177194594089088,0.13089829779279166,0.7287059136089609
cross_spike,32,128,spiked_known_floor,1.1130891925443813,0.06679289624808493,0.6207416391168501
cross_spike,32,128,oracle,1.0462962962962965,0.0,0.0
cross_spike,32,129,projection,1.2777777777777777,0.2314814814814814,0.8333333333333333
cross_spike,32,129,empirical,1.4277672198699958,0.38147092357369944,0.48356956184894445
cross_spike,32,129,oas,1.16092368670076,0.11462739040446374,0.415335220598248
cross_spike,32,129,spiked_known_floor,1.0721576607719818,0.025861364475685412,0.311300291700404
cross_spike,32,129,oracle,1.0462962962962965,0.0,0.0
cross_spike,32,130,projection,1.2777777777777777,0.2314814814814814,0.8333333333333333
cross_spike,32,130,empirical,1.2377659968401662,0.1914697005438698,0.5399857652700696
cross_spike,32,130,oas,1.1327269891597982,0.08643069286350182,0.35787327371413885
cross_spike,32,130,spiked_known_floor,1.0634250384499682,0.017128742153671887,0.33223284445856405
cross_spike,32,130,oracle,1.0462962962962965,0.0,0.0
cross_spike,32,131,projection,1.2777777777777777,0.2314814814814814,0.8333333333333333
cross_spike,32,131,empirical,1.2540661828040767,0.20776988650778036,0.5124404792346318
cross_spike,32,131,oas,1.1311115927174125,0.084815296421116,0.43435325289418897
cross_spike,32,131,spiked_known_floor,1.079994366255712,0.033698069959415905,0.3547355552481202
cross_spike,32,131,oracle,1.0462962962962965,0.0,0.0
cross_spike,32,132,projection,1.2777777777777777,0.2314814814814814,0.8333333333333333
cross_spike,32,132,empirical,1.3336176657134147,0.2873213694171184,0.5016220720770245
cross_spike,32,132,oas,1.160977784229114,0.11468148793281784,0.41646436256226266
cross_spike,32,132,spiked_known_floor,1.0860535493682997,0.03975725307200337,0.3314584443731534
cross_spike,32,132,oracle,1.0462962962962965,0.0,0.0
cross_spike,32,133,projection,1.2777777777777777,0.2314814814814814,0.8333333333333333
cross_spike,32,133,empirical,1.2549774687968456,0.20868117250054918,0.5065709465935638
cross_spike,32,133,oas,1.1324385420085052,0.08614224571220877,0.3874355100743513
cross_spike,32,133,spiked_known_floor,1.069950872116956,0.02365457582065966,0.31287491461968675
cross_spike,32,133,oracle,1.0462962962962965,0.0,0.0
cross_spike,32,134,projection,1.2777777777777777,0.2314814814814814,0.8333333333333333
cross_spike,32,134,empirical,1.22814475515084,0.18184845885454368,0.46045408665201676
cross_spike,32,134,oas,1.1171416247110035,0.07084532841470699,0.37459417277241785
cross_spike,32,134,spiked_known_floor,1.0688724430570609,0.022576146760764543,0.26836850419555675
cross_spike,32,134,oracle,1.0462962962962965,0.0,0.0
cross_spike,32,135,projection,1.2777777777777777,0.2314814814814814,0.8333333333333333
cross_spike,32,135,empirical,1.2906987834842059,0.24440248718790952,0.5028738107128728
cross_spike,32,135,oas,1.132960900651443,0.08666460435514672,0.41004376590530717
cross_spike,32,135,spiked_known_floor,1.072188063750666,0.0258917674543696,0.36810668406418245
cross_spike,32,135,oracle,1.0462962962962965,0.0,0.0
cross_spike,32,136,projection,1.2777777777777777,0.2314814814814814,0.8333333333333333
cross_spike,32,136,empirical,1.2899028760639293,0.24360657976763267,0.503080698425355
cross_spike,32,136,oas,1.1256939106345765,0.07939761433828013,0.5169326762159235
cross_spike,32,136,spiked_known_floor,1.0863145045291354,0.0400182082328389,0.416625379686511
cross_spike,32,136,oracle,1.0462962962962965,0.0,0.0
cross_spike,32,137,projection,1.2777777777777777,0.2314814814814814,0.8333333333333333
cross_spike,32,137,empirical,1.3175326380592163,0.27123634176292,0.5440431838066935
cross_spike,32,137,oas,1.1411025330638958,0.09480623676759925,0.36777886243815827
cross_spike,32,137,spiked_known_floor,1.0634564067929246,0.017160110496628397,0.30206065997045944
cross_spike,32,137,oracle,1.0462962962962965,0.0,0.0
cross_spike,32,138,projection,1.2777777777777777,0.2314814814814814,0.8333333333333333
cross_spike,32,138,empirical,1.3101131401120325,0.26381684381573617,0.527554878111749
cross_spike,32,138,oas,1.1051628697980596,0.05886657350176315,0.6241283318554872
cross_spike,32,138,spiked_known_floor,1.0830555277135296,0.03675923141723328,0.5109167349449181
cross_spike,32,138,oracle,1.0462962962962965,0.0,0.0
cross_spike,32,139,projection,1.2777777777777777,0.2314814814814814,0.8333333333333333
cross_spike,32,139,empirical,1.2240197102792567,0.1777234139829602,0.49108065207179474
cross_spike,32,139,oas,1.131643608572768,0.08534731227647163,0.5209987871050084
cross_spike,32,139,spiked_known_floor,1.0874040231232842,0.04110772682698777,0.41436355477714637
cross_spike,32,139,oracle,1.0462962962962965,0.0,0.0
cross_spike,32,140,projection,1.2777777777777777,0.2314814814814814,0.8333333333333333
cross_spike,32,140,empirical,1.2732108263506678,0.22691453005437148,0.43636075778085615
cross_spike,32,140,oas,1.129824538787188,0.08352824249089158,0.44186707035182554
cross_spike,32,140,spiked_known_floor,1.0723338725656482,0.026037576269351787,0.3154815616770129
cross_spike,32,140,oracle,1.0462962962962965,0.0,0.0
cross_spike,32,141,projection,1.2777777777777777,0.2314814814814814,0.8333333333333333
cross_spike,32,141,empirical,1.2215797287499859,0.17528343245368933,0.551290182627629
cross_spike,32,141,oas,1.107814471911376,0.06151817561507977,0.6517188558689757
cross_spike,32,141,spiked_known_floor,1.0820191096986809,0.035722813402384396,0.5384321600785578
cross_spike,32,141,oracle,1.0462962962962965,0.0,0.0
cross_spike,32,142,projection,1.2777777777777777,0.2314814814814814,0.8333333333333333
cross_spike,32,142,empirical,1.285537888150049,0.23924159185375254,0.5291567094943964
cross_spike,32,142,oas,1.1342408969275743,0.08794460063127803,0.45935539176471946
cross_spike,32,142,spiked_known_floor,1.0793615732292265,0.03306527693293006,0.36857836296611335
cross_spike,32,142,oracle,1.0462962962962965,0.0,0.0
cross_spike,32,143,projection,1.2777777777777777,0.2314814814814814,0.8333333333333333
cross_spike,32,143,empirical,1.246790873117406,0.20049457682110955,0.4420872019494832
cross_spike,32,143,oas,1.1200744004463294,0.07377810415003291,0.4530030018154622
cross_spike,32,143,spiked_known_floor,1.0667815526325513,0.02048525633625501,0.30551952428460766
cross_spike,32,143,oracle,1.0462962962962965,0.0,0.0
cross_spike,32,144,projection,1.2777777777777777,0.2314814814814814,0.8333333333333333
cross_spike,32,144,empirical,1.305816098625565,0.25951980232926863,0.4691454134878312
cross_spike,32,144,oas,1.123649388712831,0.07735309241653468,0.4624327379015492
cross_spike,32,144,spiked_known_floor,1.081962225023057,0.03566592872676061,0.3641030304062183
cross_spike,32,144,oracle,1.0462962962962965,0.0,0.0
cross_spike,32,145,projection,1.2777777777777777,0.2314814814814814,0.8333333333333333
cross_spike,32,145,empirical,1.221214331289686,0.17491803499338948,0.5769005312386034
cross_spike,32,145,oas,1.1340937131047537,0.08779741680845765,0.421284307668063
cross_spike,32,145,spiked_known_floor,1.075671435776143,0.029375139479846768,0.3757872765887185
cross_spike,32,145,oracle,1.0462962962962965,0.0,0.0
cross_spike,32,146,projection,1.2777777777777777,0.2314814814814814,0.8333333333333333
cross_spike,32,146,empirical,1.2587377042910732,0.21244140799477693,0.5035171712165021
cross_spike,32,146,oas,1.1066207666767016,0.06032447038040546,0.5323126850346064
cross_spike,32,146,spiked_known_floor,1.093036762841999,0.046740466545702644,0.4264381119316661
cross_spike,32,146,oracle,1.0462962962962965,0.0,0.0
cross_spike,32,147,projection,1.2777777777777777,0.2314814814814814,0.8333333333333333
cross_spike,32,147,empirical,1.249445499639752,0.2031492033434555,0.5250768841402886
cross_spike,32,147,oas,1.1264687082533267,0.08017241195703033,0.6055635113826747
cross_spike,32,147,spiked_known_floor,1.0882451160494357,0.04194881975313939,0.49645823042136866
cross_spike,32,147,oracle,1.0462962962962965,0.0,0.0
cross_spike,32,148,projection,1.2777777777777777,0.2314814814814814,0.8333333333333333
cross_spike,32,148,empirical,1.274362034295172,0.22806573799887556,0.5204016762848594
cross_spike,32,148,oas,1.138267898156754,0.09197160186045755,0.512302626282006
cross_spike,32,148,spiked_known_floor,1.088844539329771,0.04254824303347468,0.40703417756315385
cross_spike,32,148,oracle,1.0462962962962965,0.0,0.0
cross_spike,32,149,projection,1.2777777777777777,0.2314814814814814,0.8333333333333333
cross_spike,32,149,empirical,1.2279028219759751,0.18160652567967886,0.4505484668691997
cross_spike,32,149,oas,1.1121689081802706,0.06587261188397424,0.4165110881132437
cross_spike,32,149,spiked_known_floor,1.0697686565151536,0.023472360218857232,0.276984986318693
cross_spike,32,149,oracle,1.0462962962962965,0.0,0.0
cross_spike,32,150,projection,1.2777777777777777,0.2314814814814814,0.8333333333333333
cross_spike,32,150,empirical,1.3042790934690487,0.2579827971727524,0.5661043626132678
cross_spike,32,150,oas,1.1413979917731634,0.09510169547686688,0.6201727613145019
cross_spike,32,150,spiked_known_floor,1.098985753304578,0.05268945700828171,0.5160669982984047
cross_spike,32,150,oracle,1.0462962962962965,0.0,0.0
cross_spike,32,151,projection,1.2777777777777777,0.2314814814814814,0.8333333333333333
cross_spike,32,151,empirical,1.2686183962219764,0.22232209992568,0.4875235045501994
cross_spike,32,151,oas,1.1337569188307794,0.08746062253448324,0.38484968847197343
cross_spike,32,151,spiked_known_floor,1.0771221235628952,0.0308258272665987,0.3255374261643933
cross_spike,32,151,oracle,1.0462962962962965,0.0,0.0
cross_spike,32,152,projection,1.2777777777777777,0.2314814814814814,0.8333333333333333
cross_spike,32,152,empirical,1.2374347626011428,0.19113846630484643,0.5201802993149778
cross_spike,32,152,oas,1.1292731976187806,0.08297690132248434,0.37146964933853643
cross_spike,32,152,spiked_known_floor,1.064579451301706,0.018283155005409522,0.28898114200004704
cross_spike,32,152,oracle,1.0462962962962965,0.0,0.0
cross_spike,32,153,projection,1.2777777777777777,0.2314814814814814,0.8333333333333333
cross_spike,32,153,empirical,1.2630206066587275,0.21672431036243126,0.46041746710619297
cross_spike,32,153,oas,1.132067708870718,0.08577141257442164,0.4389006675717773
cross_spike,32,153,spiked_known_floor,1.0805392341822821,0.03424293788598584,0.3201577118383642
cross_spike,32,153,oracle,1.0462962962962965,0.0,0.0
cross_spike,32,154,projection,1.2777777777777777,0.2314814814814814,0.8333333333333333
cross_spike,32,154,empirical,1.2221183122402097,0.1758220159439132,0.5390274637258078
cross_spike,32,154,oas,1.1248776075693487,0.07858131127305236,0.4056390571527735
cross_spike,32,154,spiked_known_floor,1.075256447611724,0.028960151315427507,0.31172991627087326
cross_spike,32,154,oracle,1.0462962962962965,0.0,0.0
cross_spike,32,155,projection,1.2777777777777777,0.2314814814814814,0.8333333333333333
cross_spike,32,155,empirical,1.3575149014950705,0.3112186051987742,0.7528424081933629
cross_spike,32,155,oas,1.1742972727386642,0.12800097644236785,0.5241928485380497
cross_spike,32,155,spiked_known_floor,1.0723093061134934,0.02601300981719707,0.5647921896273473
cross_spike,32,155,oracle,1.0462962962962965,0.0,0.0
cross_spike,32,156,projection,1.2777777777777777,0.2314814814814814,0.8333333333333333
cross_spike,32,156,empirical,1.2147526351107127,0.16845633881441638,0.45829048172898795
cross_spike,32,156,oas,1.1146695331428884,0.06837323684659223,0.34730721742787574
cross_spike,32,156,spiked_known_floor,1.0585772445997148,0.012280948303418481,0.2265538292781759
cross_spike,32,156,oracle,1.0462962962962965,0.0,0.0
cross_spike,32,157,projection,1.2777777777777777,0.2314814814814814,0.8333333333333333
cross_spike,32,157,empirical,1.3308766429303316,0.28458034663403503,0.5061725541071425
cross_spike,32,157,oas,1.1492421973957265,0.10294590109943005,0.41782606869544614
cross_spike,32,157,spiked_known_floor,1.083478916736844,0.03718262044054752,0.3458569328487665
cross_spike,32,157,oracle,1.0462962962962965,0.0,0.0
cross_spike,32,158,projection,1.2777777777777777,0.2314814814814814,0.8333333333333333
cross_spike,32,158,empirical,1.2406357895026336,0.1943394932063372,0.4591563609747678
cross_spike,32,158,oas,1.1130651345733427,0.06676883827704645,0.5211446392877639
cross_spike,32,158,spiked_known_floor,1.0739962333443058,0.027699937048009562,0.40852544924229495
cross_spike,32,158,oracle,1.0462962962962965,0.0,0.0
cross_spike,32,159,projection,1.2777777777777777,0.2314814814814814,0.8333333333333333
cross_spike,32,159,empirical,1.2897122330988957,0.24341593680259954,0.5381643700553483
cross_spike,32,159,oas,1.118467897416517,0.07217160112022061,0.5997569377684145
cross_spike,32,159,spiked_known_floor,1.0882252317550334,0.041928935458737084,0.5003913807766883
cross_spike,32,159,oracle,1.0462962962962965,0.0,0.0
cross_spike,32,160,projection,1.2777777777777777,0.2314814814814814,0.8333333333333333
cross_spike,32,160,empirical,1.292046639389935,0.24575034309363883,0.4470522094953488
cross_spike,32,160,oas,1.1271019479001299,0.08080565160383352,0.39930607964662457
cross_spike,32,160,spiked_known_floor,1.0676092940628001,0.021312997766503798,0.276715204282694
cross_spike,32,160,oracle,1.0462962962962965,0.0,0.0
cross_spike,32,161,projection,1.2777777777777777,0.2314814814814814,0.8333333333333333
cross_spike,32,161,empirical,1.2316257161014224,0.18532941980512613,0.4711233871989589
cross_spike,32,161,oas,1.113352360146216,0.06705606384991972,0.4811861255151845
cross_spike,32,161,spiked_known_floor,1.0710053735220209,0.024709077225724307,0.34414692525841106
cross_spike,32,161,oracle,1.0462962962962965,0.0,0.0
cross_spike,32,162,projection,1.2777777777777777,0.2314814814814814,0.8333333333333333
cross_spike,32,162,empirical,1.3371508943159864,0.29085459801969,0.46949203194507333
cross_spike,32,162,oas,1.1518460793671512,0.105549783070855,0.4341776373414551
cross_spike,32,162,spiked_known_floor,1.0826713343573569,0.03637503806106054,0.33481766359470205
cross_spike,32,162,oracle,1.0462962962962965,0.0,0.0
cross_spike,32,163,projection,1.2777777777777777,0.2314814814814814,0.8333333333333333
cross_spike,32,163,empirical,1.2436910528714846,0.19739475657518826,0.49269402759497466
cross_spike,32,163,oas,1.1304586119711186,0.0841623156748221,0.3764644663466904
cross_spike,32,163,spiked_known_floor,1.0703929240058239,0.02409662770952757,0.28274691303264293
cross_spike,32,163,oracle,1.0462962962962965,0.0,0.0
cross_spike,32,164,projection,1.2777777777777777,0.2314814814814814,0.8333333333333333
cross_spike,32,164,empirical,1.251095528305944,0.20479923200964764,0.5569482792170819
cross_spike,32,164,oas,1.133878148141677,0.08758185184538081,0.4040242780523913
cross_spike,32,164,spiked_known_floor,1.0749426966829396,0.028646400386643307,0.33919923764951976
cross_spike,32,164,oracle,1.0462962962962965,0.0,0.0
cross_spike,32,165,projection,1.2777777777777777,0.2314814814814814,0.8333333333333333
cross_spike,32,165,empirical,1.2804244850055986,0.23412818870930233,0.46690463393298587
cross_spike,32,165,oas,1.1353814731479488,0.08908517685165225,0.40849666743531843
cross_spike,32,165,spiked_known_floor,1.0671621629492896,0.02086586665299325,0.30790487393100446
cross_spike,32,165,oracle,1.0462962962962965,0.0,0.0
cross_spike,32,166,projection,1.2777777777777777,0.2314814814814814,0.8333333333333333
cross_spike,32,166,empirical,1.3002210274518877,0.2539247311555915,0.5612024218203042
cross_spike,32,166,oas,1.156158259697574,0.10986196340127746,0.40952213458501496
cross_spike,32,166,spiked_known_floor,1.0783170111317413,0.03202071483544489,0.3802459693765541
cross_spike,32,166,oracle,1.0462962962962965,0.0,0.0
cross_spike,32,167,projection,1.2777777777777777,0.2314814814814814,0.8333333333333333
cross_spike,32,167,empirical,1.2822396258730018,0.23594332957670558,0.7056105121647321
cross_spike,32,167,oas,1.1472285154450754,0.10093221914877902,0.4615614441611611
cross_spike,32,167,spiked_known_floor,1.0631603154907505,0.016864019194454034,0.4977876012187798
cross_spike,32,167,oracle,1.0462962962962965,0.0,0.0
cross_spike,32,168,projection,1.2777777777777777,0.2314814814814814,0.8333333333333333
cross_spike,32,168,empirical,1.3021372550886618,0.2558409587923655,0.4973221364665347
cross_spike,32,168,oas,1.1404189160568825,0.09412261976058614,0.47352201158335516
cross_spike,32,168,spiked_known_floor,1.076125810618298,0.0298295143220018,0.3314167458919925
cross_spike,32,168,oracle,1.0462962962962965,0.0,0.0
cross_spike,32,169,projection,1.2777777777777777,0.2314814814814814,0.8333333333333333
cross_spike,32,169,empirical,1.2913693883454505,0.2450730920491543,0.5498328415765666
cross_spike,32,169,oas,1.10854484525788,0.06224854896158375,0.628309246082642
cross_spike,32,169,spiked_known_floor,1.077538306564095,0.031242010267798784,0.5032363370893534
cross_spike,32,169,oracle,1.0462962962962965,0.0,0.0
cross_spike,32,170,projection,1.2777777777777777,0.2314814814814814,0.8333333333333333
cross_spike,32,170,empirical,1.2560540824828028,0.20975778618650665,0.4843613222902237
cross_spike,32,170,oas,1.1270316303363745,0.08073533404007802,0.4036912352979185
cross_spike,32,170,spiked_known_floor,1.0718641767779746,0.025567880481678244,0.2945471142190013
cross_spike,32,170,oracle,1.0462962962962965,0.0,0.0
cross_spike,32,171,projection,1.2777777777777777,0.2314814814814814,0.8333333333333333
cross_spike,32,171,empirical,1.2341203066280895,0.187824010331793,0.47513061996596884
cross_spike,32,171,oas,1.12020840807803,0.07391211178173349,0.3791955512192604
cross_spike,32,171,spiked_known_floor,1.0656203120898802,0.019324015793583813,0.26751319826437253
cross_spike,32,171,oracle,1.0462962962962965,0.0,0.0
cross_spike,32,172,projection,1.2777777777777777,0.2314814814814814,0.8333333333333333
cross_spike,32,172,empirical,1.261956580712135,0.21566028441583832,0.4693203201993236
cross_spike,32,172,oas,1.1346041847614177,0.08830788846512116,0.4215127990593533
cross_spike,32,172,spiked_known_floor,1.0761042213841248,0.02980792508782836,0.3004386627310967
cross_spike,32,172,oracle,1.0462962962962965,0.0,0.0
cross_spike,32,173,projection,1.2777777777777777,0.2314814814814814,0.8333333333333333
cross_spike,32,173,empirical,1.3087071734897557,0.26241087719345946,0.7095068668870839
cross_spike,32,173,oas,1.1752316619315768,0.12893536563528035,0.48154595588074284
cross_spike,32,173,spiked_known_floor,1.0679588162601936,0.021662519963897123,0.4995915438988454
cross_spike,32,173,oracle,1.0462962962962965,0.0,0.0
cross_spike,32,174,projection,1.2777777777777777,0.2314814814814814,0.8333333333333333
cross_spike,32,174,empirical,1.2781330350847024,0.23183673878840605,0.4742294443466895
cross_spike,32,174,oas,1.1291470114411437,0.08285071514484735,0.3444433801299485
cross_spike,32,174,spiked_known_floor,1.0642699231411443,0.017973626844848004,0.25384942246508463
cross_spike,32,174,oracle,1.0462962962962965,0.0,0.0
cross_spike,32,175,projection,1.2777777777777777,0.2314814814814814,0.8333333333333333
cross_spike,32,175,empirical,1.2359234777184251,0.18962718142212864,0.4841454594614217
cross_spike,32,175,oas,1.1174640445222928,0.07116774822599639,0.4841249091886779
cross_spike,32,175,spiked_known_floor,1.0784745344742737,0.03217823817797743,0.352961040778189
cross_spike,32,175,oracle,1.0462962962962965,0.0,0.0
cross_spike,32,176,projection,1.2777777777777777,0.2314814814814814,0.8333333333333333
cross_spike,32,176,empirical,1.2309606674408946,0.18466437114459827,0.6833295458585624
cross_spike,32,176,oas,1.1272567797698805,0.08096048347358407,0.44448906863693405
cross_spike,32,176,spiked_known_floor,1.0698575233069438,0.02356122701064746,0.4841250391265765
cross_spike,32,176,oracle,1.0462962962962965,0.0,0.0
cross_spike,32,177,projection,1.2777777777777777,0.2314814814814814,0.8333333333333333
cross_spike,32,177,empirical,1.2331541854318286,0.18685788913553236,0.4932420382431439
cross_spike,32,177,oas,1.1380258949435753,0.09172959864727885,0.39909923449875545
cross_spike,32,177,spiked_known_floor,1.0821789770082164,0.03588268071192012,0.3295067161700689
cross_spike,32,177,oracle,1.0462962962962965,0.0,0.0
cross_spike,32,178,projection,1.2777777777777777,0.2314814814814814,0.8333333333333333
cross_spike,32,178,empirical,1.3092603394450224,0.262964043148726,0.5500293351105912
cross_spike,32,178,oas,1.1422284754441474,0.09593217914785096,0.6022111950983035
cross_spike,32,178,spiked_known_floor,1.0970067181398555,0.050710421843559145,0.4791871434348363
cross_spike,32,178,oracle,1.0462962962962965,0.0,0.0
cross_spike,32,179,projection,1.2777777777777777,0.2314814814814814,0.8333333333333333
cross_spike,32,179,empirical,1.3239643957113896,0.27766809941509313,0.5285762502077034
cross_spike,32,179,oas,1.1318971608792843,0.08560086458298782,0.4173001054162298
cross_spike,32,179,spiked_known_floor,1.0723548056771337,0.02605850938083761,0.30781357727042524
cross_spike,32,179,oracle,1.0462962962962965,0.0,0.0
cross_spike,32,180,projection,1.2777777777777777,0.2314814814814814,0.8333333333333333
cross_spike,32,180,empirical,1.2743733728279631,0.22807707653166676,0.49379243787600463
cross_spike,32,180,oas,1.1488667697843278,0.10257047348803147,0.42547125128451013
cross_spike,32,180,spiked_known_floor,1.0813240875420433,0.03502779124574693,0.336049878610752
cross_spike,32,180,oracle,1.0462962962962965,0.0,0.0
cross_spike,32,181,projection,1.2777777777777777,0.2314814814814814,0.8333333333333333
cross_spike,32,181,empirical,1.3009009594230057,0.25460466312670915,0.537466531625531
cross_spike,32,181,oas,1.139512649327032,0.09321635303073557,0.5819673355071288
cross_spike,32,181,spiked_known_floor,1.0915707875425418,0.045274491246245566,0.47516959712920576
cross_spike,32,181,oracle,1.0462962962962965,0.0,0.0
cross_spike,32,182,projection,1.2777777777777777,0.2314814814814814,0.8333333333333333
cross_spike,32,182,empirical,1.260410250625708,0.2141139543294116,0.5035143624374554
cross_spike,32,182,oas,1.114504064492033,0.06820776819573675,0.5675566218807857
cross_spike,32,182,spiked_known_floor,1.076703782050844,0.030407485754547603,0.4528049037693152
cross_spike,32,182,oracle,1.0462962962962965,0.0,0.0
cross_spike,32,183,projection,1.2777777777777777,0.2314814814814814,0.8333333333333333
cross_spike,32,183,empirical,1.2496198168965325,0.20332352060023598,0.5307452174954186
cross_spike,32,183,oas,1.1110183666384499,0.06472207034215378,0.6289546445089462
cross_spike,32,183,spiked_known_floor,1.0838528988189833,0.037556602522687,0.5172686764603059
cross_spike,32,183,oracle,1.0462962962962965,0.0,0.0
cross_spike,32,184,projection,1.2777777777777777,0.2314814814814814,0.8333333333333333
cross_spike,32,184,empirical,1.3015598488507263,0.2552635525544298,0.52225401135469
cross_spike,32,184,oas,1.143012806175523,0.09671650987922674,0.4371236218227944
cross_spike,32,184,spiked_known_floor,1.0860056171393586,0.03970932084306231,0.3549415062107023
cross_spike,32,184,oracle,1.0462962962962965,0.0,0.0
cross_spike,32,185,projection,1.2777777777777777,0.2314814814814814,0.8333333333333333
cross_spike,32,185,empirical,1.2679399008500438,0.22164360455374754,0.48512778699643927
cross_spike,32,185,oas,1.127185329958086,0.08088903366178966,0.5474719159897669
cross_spike,32,185,spiked_known_floor,1.0803177006021558,0.034021404305859496,0.4216909905892113
cross_spike,32,185,oracle,1.0462962962962965,0.0,0.0
cross_spike,32,186,projection,1.2777777777777777,0.2314814814814814,0.8333333333333333
cross_spike,32,186,empirical,1.2933985677477038,0.2471022714514077,0.4643202094650661
cross_spike,32,186,oas,1.1477328880131432,0.10143659171684691,0.34992761371525405
cross_spike,32,186,spiked_known_floor,1.0692541731517369,0.022957876855440592,0.2868108350840747
cross_spike,32,186,oracle,1.0462962962962965,0.0,0.0
cross_spike,32,187,projection,1.2777777777777777,0.2314814814814814,0.8333333333333333
cross_spike,32,187,empirical,1.280676380610499,0.23438008431420268,0.5685862517631529
cross_spike,32,187,oas,1.1319626069657138,0.08566631066941752,0.608534247824196
cross_spike,32,187,spiked_known_floor,1.1029844307710306,0.05668813447473432,0.4957494012385186
cross_spike,32,187,oracle,1.0462962962962965,0.0,0.0
cross_spike,32,188,projection,1.2777777777777777,0.2314814814814814,0.8333333333333333
cross_spike,32,188,empirical,1.3683316350558756,0.3220353387595792,0.4472890904366394
cross_spike,32,188,oas,1.1224755858967514,0.07617928960045518,0.37851374850554964
cross_spike,32,188,spiked_known_floor,1.0699000961843455,0.023603799888049018,0.2699916406196394
cross_spike,32,188,oracle,1.0462962962962965,0.0,0.0
cross_spike,32,189,projection,1.2777777777777777,0.2314814814814814,0.8333333333333333
cross_spike,32,189,empirical,1.3457631977256006,0.2994669014293043,0.4434825980764221
cross_spike,32,189,oas,1.131933652579872,0.08563735628357579,0.3643771132097885
cross_spike,32,189,spiked_known_floor,1.0651117548138838,0.018815458517587393,0.24828078993355365
cross_spike,32,189,oracle,1.0462962962962965,0.0,0.0
cross_spike,32,190,projection,1.2777777777777777,0.2314814814814814,0.8333333333333333
cross_spike,32,190,empirical,1.2914854273978322,0.24518913110153612,0.528904316756528
cross_spike,32,190,oas,1.1446501975773207,0.09835390128102423,0.38905667186998105
cross_spike,32,190,spiked_known_floor,1.0769499437644137,0.030653647468117304,0.32805358951426666
cross_spike,32,190,oracle,1.0462962962962965,0.0,0.0
cross_spike,32,191,projection,1.2777777777777777,0.2314814814814814,0.8333333333333333
cross_spike,32,191,empirical,1.300114994612414,0.2538186983161179,0.5115726861313453
cross_spike,32,191,oas,1.1382546350704277,0.0919583387741312,0.5420971775256341
cross_spike,32,191,spiked_known_floor,1.0907184532998042,0.04442215700350764,0.44395065115379834
cross_spike,32,191,oracle,1.0462962962962965,0.0,0.0
cross_spike,32,192,projection,1.2777777777777777,0.2314814814814814,0.8333333333333333
cross_spike,32,192,empirical,1.2088949638568036,0.16259866756050725,0.51751553031467
cross_spike,32,192,oas,1.1177735322938893,0.07147723599759291,0.36578193498251343
cross_spike,32,192,spiked_known_floor,1.0624523251915972,0.016156028895300704,0.2983209745473163
cross_spike,32,192,oracle,1.0462962962962965,0.0,0.0
cross_spike,32,193,projection,1.2777777777777777,0.2314814814814814,0.8333333333333333
cross_spike,32,193,empirical,1.2679108297741029,0.22161453347780646,0.5142313020305244
cross_spike,32,193,oas,1.1459411393361494,0.09964484303985302,0.39462456175721666
cross_spike,32,193,spiked_known_floor,1.0733402843073943,0.027043988011097767,0.3413818557363122
cross_spike,32,193,oracle,1.0462962962962965,0.0,0.0
cross_spike,32,194,projection,1.2777777777777777,0.2314814814814814,0.8333333333333333
cross_spike,32,194,empirical,1.3004011177596584,0.254104821463362,0.5241312556867305
cross_spike,32,194,oas,1.1343171571193205,0.08802086082302409,0.4137505799211083
cross_spike,32,194,spiked_known_floor,1.0786437167096607,0.03234742041336447,0.32659483252421073
cross_spike,32,194,oracle,1.0462962962962965,0.0,0.0
cross_spike,32,195,projection,1.2777777777777777,0.2314814814814814,0.8333333333333333
cross_spike,32,195,empirical,1.3511520851425263,0.3048557888462302,0.5277690710401644
cross_spike,32,195,oas,1.115802353611575,0.06950605731527845,0.5590937858008244
cross_spike,32,195,spiked_known_floor,1.0810413495230453,0.03474505322674902,0.44029127656216627
cross_spike,32,195,oracle,1.0462962962962965,0.0,0.0
cross_spike,32,196,projection,1.2777777777777777,0.2314814814814814,0.8333333333333333
cross_spike,32,196,empirical,1.3199115050049244,0.27361520870862793,0.47507440533506656
cross_spike,32,196,oas,1.1350084500586923,0.08871215376239576,0.4571869277440021
cross_spike,32,196,spiked_known_floor,1.0733557437100187,0.027059447413722452,0.32479731221208663
cross_spike,32,196,oracle,1.0462962962962965,0.0,0.0
cross_spike,32,197,projection,1.2777777777777777,0.2314814814814814,0.8333333333333333
cross_spike,32,197,empirical,1.21717356120105,0.17087726490475333,0.6673275363464521
cross_spike,32,197,oas,1.1345971993387538,0.0883009030424575,0.4482103675245365
cross_spike,32,197,spiked_known_floor,1.0707665301005238,0.02447023380422741,0.4692989457273599
cross_spike,32,197,oracle,1.0462962962962965,0.0,0.0
cross_spike,32,198,projection,1.2777777777777777,0.2314814814814814,0.8333333333333333
cross_spike,32,198,empirical,1.2986242797461651,0.2523279834498689,0.5318773330970314
cross_spike,32,198,oas,1.147995706393292,0.1016994100969956,0.5617324041591362
cross_spike,32,198,spiked_known_floor,1.107806951927453,0.06151065563115654,0.4632491646397144
cross_spike,32,198,oracle,1.0462962962962965,0.0,0.0
cross_spike,32,199,projection,1.2777777777777777,0.2314814814814814,0.8333333333333333
cross_spike,32,199,empirical,1.357994449625321,0.31169815332902456,0.6588569244261082
cross_spike,32,199,oas,1.1494200803057704,0.10312378400947407,0.7104112806286538
cross_spike,32,199,spiked_known_floor,1.1107510853287286,0.06445478903243232,0.6187175760045905
cross_spike,32,199,oracle,1.0462962962962965,0.0,0.0
cross_spike,64,0,projection,1.2777777777777777,0.2314814814814814,0.8333333333333333
cross_spike,64,0,empirical,1.1769366246582955,0.13064032836199913,0.36779788435754135
cross_spike,64,0,oas,1.1238087197847915,0.07751242348849516,0.3437141644741848
cross_spike,64,0,spiked_known_floor,1.0661166951676089,0.019820398871312667,0.27076928149205576
cross_spike,64,0,oracle,1.0462962962962965,0.0,0.0
cross_spike,64,1,projection,1.2777777777777777,0.2314814814814814,0.8333333333333333
cross_spike,64,1,empirical,1.1333076407867786,0.08701134449048226,0.3185893688172005
cross_spike,64,1,oas,1.0980816654637142,0.05178536916741793,0.2836525799806225
cross_spike,64,1,spiked_known_floor,1.0595331722975627,0.013236876001266433,0.2097451918346684
cross_spike,64,1,oracle,1.0462962962962965,0.0,0.0
cross_spike,64,2,projection,1.2777777777777777,0.2314814814814814,0.8333333333333333
cross_spike,64,2,empirical,1.1916673673938458,0.1453710710975495,0.39563326180800173
cross_spike,64,2,oas,1.1351654758448428,0.08886917954854644,0.37355346894208125
cross_spike,64,2,spiked_known_floor,1.0731813436061042,0.026885047309807966,0.29883518963103956
cross_spike,64,2,oracle,1.0462962962962965,0.0,0.0
cross_spike,64,3,projection,1.2777777777777777,0.2314814814814814,0.8333333333333333
cross_spike,64,3,empirical,1.1886516870678032,0.14235539077150686,0.3719553725416467
cross_spike,64,3,oas,1.134622029166235,0.08832573286993878,0.34164949153204877
cross_spike,64,3,spiked_known_floor,1.0671775628165712,0.020881266520274867,0.27174631296479257
cross_spike,64,3,oracle,1.0462962962962965,0.0,0.0
cross_spike,64,4,projection,1.2777777777777777,0.2314814814814814,0.8333333333333333
cross_spike,64,4,empirical,1.1554786546391245,0.10918235834282801,0.3398589278034836
cross_spike,64,4,oas,1.111815862575478,0.06551956627918169,0.313984971887794
cross_spike,64,4,spiked_known_floor,1.061764673812129,0.015468377515832446,0.21704454173509172
cross_spike,64,4,oracle,1.0462962962962965,0.0,0.0
cross_spike,64,5,projection,1.2777777777777777,0.2314814814814814,0.8333333333333333
cross_spike,64,5,empirical,1.1491501023336603,0.10285380603736403,0.3405594544574769
cross_spike,64,5,oas,1.1061539288800468,0.059857632583750625,0.35138060967660567
cross_spike,64,5,spiked_known_floor,1.0612324278944198,0.01493613159812368,0.26697002190063357
cross_spike,64,5,oracle,1.0462962962962965,0.0,0.0
cross_spike,64,6,projection,1.2777777777777777,0.2314814814814814,0.8333333333333333
cross_spike,64,6,empirical,1.1652103624308827,0.11891406613458644,0.343893501067684
cross_spike,64,6,oas,1.1144809751850127,0.06818467888871628,0.345384335226789
cross_spike,64,6,spiked_known_floor,1.0618251334325246,0.015528837136228123,0.2392690523096365
cross_spike,64,6,oracle,1.0462962962962965,0.0,0.0
cross_spike,64,7,projection,1.2777777777777777,0.2314814814814814,0.8333333333333333
cross_spike,64,7,empirical,1.1355910500808266,0.08929475378453039,0.3069443035356976
cross_spike,64,7,oas,1.0943920650573546,0.048095768761058234,0.27633778654550706
cross_spike,64,7,spiked_known_floor,1.0553824171879904,0.009086120891693979,0.17580691820456112
cross_spike,64,7,oracle,1.0462962962962965,0.0,0.0
cross_spike,64,8,projection,1.2777777777777777,0.2314814814814814,0.8333333333333333
cross_spike,64,8,empirical,1.1933943102517055,0.14709801395540914,0.30932225931202045
cross_spike,64,8,oas,1.1262298443622372,0.0799335480659407,0.2725236998287247
cross_spike,64,8,spiked_known_floor,1.0571514210174475,0.010855124721151195,0.18455905076352858
cross_spike,64,8,oracle,1.0462962962962965,0.0,0.0
cross_spike,64,9,projection,1.2777777777777777,0.2314814814814814,0.8333333333333333
cross_spike,64,9,empirical,1.1259239562696903,0.07962765997339417,0.3387629447647824
cross_spike,64,9,oas,1.0967913693644586,0.0504950730681624,0.2956209019411555
cross_spike,64,9,spiked_known_floor,1.062370034484951,0.016073738188654676,0.2273636584901142
cross_spike,64,9,oracle,1.0462962962962965,0.0,0.0
cross_spike,64,10,projection,1.2777777777777777,0.2314814814814814,0.8333333333333333
cross_spike,64,10,empirical,1.1829186592181946,0.13662236292189825,0.3445974071300058
cross_spike,64,10,oas,1.1242009528617964,0.07790465656550005,0.2733659575955348
cross_spike,64,10,spiked_known_floor,1.0579371899109815,0.011640893614685113,0.21134882131286387
cross_spike,64,10,oracle,1.0462962962962965,0.0,0.0
cross_spike,64,11,projection,1.2777777777777777,0.2314814814814814,0.8333333333333333
cross_spike,64,11,empirical,1.137403210142323,0.09110691384602676,0.32198314504784686
cross_spike,64,11,oas,1.1002457099190428,0.053949413622746495,0.3357429987359175
cross_spike,64,11,spiked_known_floor,1.0580868465006064,0.01179055020431005,0.2252407220921612
cross_spike,64,11,oracle,1.0462962962962965,0.0,0.0
cross_spike,64,12,projection,1.2777777777777777,0.2314814814814814,0.8333333333333333
cross_spike,64,12,empirical,1.1598111876242305,0.11351489132793417,0.37755214151169764
cross_spike,64,12,oas,1.1155064004411734,0.06921010414487715,0.3060772363065894
cross_spike,64,12,spiked_known_floor,1.0626708111093843,0.016374514813087777,0.2521975539022019
cross_spike,64,12,oracle,1.0462962962962965,0.0,0.0
cross_spike,64,13,projection,1.2777777777777777,0.2314814814814814,0.8333333333333333
cross_spike,64,13,empirical,1.191084817837153,0.14478852154085667,0.40226523849415785
cross_spike,64,13,oas,1.129776480196102,0.08348018389980567,0.32861502981463864
cross_spike,64,13,spiked_known_floor,1.0630440188416708,0.016747722545374474,0.27544961619689595
cross_spike,64,13,oracle,1.0462962962962965,0.0,0.0
cross_spike,64,14,projection,1.2777777777777777,0.2314814814814814,0.8333333333333333
cross_spike,64,14,empirical,1.1331142450766714,0.08681794878037502,0.438137839561316
cross_spike,64,14,oas,1.10319857464062,0.05690227834432368,0.33755132346832767
cross_spike,64,14,spiked_known_floor,1.0666575226182406,0.02036122632194444,0.31788308006642163
cross_spike,64,14,oracle,1.0462962962962965,0.0,0.0
cross_spike,64,15,projection,1.2777777777777777,0.2314814814814814,0.8333333333333333
cross_spike,64,15,empirical,1.1548307452613562,0.10853444896505976,0.32357432280222226
cross_spike,64,15,oas,1.1068286014639162,0.06053230516761973,0.29957980088829134
cross_spike,64,15,spiked_known_floor,1.0583161623486261,0.012019866052329851,0.19766292702570623
cross_spike,64,15,oracle,1.0462962962962965,0.0,0.0
cross_spike,64,16,projection,1.2777777777777777,0.2314814814814814,0.8333333333333333
cross_spike,64,16,empirical,1.1390524496326928,0.09275615333639636,0.35981669712162506
cross_spike,64,16,oas,1.1054230313149789,0.05912673501868267,0.2730818549300282
cross_spike,64,16,spiked_known_floor,1.0545369029586362,0.00824060666233988,0.2149986065234044
cross_spike,64,16,oracle,1.0462962962962965,0.0,0.0
cross_spike,64,17,projection,1.2777777777777777,0.2314814814814814,0.8333333333333333
cross_spike,64,17,empirical,1.1668169267324826,0.12052063043618616,0.3169432904716154
cross_spike,64,17,oas,1.1121544783694322,0.06585818207313582,0.29006943053787376
cross_spike,64,17,spiked_known_floor,1.0538226264318602,0.007526330135563794,0.20454531565324374
cross_spike,64,17,oracle,1.0462962962962965,0.0,0.0
cross_spike,64,18,projection,1.2777777777777777,0.2314814814814814,0.8333333333333333
cross_spike,64,18,empirical,1.169619566736361,0.12332327044006469,0.36270255317467337
cross_spike,64,18,oas,1.1169592764320502,0.07066298013575364,0.30009555919440506
cross_spike,64,18,spiked_known_floor,1.0620330533378575,0.015736757041561324,0.2255336969313572
cross_spike,64,18,oracle,1.0462962962962965,0.0,0.0
cross_spike,64,19,projection,1.2777777777777777,0.2314814814814814,0.8333333333333333
cross_spike,64,19,empirical,1.1872979037740778,0.14100160747778168,0.3385831303298199
cross_spike,64,19,oas,1.1243004220003074,0.07800412570401101,0.33126762924692904
cross_spike,64,19,spiked_known_floor,1.06431268396176,0.01801638766546364,0.24858455490152145
cross_spike,64,19,oracle,1.0462962962962965,0.0,0.0
cross_spike,64,20,projection,1.2777777777777777,0.2314814814814814,0.8333333333333333
cross_spike,64,20,empirical,1.2009111689476912,0.1546148726513948,0.3708582196728345
cross_spike,64,20,oas,1.136930916277851,0.0906346199815546,0.3022361168266651
cross_spike,64,20,spiked_known_floor,1.064167218077306,0.01787092178100991,0.24037217783428963
cross_spike,64,20,oracle,1.0462962962962965,0.0,0.0
cross_spike,64,21,projection,1.2777777777777777,0.2314814814814814,0.8333333333333333
cross_spike,64,21,empirical,1.1452317289137284,0.09893543261743212,0.3584460749876868
cross_spike,64,21,oas,1.1053802778056288,0.05908398150933239,0.2995261567671769
cross_spike,64,21,spiked_known_floor,1.056001376924077,0.00970508062778087,0.20423095806239513
cross_spike,64,21,oracle,1.0462962962962965,0.0,0.0
cross_spike,64,22,projection,1.2777777777777777,0.2314814814814814,0.8333333333333333
cross_spike,64,22,empirical,1.1679730661259673,0.12167676982967082,0.3833139861103264
cross_spike,64,22,oas,1.115756123245767,0.06945982694947027,0.4318953413643656
cross_spike,64,22,spiked_known_floor,1.068937896389234,0.02264160009293774,0.33145929456219025
cross_spike,64,22,oracle,1.0462962962962965,0.0,0.0
cross_spike,64,23,projection,1.2777777777777777,0.2314814814814814,0.8333333333333333
cross_spike,64,23,empirical,1.1629997364021598,0.11670344010586343,0.3348946344151218
cross_spike,64,23,oas,1.115543027838152,0.06924673154185569,0.27104887899565894
cross_spike,64,23,spiked_known_floor,1.0608515510795633,0.014555254783267068,0.21341781165977539
cross_spike,64,23,oracle,1.0462962962962965,0.0,0.0
cross_spike,64,24,projection,1.2777777777777777,0.2314814814814814,0.8333333333333333
cross_spike,64,24,empirical,1.1432184969439054,0.09692220064760898,0.36119335227349536
cross_spike,64,24,oas,1.104299948875316,0.05800365257901958,0.37288095034428076
cross_spike,64,24,spiked_known_floor,1.068165219356207,0.021868923059910797,0.2839671292028315
cross_spike,64,24,oracle,1.0462962962962965,0.0,0.0
cross_spike,64,25,projection,1.2777777777777777,0.2314814814814814,0.8333333333333333
cross_spike,64,25,empirical,1.1651349196460923,0.118838623349796,0.32710579563950004
cross_spike,64,25,oas,1.1179743171809386,0.07167802088464217,0.26107034409472013
cross_spike,64,25,spiked_known_floor,1.0560175462339936,0.009721249937697267,0.1836508072453389
cross_spike,64,25,oracle,1.0462962962962965,0.0,0.0
cross_spike,64,26,projection,1.2777777777777777,0.2314814814814814,0.8333333333333333
cross_spike,64,26,empirical,1.1651059356623317,0.11880963936603554,0.36382580919248275
cross_spike,64,26,oas,1.1119070900921921,0.06561079379589577,0.35946559974963277
cross_spike,64,26,spiked_known_floor,1.0634316171398464,0.01713532084354995,0.2659284523482181
cross_spike,64,26,oracle,1.0462962962962965,0.0,0.0
cross_spike,64,27,projection,1.2777777777777777,0.2314814814814814,0.8333333333333333
cross_spike,64,27,empirical,1.1492486656624028,0.10295236936610648,0.36841382503194675
cross_spike,64,27,oas,1.1081988325105856,0.061902536214289414,0.30738046766918703
cross_spike,64,27,spiked_known_floor,1.0591891762202974,0.01289287992400106,0.24773898376102774
cross_spike,64,27,oracle,1.0462962962962965,0.0,0.0
cross_spike,64,28,projection,1.2777777777777777,0.2314814814814814,0.8333333333333333
cross_spike,64,28,empirical,1.1487176513128476,0.10242135501655127,0.35733908608666887
cross_spike,64,28,oas,1.1120037369326368,0.06570744063634051,0.3210965843589902
cross_spike,64,28,spiked_known_floor,1.062800138812562,0.016503842516265854,0.25423820956560994
cross_spike,64,28,oracle,1.0462962962962965,0.0,0.0
cross_spike,64,29,projection,1.2777777777777777,0.2314814814814814,0.8333333333333333
cross_spike,64,29,empirical,1.1868724424347528,0.14057614613845656,0.4385269575723008
cross_spike,64,29,oas,1.1338847144470778,0.08758841815078144,0.3396273477500673
cross_spike,64,29,spiked_known_floor,1.0626941008206938,0.016397804524397756,0.3218454015002808
cross_spike,64,29,oracle,1.0462962962962965,0.0,0.0
cross_spike,64,30,projection,1.2777777777777777,0.2314814814814814,0.8333333333333333
cross_spike,64,30,empirical,1.1630125043628698,0.11671620806657347,0.32609341916017787
cross_spike,64,30,oas,1.114617112727255,0.06832081643095873,0.26227235022508805
cross_spike,64,30,spiked_known_floor,1.0547658789320105,0.00846958263571403,0.19137490991195577
cross_spike,64,30,oracle,1.0462962962962965,0.0,0.0
cross_spike,64,31,projection,1.2777777777777777,0.2314814814814814,0.8333333333333333
cross_spike,64,31,empirical,1.1682912349637449,0.12199493866744854,0.3637060253650784
cross_spike,64,31,oas,1.1161603307529315,0.06986403445663522,0.30833966396047424
cross_spike,64,31,spiked_known_floor,1.0583938108099815,0.012097514513685174,0.22830780580747326
cross_spike,64,31,oracle,1.0462962962962965,0.0,0.0
cross_spike,64,32,projection,1.2777777777777777,0.2314814814814814,0.8333333333333333
cross_spike,64,32,empirical,1.1973519391958858,0.1510556428995892,0.3385476052026175
cross_spike,64,32,oas,1.1269081171448256,0.08061182084852943,0.3248001976127307
cross_spike,64,32,spiked_known_floor,1.0628355506240903,0.016539254327793934,0.2324374109135852
cross_spike,64,32,oracle,1.0462962962962965,0.0,0.0
cross_spike,64,33,projection,1.2777777777777777,0.2314814814814814,0.8333333333333333
cross_spike,64,33,empirical,1.152699302386547,0.1064030060902507,0.4082157242282811
cross_spike,64,33,oas,1.1038527439777754,0.057556447681479016,0.4750174738130039
cross_spike,64,33,spiked_known_floor,1.0693467997925918,0.02305050349629561,0.3786422444920617
cross_spike,64,33,oracle,1.0462962962962965,0.0,0.0
cross_spike,64,34,projection,1.2777777777777777,0.2314814814814814,0.8333333333333333
cross_spike,64,34,empirical,1.1551995287572565,0.10890323246096018,0.362247915768204
cross_spike,64,34,oas,1.1047112124296126,0.05841491613331624,0.38907328929619556
cross_spike,64,34,spiked_known_floor,1.0666569309465712,0.020360634650274764,0.29881561403295337
cross_spike,64,34,oracle,1.0462962962962965,0.0,0.0
cross_spike,64,35,projection,1.2777777777777777,0.2314814814814814,0.8333333333333333
cross_spike,64,35,empirical,1.150178297876524,0.10388200158022774,0.3685124243091995
cross_spike,64,35,oas,1.1124740596469433,0.06617776335064703,0.28122470115699216
cross_spike,64,35,spiked_known_floor,1.0594194538846615,0.013123157588365124,0.24789209739456944
cross_spike,64,35,oracle,1.0462962962962965,0.0,0.0
cross_spike,64,36,projection,1.2777777777777777,0.2314814814814814,0.8333333333333333
cross_spike,64,36,empirical,1.1863189334024071,0.14002263710611082,0.3842496480302645
cross_spike,64,36,oas,1.122435111134899,0.07613881483860263,0.3976865807890971
cross_spike,64,36,spiked_known_floor,1.0707402184771575,0.024443922180861073,0.31104196814657675
cross_spike,64,36,oracle,1.0462962962962965,0.0,0.0
cross_spike,64,37,projection,1.2777777777777777,0.2314814814814814,0.8333333333333333
cross_spike,64,37,empirical,1.1580157413377075,0.1117194450414113,0.3606493637264963
cross_spike,64,37,oas,1.1158078725357108,0.06951157623941451,0.29873912613024506
cross_spike,64,37,spiked_known_floor,1.06240077089751,0.016104474601213663,0.24552270592514366
cross_spike,64,37,oracle,1.0462962962962965,0.0,0.0
cross_spike,64,38,projection,1.2777777777777777,0.2314814814814814,0.8333333333333333
cross_spike,64,38,empirical,1.1715731862083014,0.12527688991200503,0.3759320461663537
cross_spike,64,38,oas,1.1179118845217906,0.07161558822549398,0.2857007647600243
cross_spike,64,38,spiked_known_floor,1.0575643967230886,0.011268100426792216,0.24620514574736477
cross_spike,64,38,oracle,1.0462962962962965,0.0,0.0
cross_spike,64,39,projection,1.2777777777777777,0.2314814814814814,0.8333333333333333
cross_spike,64,39,empirical,1.1777081759971535,0.13141187970085716,0.29816798809281775
cross_spike,64,39,oas,1.1106820367506274,0.06438574045433121,0.3172426147876741
cross_spike,64,39,spiked_known_floor,1.0523849175810351,0.006088621284738811,0.1955453986212418
cross_spike,64,39,oracle,1.0462962962962965,0.0,0.0
cross_spike,64,40,projection,1.2777777777777777,0.2314814814814814,0.8333333333333333
cross_spike,64,40,empirical,1.1504085669661883,0.10411227066989209,0.3569946640657973
cross_spike,64,40,oas,1.108890653818275,0.06259435752197867,0.29870820900226264
cross_spike,64,40,spiked_known_floor,1.0599045581336015,0.013608261837305104,0.2532611021973021
cross_spike,64,40,oracle,1.0462962962962965,0.0,0.0
cross_spike,64,41,projection,1.2777777777777777,0.2314814814814814,0.8333333333333333
cross_spike,64,41,empirical,1.1459583248490732,0.099662028552777,0.3749951598846924
cross_spike,64,41,oas,1.1071429052629207,0.06084660896662434,0.30892928108850415
cross_spike,64,41,spiked_known_floor,1.0574214180658597,0.011125121769563227,0.24894278515798177
cross_spike,64,41,oracle,1.0462962962962965,0.0,0.0
cross_spike,64,42,projection,1.2777777777777777,0.2314814814814814,0.8333333333333333
cross_spike,64,42,empirical,1.1603098134396541,0.114013517143358,0.4366857661723696
cross_spike,64,42,oas,1.118296071808446,0.07199977551214962,0.3420985005847834
cross_spike,64,42,spiked_known_floor,1.0656204171399806,0.019324120843684046,0.31206709667275084
cross_spike,64,42,oracle,1.0462962962962965,0.0,0.0
cross_spike,64,43,projection,1.2777777777777777,0.2314814814814814,0.8333333333333333
cross_spike,64,43,empirical,1.1339168435470732,0.08762054725077695,0.332061245132945
cross_spike,64,43,oas,1.102094949286331,0.05579865299003463,0.270461749143245
cross_spike,64,43,spiked_known_floor,1.0551196934144285,0.008823397118132258,0.1928222120004926
cross_spike,64,43,oracle,1.0462962962962965,0.0,0.0
cross_spike,64,44,projection,1.2777777777777777,0.2314814814814814,0.8333333333333333
cross_spike,64,44,empirical,1.1441092475746504,0.09781295127835414,0.3347994868425237
cross_spike,64,44,oas,1.1086009912950865,0.06230469499878996,0.32336804954461806
cross_spike,64,44,spiked_known_floor,1.0602107730991674,0.013914476802871242,0.23114812277044935
cross_spike,64,44,oracle,1.0462962962962965,0.0,0.0
cross_spike,64,45,projection,1.2777777777777777,0.2314814814814814,0.8333333333333333
cross_spike,64,45,empirical,1.1660485654090047,0.11975226911270827,0.3674681190545666
cross_spike,64,45,oas,1.116663608304245,0.07036731200794873,0.2857639928185939
cross_spike,64,45,spiked_known_floor,1.0572612873765206,0.010964991080224328,0.23675432199480526
cross_spike,64,45,oracle,1.0462962962962965,0.0,0.0
cross_spike,64,46,projection,1.2777777777777777,0.2314814814814814,0.8333333333333333
cross_spike,64,46,empirical,1.1640605463208638,0.11776425002456738,0.33340886571525075
cross_spike,64,46,oas,1.1146395125263504,0.06834321623005409,0.2891576821724546
cross_spike,64,46,spiked_known_floor,1.0569761049003423,0.010679808604046048,0.19882414655731562
cross_spike,64,46,oracle,1.0462962962962965,0.0,0.0
cross_spike,64,47,projection,1.2777777777777777,0.2314814814814814,0.8333333333333333
cross_spike,64,47,empirical,1.1564396326839488,0.1101433363876524,0.29665988540112004
cross_spike,64,47,oas,1.1123760598336343,0.066079763537338,0.25587266336639186
cross_spike,64,47,spiked_known_floor,1.0547195777295204,0.008423281433223954,0.16882474631442623
cross_spike,64,47,oracle,1.0462962962962965,0.0,0.0
cross_spike,64,48,projection,1.2777777777777777,0.2314814814814814,0.8333333333333333
cross_spike,64,48,empirical,1.135957641764486,0.08966134546818978,0.34343915904454897
cross_spike,64,48,oas,1.1004402550302208,0.05414395873392452,0.39524789850061937
cross_spike,64,48,spiked_known_floor,1.0574398519915253,0.011143555695228815,0.30328160801426335
cross_spike,64,48,oracle,1.0462962962962965,0.0,0.0
cross_spike,64,49,projection,1.2777777777777777,0.2314814814814814,0.8333333333333333
cross_spike,64,49,empirical,1.1641691828511123,0.11787288655481598,0.4660746022019471
cross_spike,64,49,oas,1.1176359435427006,0.07133964724640406,0.3410845334006769
cross_spike,64,49,spiked_known_floor,1.0528419644532319,0.006545668156935463,0.3326332140014177
cross_spike,64,49,oracle,1.0462962962962965,0.0,0.0
cross_spike,64,50,projection,1.2777777777777777,0.2314814814814814,0.8333333333333333
cross_spike,64,50,empirical,1.1844160866755147,0.1381197903792184,0.38338428550471926
cross_spike,64,50,oas,1.1311289115968792,0.084832615300583,0.36645990816292484
cross_spike,64,50,spiked_known_floor,1.0705094452048851,0.02421314890858878,0.2920706873514007
cross_spike,64,50,oracle,1.0462962962962965,0.0,0.0
cross_spike,64,51,projection,1.2777777777777777,0.2314814814814814,0.8333333333333333
cross_spike,64,51,empirical,1.136726153358005,0.09042985706170878,0.34780678324621483
cross_spike,64,51,oas,1.103534115428159,0.05723781913186272,0.32145259072946863
cross_spike,64,51,spiked_known_floor,1.0654561085231167,0.019159812226820342,0.24016799768953942
cross_spike,64,51,oracle,1.0462962962962965,0.0,0.0
cross_spike,64,52,projection,1.2777777777777777,0.2314814814814814,0.8333333333333333
cross_spike,64,52,empirical,1.170959807862132,0.12466351156583556,0.3624789393222314
cross_spike,64,52,oas,1.1146789736482299,0.06838267735193364,0.3512194446325285
cross_spike,64,52,spiked_known_floor,1.0672089885739853,0.02091269227768905,0.25618341555141166
cross_spike,64,52,oracle,1.0462962962962965,0.0,0.0
cross_spike,64,53,projection,1.2777777777777777,0.2314814814814814,0.8333333333333333
cross_spike,64,53,empirical,1.139219288781098,0.09292299248480143,0.4405121778001055
cross_spike,64,53,oas,1.1062952645550537,0.05999896825875744,0.33450272494441263
cross_spike,64,53,spiked_known_floor,1.0599712168771478,0.013674920580851603,0.3121535045553847
cross_spike,64,53,oracle,1.0462962962962965,0.0,0.0
cross_spike,64,54,projection,1.2777777777777777,0.2314814814814814,0.8333333333333333
cross_spike,64,54,empirical,1.1341393564272009,0.0878430601309045,0.37729607112413377
cross_spike,64,54,oas,1.098813120361009,0.05251682406471273,0.321271850628419
cross_spike,64,54,spiked_known_floor,1.0595372106090304,0.013240914312733925,0.24793390040007265
cross_spike,64,54,oracle,1.0462962962962965,0.0,0.0
cross_spike,64,55,projection,1.2777777777777777,0.2314814814814814,0.8333333333333333
cross_spike,64,55,empirical,1.1310636970175851,0.08476740072128869,0.3390895467208228
cross_spike,64,55,oas,1.0948753246116525,0.048579028315356314,0.2641867018073934
cross_spike,64,55,spiked_known_floor,1.0556126332339828,0.00931633693768648,0.21015217368022213
cross_spike,64,55,oracle,1.0462962962962965,0.0,0.0
cross_spike,64,56,projection,1.2777777777777777,0.2314814814814814,0.8333333333333333
cross_spike,64,56,empirical,1.1384131201884515,0.09211682389215518,0.42147272552705417
cross_spike,64,56,oas,1.096932055146491,0.05063575885019459,0.4885878739907057
cross_spike,64,56,spiked_known_floor,1.0632788871217935,0.016982590825497124,0.3864800876147997
cross_spike,64,56,oracle,1.0462962962962965,0.0,0.0
cross_spike,64,57,projection,1.2777777777777777,0.2314814814814814,0.8333333333333333
cross_spike,64,57,empirical,1.1673654982099002,0.12106920191360378,0.3260357475475378
cross_spike,64,57,oas,1.1131948078540754,0.0668985115577791,0.3077283594909744
cross_spike,64,57,spiked_known_floor,1.058374854105357,0.012078557809060787,0.21860841500355158
cross_spike,64,57,oracle,1.0462962962962965,0.0,0.0
cross_spike,64,58,projection,1.2777777777777777,0.2314814814814814,0.8333333333333333
cross_spike,64,58,empirical,1.1572668692662775,0.11097057296998133,0.41477708968170696
cross_spike,64,58,oas,1.1002236976555249,0.05392740135922848,0.479231870984093
cross_spike,64,58,spiked_known_floor,1.0640683660165842,0.017772069720287966,0.384076974789045
cross_spike,64,58,oracle,1.0462962962962965,0.0,0.0
cross_spike,64,59,projection,1.2777777777777777,0.2314814814814814,0.8333333333333333
cross_spike,64,59,empirical,1.136470208361903,0.09017391206560649,0.3897638520053317
cross_spike,64,59,oas,1.1029202009005812,0.056623904604284694,0.3016053449847302
cross_spike,64,59,spiked_known_floor,1.0588554554706844,0.012559159174388039,0.2468357644181496
cross_spike,64,59,oracle,1.0462962962962965,0.0,0.0
cross_spike,64,60,projection,1.2777777777777777,0.2314814814814814,0.8333333333333333
cross_spike,64,60,empirical,1.1627980034900722,0.1165017071937759,0.346756258394189
cross_spike,64,60,oas,1.1141454812681024,0.06784918497180617,0.30052664607582075
cross_spike,64,60,spiked_known_floor,1.0593200246537466,0.013023728357450344,0.21809083894696774
cross_spike,64,60,oracle,1.0462962962962965,0.0,0.0
cross_spike,64,61,projection,1.2777777777777777,0.2314814814814814,0.8333333333333333
cross_spike,64,61,empirical,1.1610212141562906,0.11472491785999421,0.3600024107163689
cross_spike,64,61,oas,1.1113013994005092,0.06500510310421291,0.345556324871503
cross_spike,64,61,spiked_known_floor,1.0636260280692567,0.017329731772960228,0.25483615123315306
cross_spike,64,61,oracle,1.0462962962962965,0.0,0.0
cross_spike,64,62,projection,1.2777777777777777,0.2314814814814814,0.8333333333333333
cross_spike,64,62,empirical,1.1594586556807187,0.1131623593844223,0.3213223097936416
cross_spike,64,62,oas,1.1099333387129464,0.06363704241665014,0.3199967783382105
cross_spike,64,62,spiked_known_floor,1.0543235592770661,0.008027262980769516,0.21483760435000843
cross_spike,64,62,oracle,1.0462962962962965,0.0,0.0
cross_spike,64,63,projection,1.2777777777777777,0.2314814814814814,0.8333333333333333
cross_spike,64,63,empirical,1.1432630754371882,0.09696677914089193,0.3498449058038125
cross_spike,64,63,oas,1.1062298908225259,0.05993359452622958,0.34664225634159457
cross_spike,64,63,spiked_known_floor,1.0676006555172137,0.021304359220917432,0.2695265966873014
cross_spike,64,63,oracle,1.0462962962962965,0.0,0.0
cross_spike,64,64,projection,1.2777777777777777,0.2314814814814814,0.8333333333333333
cross_spike,64,64,empirical,1.1805098268544922,0.13421353055819601,0.37162649190883285
cross_spike,64,64,oas,1.1345532363371997,0.08825694004090334,0.3464033741411351
cross_spike,64,64,spiked_known_floor,1.0699160163129233,0.023619720016627023,0.2833098368899696
cross_spike,64,64,oracle,1.0462962962962965,0.0,0.0
cross_spike,64,65,projection,1.2777777777777777,0.2314814814814814,0.8333333333333333
cross_spike,64,65,empirical,1.175326979738626,0.12903068344232985,0.3296122977733088
cross_spike,64,65,oas,1.1156998121691029,0.06940351587280649,0.33741701486642617
cross_spike,64,65,spiked_known_floor,1.0627615239151535,0.016465227618857364,0.24560656608592624
cross_spike,64,65,oracle,1.0462962962962965,0.0,0.0
cross_spike,64,66,projection,1.2777777777777777,0.2314814814814814,0.8333333333333333
cross_spike,64,66,empirical,1.1381975133398592,0.09190121704356291,0.3104346155507626
cross_spike,64,66,oas,1.1019344411076089,0.05563814481131261,0.3216466755650907
cross_spike,64,66,spiked_known_floor,1.0585271961417666,0.01223089984547033,0.2155982201386956
cross_spike,64,66,oracle,1.0462962962962965,0.0,0.0
cross_spike,64,67,projection,1.2777777777777777,0.2314814814814814,0.8333333333333333
cross_spike,64,67,empirical,1.1903209820580039,0.14402468576170757,0.3948470655956338
cross_spike,64,67,oas,1.136931023137783,0.09063472684148664,0.3275298800988843
cross_spike,64,67,spiked_known_floor,1.0707636203222026,0.024467324025906217,0.2738971145657108
cross_spike,64,67,oracle,1.0462962962962965,0.0,0.0
cross_spike,64,68,projection,1.2777777777777777,0.2314814814814814,0.8333333333333333
cross_spike,64,68,empirical,1.1758319304457043,0.12953563414940789,0.3099344326584244
cross_spike,64,68,oas,1.116811087872681,0.07051479157638442,0.2682246815874304
cross_spike,64,68,spiked_known_floor,1.054714898033135,0.008418601736838352,0.16653459267585152
cross_spike,64,68,oracle,1.0462962962962965,0.0,0.0
cross_spike,64,69,projection,1.2777777777777777,0.2314814814814814,0.8333333333333333
cross_spike,64,69,empirical,1.1546957033554897,0.10839940705919339,0.3641023597468734
cross_spike,64,69,oas,1.1147734367890936,0.06847714049279732,0.3237541197767001
cross_spike,64,69,spiked_known_floor,1.067916607898093,0.021620311601796807,0.25858895104113744
cross_spike,64,69,oracle,1.0462962962962965,0.0,0.0
cross_spike,64,70,projection,1.2777777777777777,0.2314814814814814,0.8333333333333333
cross_spike,64,70,empirical,1.1451581436088065,0.09886184731251028,0.36714921945009005
cross_spike,64,70,oas,1.1114249327412624,0.06512863644496622,0.3823983053469345
cross_spike,64,70,spiked_known_floor,1.0659052522398864,0.019608955943590096,0.3025000496613071
cross_spike,64,70,oracle,1.0462962962962965,0.0,0.0
cross_spike,64,71,projection,1.2777777777777777,0.2314814814814814,0.8333333333333333
cross_spike,64,71,empirical,1.15164958896589,0.10535329266959374,0.34667558125012266
cross_spike,64,71,oas,1.112667670126256,0.06637137382995939,0.33163048693261443
cross_spike,64,71,spiked_known_floor,1.0671825739963405,0.020886277700044264,0.2560906649332578
cross_spike,64,71,oracle,1.0462962962962965,0.0,0.0
cross_spike,64,72,projection,1.2777777777777777,0.2314814814814814,0.8333333333333333
cross_spike,64,72,empirical,1.1911579505772416,0.14486165428094538,0.3559171889647386
cross_spike,64,72,oas,1.1225447015074073,0.07624840521111091,0.3510304605814246
cross_spike,64,72,spiked_known_floor,1.060890362126129,0.014594065829832617,0.2474858324975556
cross_spike,64,72,oracle,1.0462962962962965,0.0,0.0
cross_spike,64,73,projection,1.2777777777777777,0.2314814814814814,0.8333333333333333
cross_spike,64,73,empirical,1.1394934913438999,0.0931971950476038,0.43232124576216124
cross_spike,64,73,oas,1.1031796007239831,0.056883304427686826,0.3271297365892973
cross_spike,64,73,spiked_known_floor,1.056720333138825,0.01042403684252873,0.3085197790904195
cross_spike,64,73,oracle,1.0462962962962965,0.0,0.0
cross_spike,64,74,projection,1.2777777777777777,0.2314814814814814,0.8333333333333333
cross_spike,64,74,empirical,1.1479799248317586,0.10168362853546217,0.41961823807353704
cross_spike,64,74,oas,1.1084821463341445,0.062185850037848295,0.4805329434108169
cross_spike,64,74,spiked_known_floor,1.0735215611010733,0.027225264804776862,0.39215433122392895
cross_spike,64,74,oracle,1.0462962962962965,0.0,0.0
cross_spike,64,75,projection,1.2777777777777777,0.2314814814814814,0.8333333333333333
cross_spike,64,75,empirical,1.150853430760071,0.10455713446377472,0.34731890056807113
cross_spike,64,75,oas,1.1058508628514419,0.059554566555145336,0.3133671440791854
cross_spike,64,75,spiked_known_floor,1.0577805035788255,0.01148420728252927,0.21005218270725273
cross_spike,64,75,oracle,1.0462962962962965,0.0,0.0
cross_spike,64,76,projection,1.2777777777777777,0.2314814814814814,0.8333333333333333
cross_spike,64,76,empirical,1.1817060177250571,0.13540972142876076,0.36803040383328933
cross_spike,64,76,oas,1.1274590069726687,0.08116271067637212,0.33638179326355877
cross_spike,64,76,spiked_known_floor,1.0652618532502056,0.01896555695390933,0.25460986575611866
cross_spike,64,76,oracle,1.0462962962962965,0.0,0.0
cross_spike,64,77,projection,1.2777777777777777,0.2314814814814814,0.8333333333333333
cross_spike,64,77,empirical,1.1609167568262775,0.11462046052998133,0.4509523480085993
cross_spike,64,77,oas,1.118921991791981,0.07262569549568475,0.33239374393110416
cross_spike,64,77,spiked_known_floor,1.0581418145841786,0.011845518287882273,0.3119331690126893
cross_spike,64,77,oracle,1.0462962962962965,0.0,0.0
cross_spike,64,78,projection,1.2777777777777777,0.2314814814814814,0.8333333333333333
cross_spike,64,78,empirical,1.160178252637151,0.1138819563408545,0.33276457974739154
cross_spike,64,78,oas,1.1116379912978378,0.06534169500154158,0.3404987595426621
cross_spike,64,78,spiked_known_floor,1.0612736461750256,0.014977349878729266,0.2453611933926347
cross_spike,64,78,oracle,1.0462962962962965,0.0,0.0
cross_spike,64,79,projection,1.2777777777777777,0.2314814814814814,0.8333333333333333
cross_spike,64,79,empirical,1.158695735868751,0.11239943957245463,0.6486409306945442
cross_spike,64,79,oas,1.1210200091753104,0.07472371287901403,0.511828351658245
cross_spike,64,79,spiked_known_floor,1.0630295214930658,0.01673322519676949,0.5386712403913353
cross_spike,64,79,oracle,1.0462962962962965,0.0,0.0
cross_spike,64,80,projection,1.2777777777777777,0.2314814814814814,0.8333333333333333
cross_spike,64,80,empirical,1.1661156926717993,0.11981939637550282,0.32067894320236834
cross_spike,64,80,oas,1.1175211849361304,0.07122488863983394,0.2728868432040083
cross_spike,64,80,spiked_known_floor,1.058006848633374,0.011710552337077601,0.1956636509429911
cross_spike,64,80,oracle,1.0462962962962965,0.0,0.0
cross_spike,64,81,projection,1.2777777777777777,0.2314814814814814,0.8333333333333333
cross_spike,64,81,empirical,1.1397278653438485,0.09343156904755223,0.4463574131878412
cross_spike,64,81,oas,1.1063514220516284,0.060055125755332145,0.34161617862541355
cross_spike,64,81,spiked_known_floor,1.0595921219022677,0.013295825605971458,0.3106300595150672
cross_spike,64,81,oracle,1.0462962962962965,0.0,0.0
cross_spike,64,82,projection,1.2777777777777777,0.2314814814814814,0.8333333333333333
cross_spike,64,82,empirical,1.1339925919547393,0.0876962956584431,0.4574107192870525
cross_spike,64,82,oas,1.106100194556811,0.059803898260514465,0.34068963004891334
cross_spike,64,82,spiked_known_floor,1.0575864386428464,0.011290142346550104,0.3404978058071491
cross_spike,64,82,oracle,1.0462962962962965,0.0,0.0
cross_spike,64,83,projection,1.2777777777777777,0.2314814814814814,0.8333333333333333
cross_spike,64,83,empirical,1.159471854440406,0.11317555814410962,0.36302681251484226
cross_spike,64,83,oas,1.1124257563416353,0.06612946004533898,0.2728575921621767
cross_spike,64,83,spiked_known_floor,1.0559672302725926,0.009670933976296358,0.230966619190367
cross_spike,64,83,oracle,1.0462962962962965,0.0,0.0
cross_spike,64,84,projection,1.2777777777777777,0.2314814814814814,0.8333333333333333
cross_spike,64,84,empirical,1.1555638579222007,0.10926756162590417,0.3291174645801962
cross_spike,64,84,oas,1.1072801340460803,0.06098383774978389,0.3160952337019709
cross_spike,64,84,spiked_known_floor,1.0629866593846578,0.016690363088361363,0.22998266707291828
cross_spike,64,84,oracle,1.0462962962962965,0.0,0.0
cross_spike,64,85,projection,1.2777777777777777,0.2314814814814814,0.8333333333333333
cross_spike,64,85,empirical,1.1820479462224285,0.13575164992613226,0.37312295744641577
cross_spike,64,85,oas,1.1262501265313485,0.07995383023505193,0.35812304403353756
cross_spike,64,85,spiked_known_floor,1.0666473400560723,0.020351043759775773,0.2782376440084729
cross_spike,64,85,oracle,1.0462962962962965,0.0,0.0
cross_spike,64,86,projection,1.2777777777777777,0.2314814814814814,0.8333333333333333
cross_spike,64,86,empirical,1.1636410754548998,0.11734477915860338,0.33363890935269014
cross_spike,64,86,oas,1.1145030709560304,0.06820677465973408,0.34479541279123527
cross_spike,64,86,spiked_known_floor,1.0645513655709788,0.018255069274682557,0.25728577202917263
cross_spike,64,86,oracle,1.0462962962962965,0.0,0.0
cross_spike,64,87,projection,1.2777777777777777,0.2314814814814814,0.8333333333333333
cross_spike,64,87,empirical,1.1650380331611838,0.11874173686488725,0.41227048701256075
cross_spike,64,87,oas,1.1190857481325847,0.07278945183628852,0.41537361557113195
cross_spike,64,87,spiked_known_floor,1.0736608281920164,0.027364531895719996,0.35153781646791005
cross_spike,64,87,oracle,1.0462962962962965,0.0,0.0
cross_spike,64,88,projection,1.2777777777777777,0.2314814814814814,0.8333333333333333
cross_spike,64,88,empirical,1.124839145829338,0.07854284953304158,0.3986174993922549
cross_spike,64,88,oas,1.10085717239844,0.05456087610214354,0.29372175766313996
cross_spike,64,88,spiked_known_floor,1.053988306461544,0.007692010165247886,0.25701835538102646
cross_spike,64,88,oracle,1.0462962962962965,0.0,0.0
cross_spike,64,89,projection,1.2777777777777777,0.2314814814814814,0.8333333333333333
cross_spike,64,89,empirical,1.2179488070651194,0.17165251076882293,0.3726838286546019
cross_spike,64,89,oas,1.1255632142493315,0.07926691795303521,0.3746168127030008
cross_spike,64,89,spiked_known_floor,1.0620578950021573,0.015761598705860913,0.2648352939030649
cross_spike,64,89,oracle,1.0462962962962965,0.0,0.0
cross_spike,64,90,projection,1.2777777777777777,0.2314814814814814,0.8333333333333333
cross_spike,64,90,empirical,1.1682975208777044,0.12200122458140819,0.35866555970108865
cross_spike,64,90,oas,1.1058302942971983,0.05953399800090199,0.4073969549177208
cross_spike,64,90,spiked_known_floor,1.055836034473358,0.009539738177061637,0.284713810097202
cross_spike,64,90,oracle,1.0462962962962965,0.0,0.0
cross_spike,64,91,projection,1.2777777777777777,0.2314814814814814,0.8333333333333333
cross_spike,64,91,empirical,1.1479284227071718,0.10163212641087517,0.3727539313707562
cross_spike,64,91,oas,1.115239836831608,0.06894354053531172,0.28962348589841397
cross_spike,64,91,spiked_known_floor,1.058442145492325,0.012145849196028569,0.25589054278689155
cross_spike,64,91,oracle,1.0462962962962965,0.0,0.0
cross_spike,64,92,projection,1.2777777777777777,0.2314814814814814,0.8333333333333333
cross_spike,64,92,empirical,1.1352607446568004,0.08896444836050407,0.5442327561371417
cross_spike,64,92,oas,1.1078288742764184,0.06153257798012186,0.41775857088846224
cross_spike,64,92,spiked_known_floor,1.0554635144720603,0.009167218175764111,0.42618340942441063
cross_spike,64,92,oracle,1.0462962962962965,0.0,0.0
cross_spike,64,93,projection,1.2777777777777777,0.2314814814814814,0.8333333333333333
cross_spike,64,93,empirical,1.168905617022502,0.12260932072620578,0.39315560078295864
cross_spike,64,93,oas,1.1245271103201366,0.0782308140238401,0.3367463881716531
cross_spike,64,93,spiked_known_floor,1.0702599277395985,0.0239636314433022,0.2949907815734775
cross_spike,64,93,oracle,1.0462962962962965,0.0,0.0
cross_spike,64,94,projection,1.2777777777777777,0.2314814814814814,0.8333333333333333
cross_spike,64,94,empirical,1.134493899753097,0.08819760345680039,0.3427576888169615
cross_spike,64,94,oas,1.1020606873489183,0.05576439105262194,0.28429728390631065
cross_spike,64,94,spiked_known_floor,1.0591632796588624,0.012866983362566068,0.21055960208896007
cross_spike,64,94,oracle,1.0462962962962965,0.0,0.0
cross_spike,64,95,projection,1.2777777777777777,0.2314814814814814,0.8333333333333333
cross_spike,64,95,empirical,1.1449783911801956,0.09868209488389929,0.2940550130753754
cross_spike,64,95,oas,1.1038703291208276,0.05757403282453123,0.27685561158444266
cross_spike,64,95,spiked_known_floor,1.054714014826268,0.008417718529971514,0.16545058123528286
cross_spike,64,95,oracle,1.0462962962962965,0.0,0.0
cross_spike,64,96,projection,1.2777777777777777,0.2314814814814814,0.8333333333333333
cross_spike,64,96,empirical,1.1496593750028499,0.1033630787065536,0.31596396399956395
cross_spike,64,96,oas,1.101089634678061,0.05479333838176462,0.3459437462805057
cross_spike,64,96,spiked_known_floor,1.055643548535024,0.009347252238727401,0.23695790417926976
cross_spike,64,96,oracle,1.0462962962962965,0.0,0.0
cross_spike,64,97,projection,1.2777777777777777,0.2314814814814814,0.8333333333333333
cross_spike,64,97,empirical,1.150883704238173,0.10458740794187678,0.3537492874555739
cross_spike,64,97,oas,1.1116958773139003,0.06539958101760397,0.329763101143354
cross_spike,64,97,spiked_known_floor,1.0653062412402687,0.01900994494397233,0.25706125265277713
cross_spike,64,97,oracle,1.0462962962962965,0.0,0.0
cross_spike,64,98,projection,1.2777777777777777,0.2314814814814814,0.8333333333333333
cross_spike,64,98,empirical,1.14282701806459,0.09653072176829375,0.33813528286361594
cross_spike,64,98,oas,1.0988043999754473,0.05250810367915109,0.3567187813589208
cross_spike,64,98,spiked_known_floor,1.0582529881042897,0.01195669180799331,0.25592161005417674
cross_spike,64,98,oracle,1.0462962962962965,0.0,0.0
cross_spike,64,99,projection,1.2777777777777777,0.2314814814814814,0.8333333333333333
cross_spike,64,99,empirical,1.1451500930126857,0.0988537967163894,0.3383446727852849
cross_spike,64,99,oas,1.1030742891865675,0.05677799289027109,0.3863807185770792
cross_spike,64,99,spiked_known_floor,1.0610182898158325,0.014721993519536054,0.2751484339197016
cross_spike,64,99,oracle,1.0462962962962965,0.0,0.0
cross_spike,64,100,projection,1.2777777777777777,0.2314814814814814,0.8333333333333333
cross_spike,64,100,empirical,1.1339828968127963,0.08768660051649987,0.5037087677759505
cross_spike,64,100,oas,1.1050322744552628,0.0587359781589665,0.3741201229976128
cross_spike,64,100,spiked_known_floor,1.0529679902464215,0.006671693950125224,0.37642430960334694
cross_spike,64,100,oracle,1.0462962962962965,0.0,0.0
cross_spike,64,101,projection,1.2777777777777777,0.2314814814814814,0.8333333333333333
cross_spike,64,101,empirical,1.1318863113572162,0.08559001506091975,0.3243725557942416
cross_spike,64,101,oas,1.0976738964059498,0.05137760010965344,0.3342495334971898
cross_spike,64,101,spiked_known_floor,1.0631237740110913,0.016827477714794807,0.26033855301320613
cross_spike,64,101,oracle,1.0462962962962965,0.0,0.0
cross_spike,64,102,projection,1.2777777777777777,0.2314814814814814,0.8333333333333333
cross_spike,64,102,empirical,1.1584963404601198,0.11220004416382334,0.3347364468988273
cross_spike,64,102,oas,1.1036571811789213,0.05736088488262484,0.35204142098856145
cross_spike,64,102,spiked_known_floor,1.0627371772681815,0.01644088097188514,0.2572521629152798
cross_spike,64,102,oracle,1.0462962962962965,0.0,0.0
cross_spike,64,103,projection,1.2777777777777777,0.2314814814814814,0.8333333333333333
cross_spike,64,103,empirical,1.155628949044911,0.10933265274861444,0.4084735498759349
cross_spike,64,103,oas,1.1092450240043081,0.06294872770801166,0.46280778095096076
cross_spike,64,103,spiked_known_floor,1.0704569770247656,0.024160680728469063,0.3701552954665115
cross_spike,64,103,oracle,1.0462962962962965,0.0,0.0
cross_spike,64,104,projection,1.2777777777777777,0.2314814814814814,0.8333333333333333
cross_spike,64,104,empirical,1.1505413188591818,0.10424502256288529,0.34506374764189107
cross_spike,64,104,oas,1.1097811866597547,0.06348489036345827,0.3325997988161337
cross_spike,64,104,spiked_known_floor,1.0662319251737435,0.01993562887744726,0.2580346515389028
cross_spike,64,104,oracle,1.0462962962962965,0.0,0.0
cross_spike,64,105,projection,1.2777777777777777,0.2314814814814814,0.8333333333333333
cross_spike,64,105,empirical,1.1277335454505528,0.0814372491542565,0.39800326054015583
cross_spike,64,105,oas,1.0985564786989295,0.052260182402633276,0.3021539190692692
cross_spike,64,105,spiked_known_floor,1.05594314194118,0.00964684564488362,0.2538883527343399
cross_spike,64,105,oracle,1.0462962962962965,0.0,0.0
cross_spike,64,106,projection,1.2777777777777777,0.2314814814814814,0.8333333333333333
cross_spike,64,106,empirical,1.1559468724264899,0.10965057613019362,0.4039438345709117
cross_spike,64,106,oas,1.110997718844713,0.0647014225484167,0.42349879498197474
cross_spike,64,106,spiked_known_floor,1.069014621888489,0.0227183255921926,0.33647996465125674
cross_spike,64,106,oracle,1.0462962962962965,0.0,0.0
cross_spike,64,107,projection,1.2777777777777777,0.2314814814814814,0.8333333333333333
cross_spike,64,107,empirical,1.1600510218959903,0.11375472559969382,0.36064433121774525
cross_spike,64,107,oas,1.1011206511506542,0.05482435485435784,0.4127333779796586
cross_spike,64,107,spiked_known_floor,1.0593940632917507,0.013097766995454209,0.29958656926097754
cross_spike,64,107,oracle,1.0462962962962965,0.0,0.0
cross_spike,64,108,projection,1.2777777777777777,0.2314814814814814,0.8333333333333333
cross_spike,64,108,empirical,1.1806863267511394,0.13439003045484313,0.4203286519991523
cross_spike,64,108,oas,1.1253438682866463,0.07904757199035001,0.3412187563499494
cross_spike,64,108,spiked_known_floor,1.0720434047286922,0.025747108432395898,0.3007637180574956
cross_spike,64,108,oracle,1.0462962962962965,0.0,0.0
cross_spike,64,109,projection,1.2777777777777777,0.2314814814814814,0.8333333333333333
cross_spike,64,109,empirical,1.1715018634648866,0.1252055671685903,0.3727446169940701
cross_spike,64,109,oas,1.1170116075864966,0.0707153112902003,0.31431224318593076
cross_spike,64,109,spiked_known_floor,1.062397475532813,0.016101179236516425,0.2443384058219995
cross_spike,64,109,oracle,1.0462962962962965,0.0,0.0
cross_spike,64,110,projection,1.2777777777777777,0.2314814814814814,0.8333333333333333
cross_spike,64,110,empirical,1.141365844996609,0.09506954870031292,0.3163492411689287
cross_spike,64,110,oas,1.1001231029126481,0.053826806616351835,0.26834206896873775
cross_spike,64,110,spiked_known_floor,1.0531272943670045,0.0068309980707081915,0.15492745903062555
cross_spike,64,110,oracle,1.0462962962962965,0.0,0.0
cross_spike,64,111,projection,1.2777777777777777,0.2314814814814814,0.8333333333333333
cross_spike,64,111,empirical,1.1611284504882977,0.11483215419200124,0.3206755667507347
cross_spike,64,111,oas,1.1132867310951378,0.0669904347988415,0.3195936375912486
cross_spike,64,111,spiked_known_floor,1.0599631134698937,0.013666817173597285,0.24227696753921116
cross_spike,64,111,oracle,1.0462962962962965,0.0,0.0
cross_spike,64,112,projection,1.2777777777777777,0.2314814814814814,0.8333333333333333
cross_spike,64,112,empirical,1.179532245065649,0.1332359487693527,0.34983034639717403
cross_spike,64,112,oas,1.12546363789447,0.07916734159817368,0.3745595653470095
cross_spike,64,112,spiked_known_floor,1.0701261757281144,0.023829879431818007,0.286887378325469
cross_spike,64,112,oracle,1.0462962962962965,0.0,0.0
cross_spike,64,113,projection,1.2777777777777777,0.2314814814814814,0.8333333333333333
cross_spike,64,113,empirical,1.1804596309038908,0.13416333460759447,0.41227606486726265
cross_spike,64,113,oas,1.122839039854162,0.07654274355786554,0.32156642860395523
cross_spike,64,113,spiked_known_floor,1.0605243149932098,0.014228018696913348,0.2678668804507745
cross_spike,64,113,oracle,1.0462962962962965,0.0,0.0
cross_spike,64,114,projection,1.2777777777777777,0.2314814814814814,0.8333333333333333
cross_spike,64,114,empirical,1.1595428870097613,0.11324659071346502,0.367840564863933
cross_spike,64,114,oas,1.113093077817267,0.06679678152097052,0.35878365671526524
cross_spike,64,114,spiked_known_floor,1.0699872400959078,0.023690943799611563,0.2709065886537945
cross_spike,64,114,oracle,1.0462962962962965,0.0,0.0
cross_spike,64,115,projection,1.2777777777777777,0.2314814814814814,0.8333333333333333
cross_spike,64,115,empirical,1.1735061282381631,0.12720983194186686,0.34937253478189395
cross_spike,64,115,oas,1.1184720053210462,0.07217570902474975,0.324809167456902
cross_spike,64,115,spiked_known_floor,1.0627384186395912,0.016442122343294997,0.2458091256073021
cross_spike,64,115,oracle,1.0462962962962965,0.0,0.0
cross_spike,64,116,projection,1.2777777777777777,0.2314814814814814,0.8333333333333333
cross_spike,64,116,empirical,1.1545107890993629,0.10821449280306672,0.4832916282468289
cross_spike,64,116,oas,1.1150328302567085,0.06873653396041209,0.3650286797395922
cross_spike,64,116,spiked_known_floor,1.0582567715784086,0.011960475282112061,0.3561834301092295
cross_spike,64,116,oracle,1.0462962962962965,0.0,0.0
cross_spike,64,117,projection,1.2777777777777777,0.2314814814814814,0.8333333333333333
cross_spike,64,117,empirical,1.1794666201242454,0.13317032382794902,0.36256633698529966
cross_spike,64,117,oas,1.111728824611507,0.06543252831521053,0.3910224051081342
cross_spike,64,117,spiked_known_floor,1.061467448865155,0.015171152568858719,0.28026021206231727
cross_spike,64,117,oracle,1.0462962962962965,0.0,0.0
cross_spike,64,118,projection,1.2777777777777777,0.2314814814814814,0.8333333333333333
cross_spike,64,118,empirical,1.142225846714484,0.09592955041818765,0.3337527641165599
cross_spike,64,118,oas,1.1022769840995725,0.05598068780327629,0.3214530101665737
cross_spike,64,118,spiked_known_floor,1.0609619691887913,0.014665672892494902,0.22684807513034874
cross_spike,64,118,oracle,1.0462962962962965,0.0,0.0
cross_spike,64,119,projection,1.2777777777777777,0.2314814814814814,0.8333333333333333
cross_spike,64,119,empirical,1.1572761290868432,0.1109798327905469,0.37964618064324857
cross_spike,64,119,oas,1.1182120043872577,0.0719157080909614,0.32763764989787597
cross_spike,64,119,spiked_known_floor,1.0687140077706196,0.02241771147432345,0.27444178175680745
cross_spike,64,119,oracle,1.0462962962962965,0.0,0.0
cross_spike,64,120,projection,1.2777777777777777,0.2314814814814814,0.8333333333333333
cross_spike,64,120,empirical,1.1619611910222731,0.1156648947259767,0.3951965559129521
cross_spike,64,120,oas,1.1123216679630872,0.06602537166679083,0.42944750279163235
cross_spike,64,120,spiked_known_floor,1.0683467608489587,0.02205046455266232,0.3310094498168496
cross_spike,64,120,oracle,1.0462962962962965,0.0,0.0
cross_spike,64,121,projection,1.2777777777777777,0.2314814814814814,0.8333333333333333
cross_spike,64,121,empirical,1.2036874337471215,0.15739113745082509,0.3314223931542712
cross_spike,64,121,oas,1.12968522055652,0.08338892426022347,0.29682054361583604
cross_spike,64,121,spiked_known_floor,1.0632884798255853,0.01699218352928894,0.2221449779572915
cross_spike,64,121,oracle,1.0462962962962965,0.0,0.0
cross_spike,64,122,projection,1.2777777777777777,0.2314814814814814,0.8333333333333333
cross_spike,64,122,empirical,1.1781144475226988,0.13181815122640253,0.4189967135682774
cross_spike,64,122,oas,1.124116439189268,0.07782014289297144,0.3089046421144605
cross_spike,64,122,spiked_known_floor,1.054415762915082,0.008119466618785768,0.2909299141051078
cross_spike,64,122,oracle,1.0462962962962965,0.0,0.0
cross_spike,64,123,projection,1.2777777777777777,0.2314814814814814,0.8333333333333333
cross_spike,64,123,empirical,1.1520477098609023,0.10575141356460593,0.3887652163592612
cross_spike,64,123,oas,1.111779789478229,0.06548349318193274,0.29510014204720597
cross_spike,64,123,spiked_known_floor,1.0573069346323234,0.011010638336026998,0.2687820360734828
cross_spike,64,123,oracle,1.0462962962962965,0.0,0.0
cross_spike,64,124,projection,1.2777777777777777,0.2314814814814814,0.8333333333333333
cross_spike,64,124,empirical,1.153575884088365,0.10727958779206871,0.4742134570929832
cross_spike,64,124,oas,1.122071456885295,0.07577516058899882,0.36897376945012317
cross_spike,64,124,spiked_known_floor,1.0649030197865181,0.018606723490221706,0.3608914624100875
cross_spike,64,124,oracle,1.0462962962962965,0.0,0.0
cross_spike,64,125,projection,1.2777777777777777,0.2314814814814814,0.8333333333333333
cross_spike,64,125,empirical,1.1397487112019755,0.09345241490567911,0.3115568454713211
cross_spike,64,125,oas,1.097654638414176,0.05135834211787996,0.3021329431147807
cross_spike,64,125,spiked_known_floor,1.0564725363010041,0.01017624000470794,0.18842840985707343
cross_spike,64,125,oracle,1.0462962962962965,0.0,0.0
cross_spike,64,126,projection,1.2777777777777777,0.2314814814814814,0.8333333333333333
cross_spike,64,126,empirical,1.1666605514072101,0.12036425511091392,0.33399045061006244
cross_spike,64,126,oas,1.1167750478770926,0.07047875158079625,0.31002552378323683
cross_spike,64,126,spiked_known_floor,1.0554907226400987,0.009194426343802242,0.21928169072851367
cross_spike,64,126,oracle,1.0462962962962965,0.0,0.0
cross_spike,64,127,projection,1.2777777777777777,0.2314814814814814,0.8333333333333333
cross_spike,64,127,empirical,1.1906730230826206,0.14437672678632424,0.3643742803621251
cross_spike,64,127,oas,1.1300432039564923,0.0837469076601958,0.3325561463197076
cross_spike,64,127,spiked_known_floor,1.06621032808088,0.019914031784583577,0.24315168603927054
cross_spike,64,127,oracle,1.0462962962962965,0.0,0.0
cross_spike,64,128,projection,1.2777777777777777,0.2314814814814814,0.8333333333333333
cross_spike,64,128,empirical,1.1574532628314806,0.11115696653518434,0.3426874615141766
cross_spike,64,128,oas,1.111270246816685,0.0649739505203888,0.3200616437417631
cross_spike,64,128,spiked_known_floor,1.063533383552294,0.0172370872559975,0.24073650667528612
cross_spike,64,128,oracle,1.0462962962962965,0.0,0.0
cross_spike,64,129,projection,1.2777777777777777,0.2314814814814814,0.8333333333333333
cross_spike,64,129,empirical,1.1487661202686525,0.10246982397235611,0.33064553749223013
cross_spike,64,129,oas,1.1069600035440255,0.060663707247729154,0.336545133978861
cross_spike,64,129,spiked_known_floor,1.0622694998343516,0.01597320353805534,0.2433198513061892
cross_spike,64,129,oracle,1.0462962962962965,0.0,0.0
cross_spike,64,130,projection,1.2777777777777777,0.2314814814814814,0.8333333333333333
cross_spike,64,130,empirical,1.1883798601484086,0.14208356385211213,0.422286163289046
cross_spike,64,130,oas,1.1253777639249234,0.07908146762862692,0.44337207812624757
cross_spike,64,130,spiked_known_floor,1.0788084022201856,0.03251210592388951,0.3538002902023543
cross_spike,64,130,oracle,1.0462962962962965,0.0,0.0
cross_spike,64,131,projection,1.2777777777777777,0.2314814814814814,0.8333333333333333
cross_spike,64,131,empirical,1.135747718948661,0.0894514226523645,0.3865094348298296
cross_spike,64,131,oas,1.0966995428983808,0.05040324660208451,0.4400538470080278
cross_spike,64,131,spiked_known_floor,1.0653624802751374,0.01906618397884105,0.3442262505688384
cross_spike,64,131,oracle,1.0462962962962965,0.0,0.0
cross_spike,64,132,projection,1.2777777777777777,0.2314814814814814,0.8333333333333333
cross_spike,64,132,empirical,1.1686197943704908,0.12232349807419454,0.39317183431224945
cross_spike,64,132,oas,1.1237052341631601,0.07740893786686359,0.31376089460743994
cross_spike,64,132,spiked_known_floor,1.0614407730370858,0.015144476740789488,0.27240155253868165
cross_spike,64,132,oracle,1.0462962962962965,0.0,0.0
cross_spike,64,133,projection,1.2777777777777777,0.2314814814814814,0.8333333333333333
cross_spike,64,133,empirical,1.1420066386555463,0.09571034235925016,0.39125124536526545
cross_spike,64,133,oas,1.1053993811393208,0.0591030848430244,0.3108047542728111
cross_spike,64,133,spiked_known_floor,1.0602181992408575,0.013921902944561245,0.26209524661056227
cross_spike,64,133,oracle,1.0462962962962965,0.0,0.0
cross_spike,64,134,projection,1.2777777777777777,0.2314814814814814,0.8333333333333333
cross_spike,64,134,empirical,1.1538037347199959,0.10750743842369924,0.37412609970154725
cross_spike,64,134,oas,1.1100160537164834,0.06371975742018694,0.40811900427076697
cross_spike,64,134,spiked_known_floor,1.0676137356201014,0.021317439323805153,0.313644714627772
cross_spike,64,134,oracle,1.0462962962962965,0.0,0.0
cross_spike,64,135,projection,1.2777777777777777,0.2314814814814814,0.8333333333333333
cross_spike,64,135,empirical,1.1515907175519762,0.10529442125567966,0.41312628985329924
cross_spike,64,135,oas,1.1091274282597707,0.06283113196347433,0.356458555491564
cross_spike,64,135,spiked_known_floor,1.0675395485272337,0.02124325223093742,0.29634485453628606
cross_spike,64,135,oracle,1.0462962962962965,0.0,0.0
cross_spike,64,136,projection,1.2777777777777777,0.2314814814814814,0.8333333333333333
cross_spike,64,136,empirical,1.1413004150403685,0.09500411874407208,0.315069132023144
cross_spike,64,136,oas,1.0931717526616573,0.046875456365361085,0.3757694829437115
cross_spike,64,136,spiked_known_floor,1.0533212128312088,0.00702491653491258,0.2546828862833078
cross_spike,64,136,oracle,1.0462962962962965,0.0,0.0
cross_spike,64,137,projection,1.2777777777777777,0.2314814814814814,0.8333333333333333
cross_spike,64,137,empirical,1.1542361904966243,0.10793989420032794,0.36223651938666224
cross_spike,64,137,oas,1.1126481960401295,0.06635189974383315,0.2917780447526304
cross_spike,64,137,spiked_known_floor,1.0597160434634914,0.013419747167195063,0.2344221827262832
cross_spike,64,137,oracle,1.0462962962962965,0.0,0.0
cross_spike,64,138,projection,1.2777777777777777,0.2314814814814814,0.8333333333333333
cross_spike,64,138,empirical,1.145680539809932,0.09938424351363553,0.36246539544662293
cross_spike,64,138,oas,1.1027103662420656,0.056414069945769335,0.41466533813892004
cross_spike,64,138,spiked_known_floor,1.062102140788875,0.01580584449257869,0.2992755776659711
cross_spike,64,138,oracle,1.0462962962962965,0.0,0.0
cross_spike,64,139,projection,1.2777777777777777,0.2314814814814814,0.8333333333333333
cross_spike,64,139,empirical,1.1444785077713315,0.09818221147503535,0.30280267407107386
cross_spike,64,139,oas,1.1003332813479827,0.054036985051686276,0.29275524634454414
cross_spike,64,139,spiked_known_floor,1.0545691899230556,0.008272893626759379,0.17565145821354405
cross_spike,64,139,oracle,1.0462962962962965,0.0,0.0
cross_spike,64,140,projection,1.2777777777777777,0.2314814814814814,0.8333333333333333
cross_spike,64,140,empirical,1.1742669385974407,0.1279706423011444,0.45164710238425515
cross_spike,64,140,oas,1.122294884217758,0.07599858792146169,0.34599780166932287
cross_spike,64,140,spiked_known_floor,1.0653248764160066,0.019028580119710224,0.32774070410809014
cross_spike,64,140,oracle,1.0462962962962965,0.0,0.0
cross_spike,64,141,projection,1.2777777777777777,0.2314814814814814,0.8333333333333333
cross_spike,64,141,empirical,1.1397041184457493,0.09340782214945303,0.33652333169325677
cross_spike,64,141,oas,1.1034784632895835,0.057182166993287264,0.2999126748976193
cross_spike,64,141,spiked_known_floor,1.0599201321392708,0.013623835842974335,0.22201798207919932
cross_spike,64,141,oracle,1.0462962962962965,0.0,0.0
cross_spike,64,142,projection,1.2777777777777777,0.2314814814814814,0.8333333333333333
cross_spike,64,142,empirical,1.1639933547257788,0.11769705842948246,0.34896813444239105
cross_spike,64,142,oas,1.1116853135759837,0.06538901727968727,0.33610379266228807
cross_spike,64,142,spiked_known_floor,1.0615556178038363,0.015259321507540042,0.23931577680059504
cross_spike,64,142,oracle,1.0462962962962965,0.0,0.0
cross_spike,64,143,projection,1.2777777777777777,0.2314814814814814,0.8333333333333333
cross_spike,64,143,empirical,1.187102016336264,0.1408057200399675,0.337136976000243
cross_spike,64,143,oas,1.125740032182377,0.07944373588608045,0.3213435552118294
cross_spike,64,143,spiked_known_floor,1.0627656003687955,0.016469304072499157,0.23827479002708082
cross_spike,64,143,oracle,1.0462962962962965,0.0,0.0
cross_spike,64,144,projection,1.2777777777777777,0.2314814814814814,0.8333333333333333
cross_spike,64,144,empirical,1.1487742955437925,0.10247799924749619,0.3541716926674171
cross_spike,64,144,oas,1.1153386116552195,0.06904231535892333,0.3144590266565478
cross_spike,64,144,spiked_known_floor,1.0634370100312462,0.01714071373494982,0.24739101315008472
cross_spike,64,144,oracle,1.0462962962962965,0.0,0.0
cross_spike,64,145,projection,1.2777777777777777,0.2314814814814814,0.8333333333333333
cross_spike,64,145,empirical,1.1534704785703207,0.10717418227402432,0.3471568998362501
cross_spike,64,145,oas,1.1117560375467859,0.0654597412504894,0.3754919512794287
cross_spike,64,145,spiked_known_floor,1.0655592058470256,0.01926290955072911,0.28303271876827735
cross_spike,64,145,oracle,1.0462962962962965,0.0,0.0
cross_spike,64,146,projection,1.2777777777777777,0.2314814814814814,0.8333333333333333
cross_spike,64,146,empirical,1.1750593721151696,0.12876307581887325,0.40922727619836535
cross_spike,64,146,oas,1.1187791421796711,0.07248284588337459,0.47693157405789033
cross_spike,64,146,spiked_known_floor,1.0639380202270352,0.017641723930738713,0.34748951353988977
cross_spike,64,146,oracle,1.0462962962962965,0.0,0.0
cross_spike,64,147,projection,1.2777777777777777,0.2314814814814814,0.8333333333333333
cross_spike,64,147,empirical,1.1469618997245028,0.10066560342820635,0.31778328426134755
cross_spike,64,147,oas,1.1041543006381298,0.05785800434183334,0.34698759555507924
cross_spike,64,147,spiked_known_floor,1.057672745478515,0.011376449182218617,0.24138633606220772
cross_spike,64,147,oracle,1.0462962962962965,0.0,0.0
cross_spike,64,148,projection,1.2777777777777777,0.2314814814814814,0.8333333333333333
cross_spike,64,148,empirical,1.1655537562573999,0.11925745996110347,0.5477351446956329
cross_spike,64,148,oas,1.1224113650702694,0.07611506877397303,0.4222457696693023
cross_spike,64,148,spiked_known_floor,1.060339793331472,0.014043497035175814,0.4263861165677168
cross_spike,64,148,oracle,1.0462962962962965,0.0,0.0
cross_spike,64,149,projection,1.2777777777777777,0.2314814814814814,0.8333333333333333
cross_spike,64,149,empirical,1.1274187480892681,0.08112245179297166,0.3092360734206403
cross_spike,64,149,oas,1.0945844062270158,0.04828810993071944,0.2775740143144778
cross_spike,64,149,spiked_known_floor,1.0546239579223275,0.008327661626031237,0.1717292394070319
cross_spike,64,149,oracle,1.0462962962962965,0.0,0.0
cross_spike,64,150,projection,1.2777777777777777,0.2314814814814814,0.8333333333333333
cross_spike,64,150,empirical,1.1424424530576271,0.09614615676133105,0.3392611992737289
cross_spike,64,150,oas,1.1036062798579187,0.05730998356162235,0.30923345251208395
cross_spike,64,150,spiked_known_floor,1.057117434711696,0.010821138415399691,0.20402519467909366
cross_spike,64,150,oracle,1.0462962962962965,0.0,0.0
cross_spike,64,151,projection,1.2777777777777777,0.2314814814814814,0.8333333333333333
cross_spike,64,151,empirical,1.1440717134154466,0.09777541711915011,0.3500470292151595
cross_spike,64,151,oas,1.1054164932587023,0.059120196962406064,0.2978793812167099
cross_spike,64,151,spiked_known_floor,1.0579280291121742,0.011631732815877907,0.22815937447257031
cross_spike,64,151,oracle,1.0462962962962965,0.0,0.0
cross_spike,64,152,projection,1.2777777777777777,0.2314814814814814,0.8333333333333333
cross_spike,64,152,empirical,1.140126258847691,0.09382996255139461,0.3312525480795853
cross_spike,64,152,oas,1.1044210213503411,0.058124725054044694,0.3134015127526306
cross_spike,64,152,spiked_known_floor,1.0599136646514615,0.013617368355165041,0.22851152552295226
cross_spike,64,152,oracle,1.0462962962962965,0.0,0.0
cross_spike,64,153,projection,1.2777777777777777,0.2314814814814814,0.8333333333333333
cross_spike,64,153,empirical,1.1307109660558166,0.08441466975952036,0.347982456460993
cross_spike,64,153,oas,1.0966314037703302,0.050335107474033705,0.28660171791076317
cross_spike,64,153,spiked_known_floor,1.0559275692275962,0.009631272931299903,0.22029395235833404
cross_spike,64,153,oracle,1.0462962962962965,0.0,0.0
cross_spike,64,154,projection,1.2777777777777777,0.2314814814814814,0.8333333333333333
cross_spike,64,154,empirical,1.1495287406573849,0.10323244436108857,0.3392121916625064
cross_spike,64,154,oas,1.099775890304655,0.05347959400835869,0.3653387903189018
cross_spike,64,154,spiked_known_floor,1.0596481509544347,0.01335185465813821,0.25978580200696844
cross_spike,64,154,oracle,1.0462962962962965,0.0,0.0
cross_spike,64,155,projection,1.2777777777777777,0.2314814814814814,0.8333333333333333
cross_spike,64,155,empirical,1.1483702424778015,0.10207394618150506,0.37863011643553024
cross_spike,64,155,oas,1.1115663629588937,0.06527006666259712,0.30053999249939517
cross_spike,64,155,spiked_known_floor,1.059779540970309,0.013483244674012632,0.24786837627899114
cross_spike,64,155,oracle,1.0462962962962965,0.0,0.0
cross_spike,64,156,projection,1.2777777777777777,0.2314814814814814,0.8333333333333333
cross_spike,64,156,empirical,1.1466932773801755,0.10039698108387918,0.34499252782481943
cross_spike,64,156,oas,1.1087811511030372,0.0624848548067409,0.364221442447853
cross_spike,64,156,spiked_known_floor,1.0618263032442343,0.015530006947938201,0.25970676135896464
cross_spike,64,156,oracle,1.0462962962962965,0.0,0.0
cross_spike,64,157,projection,1.2777777777777777,0.2314814814814814,0.8333333333333333
cross_spike,64,157,empirical,1.1895678754816992,0.14327157918540281,0.3706123804892353
cross_spike,64,157,oas,1.1276367916890615,0.08134049539276521,0.37392590916801677
cross_spike,64,157,spiked_known_floor,1.0702798684553678,0.02398357215907139,0.2803857952450708
cross_spike,64,157,oracle,1.0462962962962965,0.0,0.0
cross_spike,64,158,projection,1.2777777777777777,0.2314814814814814,0.8333333333333333
cross_spike,64,158,empirical,1.1408410318835982,0.09454473558730174,0.3245646238164105
cross_spike,64,158,oas,1.1058352556885538,0.05953895939225736,0.2710871442946173
cross_spike,64,158,spiked_known_floor,1.055099213455379,0.008802917159082772,0.18038477766862684
cross_spike,64,158,oracle,1.0462962962962965,0.0,0.0
cross_spike,64,159,projection,1.2777777777777777,0.2314814814814814,0.8333333333333333
cross_spike,64,159,empirical,1.1605337712814352,0.11423747498513877,0.4111112708456584
cross_spike,64,159,oas,1.1050723457764926,0.05877604948019634,0.4646674425211463
cross_spike,64,159,spiked_known_floor,1.0671471074562002,0.02085081115990383,0.3794586454226495
cross_spike,64,159,oracle,1.0462962962962965,0.0,0.0
cross_spike,64,160,projection,1.2777777777777777,0.2314814814814814,0.8333333333333333
cross_spike,64,160,empirical,1.1415371848562665,0.09524088855997026,0.34941222147060635
cross_spike,64,160,oas,1.1028884957243121,0.05659219942801571,0.2762188569104141
cross_spike,64,160,spiked_known_floor,1.054980221492749,0.00868392519645294,0.21525839267742466
cross_spike,64,160,oracle,1.0462962962962965,0.0,0.0
cross_spike,64,161,projection,1.2777777777777777,0.2314814814814814,0.8333333333333333
cross_spike,64,161,empirical,1.1498962994827255,0.10360000318642917,0.3304979567132849
cross_spike,64,161,oas,1.1078461978275533,0.061549901531257056,0.3169492810641861
cross_spike,64,161,spiked_known_floor,1.0603250044492551,0.014028708152958995,0.22715606345863049
cross_spike,64,161,oracle,1.0462962962962965,0.0,0.0
cross_spike,64,162,projection,1.2777777777777777,0.2314814814814814,0.8333333333333333
cross_spike,64,162,empirical,1.1812782000879765,0.13498190379168015,0.3766344599133454
cross_spike,64,162,oas,1.1262045130277287,0.07990821673143238,0.29086877813485285
cross_spike,64,162,spiked_known_floor,1.058785658384107,0.01248936208781068,0.2512717648191827
cross_spike,64,162,oracle,1.0462962962962965,0.0,0.0
cross_spike,64,163,projection,1.2777777777777777,0.2314814814814814,0.8333333333333333
cross_spike,64,163,empirical,1.158128342836119,0.11183204653982265,0.4387372270157163
cross_spike,64,163,oas,1.1068490179710433,0.06055272167474711,0.5050156712274758
cross_spike,64,163,spiked_known_floor,1.066259605376083,0.01996330907978669,0.40282997549291955
cross_spike,64,163,oracle,1.0462962962962965,0.0,0.0
cross_spike,64,164,projection,1.2777777777777777,0.2314814814814814,0.8333333333333333
cross_spike,64,164,empirical,1.1365682448259042,0.09027194852960778,0.3193165944410319
cross_spike,64,164,oas,1.1010521947372363,0.05475589844094008,0.295088081397663
cross_spike,64,164,spiked_known_floor,1.0587391133747128,0.012442817078416504,0.218927110164724
cross_spike,64,164,oracle,1.0462962962962965,0.0,0.0
cross_spike,64,165,projection,1.2777777777777777,0.2314814814814814,0.8333333333333333
cross_spike,64,165,empirical,1.189475772234314,0.14317947593801764,0.39546964001920865
cross_spike,64,165,oas,1.116235528286956,0.06993923199065946,0.45142804963715943
cross_spike,64,165,spiked_known_floor,1.0666539002638038,0.020357603967507493,0.35473298352837224
cross_spike,64,165,oracle,1.0462962962962965,0.0,0.0
cross_spike,64,166,projection,1.2777777777777777,0.2314814814814814,0.8333333333333333
cross_spike,64,166,empirical,1.1229917579500064,0.07669546165371004,0.3188307149322468
cross_spike,64,166,oas,1.0937424735513686,0.04744617725507225,0.2995691409599693
cross_spike,64,166,spiked_known_floor,1.0594717600513057,0.01317546375500936,0.20927837427920962
cross_spike,64,166,oracle,1.0462962962962965,0.0,0.0
cross_spike,64,167,projection,1.2777777777777777,0.2314814814814814,0.8333333333333333
cross_spike,64,167,empirical,1.2019760863563924,0.15567979006009597,0.3693006307380482
cross_spike,64,167,oas,1.1411290727104655,0.09483277641416922,0.3132248827864804
cross_spike,64,167,spiked_known_floor,1.063226285718912,0.01692998942261568,0.24207001999038877
cross_spike,64,167,oracle,1.0462962962962965,0.0,0.0
cross_spike,64,168,projection,1.2777777777777777,0.2314814814814814,0.8333333333333333
cross_spike,64,168,empirical,1.1647619444007014,0.11846564810440523,0.44647250738565397
cross_spike,64,168,oas,1.1138602829876847,0.0675639866913883,0.5110064687561553
cross_spike,64,168,spiked_known_floor,1.0791135007330972,0.0328172044368009,0.42585483984134653
cross_spike,64,168,oracle,1.0462962962962965,0.0,0.0
cross_spike,64,169,projection,1.2777777777777777,0.2314814814814814,0.8333333333333333
cross_spike,64,169,empirical,1.1497956456732625,0.10349934937696635,0.4142449866263183
cross_spike,64,169,oas,1.0956575213523374,0.04936122505604103,0.4920630210015669
cross_spike,64,169,spiked_known_floor,1.0591505101775747,0.012854213881278293,0.379043135504106
cross_spike,64,169,oracle,1.0462962962962965,0.0,0.0
cross_spike,64,170,projection,1.2777777777777777,0.2314814814814814,0.8333333333333333
cross_spike,64,170,empirical,1.164295447686263,0.11799915138996653,0.3744363356578847
cross_spike,64,170,oas,1.1151487886547813,0.0688524923584851,0.3541184827206876
cross_spike,64,170,spiked_known_floor,1.071824080258668,0.025527783962371667,0.2789223183757999
cross_spike,64,170,oracle,1.0462962962962965,0.0,0.0
cross_spike,64,171,projection,1.2777777777777777,0.2314814814814814,0.8333333333333333
cross_spike,64,171,empirical,1.1854647055403433,0.13916840924404716,0.434834693601713
cross_spike,64,171,oas,1.1007361916286018,0.054439895332305616,0.518379160669929
cross_spike,64,171,spiked_known_floor,1.060212089673322,0.013915793377025846,0.41455474118822694
cross_spike,64,171,oracle,1.0462962962962965,0.0,0.0
cross_spike,64,172,projection,1.2777777777777777,0.2314814814814814,0.8333333333333333
cross_spike,64,172,empirical,1.150883790651863,0.10458749435556662,0.4308095121779425
cross_spike,64,172,oas,1.117890085149189,0.07159378885289293,0.33492864642284714
cross_spike,64,172,spiked_known_floor,1.0639857642570374,0.017689467960741036,0.30810392320793856
cross_spike,64,172,oracle,1.0462962962962965,0.0,0.0
cross_spike,64,173,projection,1.2777777777777777,0.2314814814814814,0.8333333333333333
cross_spike,64,173,empirical,1.151582707087111,0.1052864107908147,0.3603795845155413
cross_spike,64,173,oas,1.1087589920462662,0.06246269574996964,0.38943584901181993
cross_spike,64,173,spiked_known_floor,1.0661356803660693,0.019839384069772998,0.2957658934542147
cross_spike,64,173,oracle,1.0462962962962965,0.0,0.0
cross_spike,64,174,projection,1.2777777777777777,0.2314814814814814,0.8333333333333333
cross_spike,64,174,empirical,1.1337699575238038,0.0874736612275075,0.3515451708254163
cross_spike,64,174,oas,1.1037639387183715,0.057467642422075325,0.30529859106318924
cross_spike,64,174,spiked_known_floor,1.06015134232802,0.013855046031723748,0.23677422042468674
cross_spike,64,174,oracle,1.0462962962962965,0.0,0.0
cross_spike,64,175,projection,1.2777777777777777,0.2314814814814814,0.8333333333333333
cross_spike,64,175,empirical,1.153585338695664,0.1072890423993679,0.29078192016127996
cross_spike,64,175,oas,1.1057442788102891,0.0594479825139927,0.30496773247858006
cross_spike,64,175,spiked_known_floor,1.0529948119146526,0.006698515618356164,0.16175332949377744
cross_spike,64,175,oracle,1.0462962962962965,0.0,0.0
cross_spike,64,176,projection,1.2777777777777777,0.2314814814814814,0.8333333333333333
cross_spike,64,176,empirical,1.1512438307427144,0.10494753444641801,0.36504084754076516
cross_spike,64,176,oas,1.1137472667886401,0.06745097049234366,0.35611896665079734
cross_spike,64,176,spiked_known_floor,1.0615108114666227,0.015214515170326317,0.25851011894072146
cross_spike,64,176,oracle,1.0462962962962965,0.0,0.0
cross_spike,64,177,projection,1.2777777777777777,0.2314814814814814,0.8333333333333333
cross_spike,64,177,empirical,1.169681455387238,0.12338515909094129,0.3442662715289253
cross_spike,64,177,oas,1.1043884300441091,0.05809213374781282,0.34848423094591535
cross_spike,64,177,spiked_known_floor,1.0602707442611712,0.01397444796487482,0.2417534097566579
cross_spike,64,177,oracle,1.0462962962962965,0.0,0.0
cross_spike,64,178,projection,1.2777777777777777,0.2314814814814814,0.8333333333333333
cross_spike,64,178,empirical,1.124663707261813,0.07836741096551683,0.33295522614087225
cross_spike,64,178,oas,1.0962672807286735,0.04997098443237718,0.3065374681166655
cross_spike,64,178,spiked_known_floor,1.0607964117788913,0.014500115482595027,0.21722284789706853
cross_spike,64,178,oracle,1.0462962962962965,0.0,0.0
cross_spike,64,179,projection,1.2777777777777777,0.2314814814814814,0.8333333333333333
cross_spike,64,179,empirical,1.1777276861520114,0.13143138985571506,0.36372430385585997
cross_spike,64,179,oas,1.1268530353472115,0.08055673905091518,0.3543827457386293
cross_spike,64,179,spiked_known_floor,1.0675692509011254,0.02127295460482888,0.27652173011401754
cross_spike,64,179,oracle,1.0462962962962965,0.0,0.0
cross_spike,64,180,projection,1.2777777777777777,0.2314814814814814,0.8333333333333333
cross_spike,64,180,empirical,1.1403565824968906,0.09406028620059423,0.49746942025895663
cross_spike,64,180,oas,1.1074676255296922,0.06117132923339583,0.366330681446323
cross_spike,64,180,spiked_known_floor,1.0535083620215988,0.007212065725302476,0.36304236312616467
cross_spike,64,180,oracle,1.0462962962962965,0.0,0.0
cross_spike,64,181,projection,1.2777777777777777,0.2314814814814814,0.8333333333333333
cross_spike,64,181,empirical,1.1552212471984655,0.10892495090216918,0.33347027991490885
cross_spike,64,181,oas,1.1075220556320806,0.061225759335784065,0.28277515357160854
cross_spike,64,181,spiked_known_floor,1.0563800690557124,0.010083772759416007,0.19662909760827835
cross_spike,64,181,oracle,1.0462962962962965,0.0,0.0
cross_spike,64,182,projection,1.2777777777777777,0.2314814814814814,0.8333333333333333
cross_spike,64,182,empirical,1.1484109977596935,0.10211470146339709,0.32645155945143817
cross_spike,64,182,oas,1.1034143848782074,0.05711808858191114,0.33664373281873916
cross_spike,64,182,spiked_known_floor,1.0608813166525275,0.014585020356230985,0.241627073116896
cross_spike,64,182,oracle,1.0462962962962965,0.0,0.0
cross_spike,64,183,projection,1.2777777777777777,0.2314814814814814,0.8333333333333333
cross_spike,64,183,empirical,1.1646377354571709,0.11834143916087446,0.3349054303979915
cross_spike,64,183,oas,1.1130869024678647,0.06679060617156844,0.3701535237099863
cross_spike,64,183,spiked_known_floor,1.059721648184881,0.013425351888584736,0.2711142306207367
cross_spike,64,183,oracle,1.0462962962962965,0.0,0.0
cross_spike,64,184,projection,1.2777777777777777,0.2314814814814814,0.8333333333333333
cross_spike,64,184,empirical,1.1694335518675467,0.12313725557125031,0.5481669790944034
cross_spike,64,184,oas,1.1323290092828762,0.08603271298657993,0.43588097119378044
cross_spike,64,184,spiked_known_floor,1.0685324968599816,0.022236200563685346,0.43898667207704706
cross_spike,64,184,oracle,1.0462962962962965,0.0,0.0
cross_spike,64,185,projection,1.2777777777777777,0.2314814814814814,0.8333333333333333
cross_spike,64,185,empirical,1.149771367235935,0.1034750709396389,0.34343184800285165
cross_spike,64,185,oas,1.104110570783032,0.05781427448673572,0.27772479598937905
cross_spike,64,185,spiked_known_floor,1.0555544076703478,0.009258111374051546,0.2148368770884433
cross_spike,64,185,oracle,1.0462962962962965,0.0,0.0
cross_spike,64,186,projection,1.2777777777777777,0.2314814814814814,0.8333333333333333
cross_spike,64,186,empirical,1.1437746582881196,0.09747836199182326,0.43480570407943364
cross_spike,64,186,oas,1.0932602960721585,0.0469639997758622,0.5127901742944067
cross_spike,64,186,spiked_known_floor,1.0653968678704293,0.019100571574132974,0.41460028580296737
cross_spike,64,186,oracle,1.0462962962962965,0.0,0.0
cross_spike,64,187,projection,1.2777777777777777,0.2314814814814814,0.8333333333333333
cross_spike,64,187,empirical,1.169474909311171,0.12317861301487465,0.3382551940772457
cross_spike,64,187,oas,1.1130573523504736,0.06676105605417725,0.3598648435509789
cross_spike,64,187,spiked_known_floor,1.0605457136992638,0.014249417402967444,0.2715513265257449
cross_spike,64,187,oracle,1.0462962962962965,0.0,0.0
cross_spike,64,188,projection,1.2777777777777777,0.2314814814814814,0.8333333333333333
cross_spike,64,188,empirical,1.1723229986968766,0.12602670240058028,0.4045509029280595
cross_spike,64,188,oas,1.110199606110637,0.06390330981434049,0.4312280766962038
cross_spike,64,188,spiked_known_floor,1.0676115934657704,0.02131529716947401,0.336792655047949
cross_spike,64,188,oracle,1.0462962962962965,0.0,0.0
cross_spike,64,189,projection,1.2777777777777777,0.2314814814814814,0.8333333333333333
cross_spike,64,189,empirical,1.1699424418511886,0.12364614555489228,0.36491415643289554
cross_spike,64,189,oas,1.1206550965456115,0.0743588002493152,0.29793410723996
cross_spike,64,189,spiked_known_floor,1.0574963408470297,0.011200044550733323,0.22547003081045716
cross_spike,64,189,oracle,1.0462962962962965,0.0,0.0
cross_spike,64,190,projection,1.2777777777777777,0.2314814814814814,0.8333333333333333
cross_spike,64,190,empirical,1.1346426851602365,0.08834638886394032,0.3347009565963679
cross_spike,64,190,oas,1.1015433884366526,0.055247092140356266,0.28912038284766367
cross_spike,64,190,spiked_known_floor,1.0581535725493094,0.011857276253013168,0.2089874083246073
cross_spike,64,190,oracle,1.0462962962962965,0.0,0.0
cross_spike,64,191,projection,1.2777777777777777,0.2314814814814814,0.8333333333333333
cross_spike,64,191,empirical,1.1638966748652908,0.11760037856899443,0.5036423783733179
cross_spike,64,191,oas,1.1253871895465974,0.07909089325030105,0.3982785337500453
cross_spike,64,191,spiked_known_floor,1.066352237426474,0.020055941130177637,0.3984879038450575
cross_spike,64,191,oracle,1.0462962962962965,0.0,0.0
cross_spike,64,192,projection,1.2777777777777777,0.2314814814814814,0.8333333333333333
cross_spike,64,192,empirical,1.177193988773433,0.1308976924771367,0.3958123609628742
cross_spike,64,192,oas,1.115835955386543,0.0695396590902465,0.4334508254885078
cross_spike,64,192,spiked_known_floor,1.0683392435784642,0.02204294728216791,0.32435124897501283
cross_spike,64,192,oracle,1.0462962962962965,0.0,0.0
cross_spike,64,193,projection,1.2777777777777777,0.2314814814814814,0.8333333333333333
cross_spike,64,193,empirical,1.1662079779475911,0.11991168165129482,0.31410221343534983
cross_spike,64,193,oas,1.1071442219672594,0.06084792567096295,0.30061939304049157
cross_spike,64,193,spiked_known_floor,1.0555427154567465,0.009246419160450301,0.20384578065024878
cross_spike,64,193,oracle,1.0462962962962965,0.0,0.0
cross_spike,64,194,projection,1.2777777777777777,0.2314814814814814,0.8333333333333333
cross_spike,64,194,empirical,1.1618581566266428,0.11556186033034652,0.36468433837517666
cross_spike,64,194,oas,1.1154436951404862,0.06914739884418997,0.3672033619308398
cross_spike,64,194,spiked_known_floor,1.0660630695401394,0.019766773243842923,0.280231200891922
cross_spike,64,194,oracle,1.0462962962962965,0.0,0.0
cross_spike,64,195,projection,1.2777777777777777,0.2314814814814814,0.8333333333333333
cross_spike,64,195,empirical,1.1437240128693225,0.09742771657302594,0.3391713695504175
cross_spike,64,195,oas,1.1041878843283808,0.0578915880320843,0.3520197802181979
cross_spike,64,195,spiked_known_floor,1.0639359357887688,0.01763963949247238,0.2669643912435353
cross_spike,64,195,oracle,1.0462962962962965,0.0,0.0
cross_spike,64,196,projection,1.2777777777777777,0.2314814814814814,0.8333333333333333
cross_spike,64,196,empirical,1.1998083994937032,0.15351210319740685,0.4354046788236483
cross_spike,64,196,oas,1.1155373461215778,0.06924104982528159,0.4948255345576964
cross_spike,64,196,spiked_known_floor,1.0716631779085026,0.025366881612206474,0.40731161862551124
cross_spike,64,196,oracle,1.0462962962962965,0.0,0.0
cross_spike,64,197,projection,1.2777777777777777,0.2314814814814814,0.8333333333333333
cross_spike,64,197,empirical,1.1156831920628236,0.06938689576652728,0.2808614235999672
cross_spike,64,197,oas,1.0885598399243754,0.04226354362807905,0.30065374477177015
cross_spike,64,197,spiked_known_floor,1.0508578609615737,0.004561564665277453,0.16148034960816804
cross_spike,64,197,oracle,1.0462962962962965,0.0,0.0
cross_spike,64,198,projection,1.2777777777777777,0.2314814814814814,0.8333333333333333
cross_spike,64,198,empirical,1.1811622534699844,0.13486595717368807,0.35583565360292124
cross_spike,64,198,oas,1.1195623689855063,0.07326607268920984,0.27235242463038983
cross_spike,64,198,spiked_known_floor,1.0545545809186752,0.008258284622378726,0.20966533966761425
cross_spike,64,198,oracle,1.0462962962962965,0.0,0.0
cross_spike,64,199,projection,1.2777777777777777,0.2314814814814814,0.8333333333333333
cross_spike,64,199,empirical,1.1263224739821374,0.08002617768584111,0.3190224858998475
cross_spike,64,199,oas,1.097953430074952,0.05165713377865587,0.2977361321050866
cross_spike,64,199,spiked_known_floor,1.0569976160515175,0.010701319755221284,0.19292794085977905
cross_spike,64,199,oracle,1.0462962962962965,0.0,0.0
cross_spike,128,0,projection,1.2777777777777777,0.2314814814814814,0.8333333333333333
cross_spike,128,0,empirical,1.1030945428044463,0.056798246508149894,0.22623453615327624
cross_spike,128,0,oas,1.089448299323475,0.043152003027178705,0.23800365980580776
cross_spike,128,0,spiked_known_floor,1.0511762182405053,0.004879921944209044,0.1565642909708072
cross_spike,128,0,oracle,1.0462962962962965,0.0,0.0
cross_spike,128,1,projection,1.2777777777777777,0.2314814814814814,0.8333333333333333
cross_spike,128,1,empirical,1.1018193107305079,0.055523014434211565,0.27923934829557223
cross_spike,128,1,oas,1.0905138120318638,0.044217515735567564,0.23884363874642858
cross_spike,128,1,spiked_known_floor,1.0542016038189974,0.007905307522701173,0.2014451558680649
cross_spike,128,1,oracle,1.0462962962962965,0.0,0.0
cross_spike,128,2,projection,1.2777777777777777,0.2314814814814814,0.8333333333333333
cross_spike,128,2,empirical,1.098095602974081,0.05179930667778452,0.22699486251841028
cross_spike,128,2,oas,1.0862715117703692,0.03997521547407282,0.23213559661404148
cross_spike,128,2,spiked_known_floor,1.0530022875402523,0.00670599124395607,0.14820919540698727
cross_spike,128,2,oracle,1.0462962962962965,0.0,0.0
cross_spike,128,3,projection,1.2777777777777777,0.2314814814814814,0.8333333333333333
cross_spike,128,3,empirical,1.103443974766403,0.05714767847010685,0.26577187779604466
cross_spike,128,3,oas,1.091052475242998,0.04475617894670178,0.23186594707182265
cross_spike,128,3,spiked_known_floor,1.0548835297998416,0.008587233503545297,0.18744517488772974
cross_spike,128,3,oracle,1.0462962962962965,0.0,0.0
cross_spike,128,4,projection,1.2777777777777777,0.2314814814814814,0.8333333333333333
cross_spike,128,4,empirical,1.1109735582066018,0.06467726191030547,0.2371619417585276
cross_spike,128,4,oas,1.094710620084536,0.04841432378823962,0.22592267302842708
cross_spike,128,4,spiked_known_floor,1.0530992559613468,0.006802959665050621,0.15457168661704287
cross_spike,128,4,oracle,1.0462962962962965,0.0,0.0
cross_spike,128,5,projection,1.2777777777777777,0.2314814814814814,0.8333333333333333
cross_spike,128,5,empirical,1.103683184878707,0.057386888582410416,0.25075788185021547
cross_spike,128,5,oas,1.0874082181204165,0.04111192182412004,0.2799613072820469
cross_spike,128,5,spiked_known_floor,1.052926194828559,0.0066298985322627655,0.19693079567586652
cross_spike,128,5,oracle,1.0462962962962965,0.0,0.0
cross_spike,128,6,projection,1.2777777777777777,0.2314814814814814,0.8333333333333333
cross_spike,128,6,empirical,1.0852696800049795,0.038973383708683036,0.25254757571881853
cross_spike,128,6,oas,1.078018385609891,0.031722089313594756,0.22498617478268368
cross_spike,128,6,spiked_known_floor,1.0545472523184514,0.008250956022155136,0.1795355140619238
cross_spike,128,6,oracle,1.0462962962962965,0.0,0.0
cross_spike,128,7,projection,1.2777777777777777,0.2314814814814814,0.8333333333333333
cross_spike,128,7,empirical,1.0960488539714504,0.049752557675153956,0.2495209985952631
cross_spike,128,7,oas,1.0837631658695166,0.03746686957322018,0.22487931400589625
cross_spike,128,7,spiked_known_floor,1.0533573213214114,0.007061025025114847,0.16093233002962923
cross_spike,128,7,oracle,1.0462962962962965,0.0,0.0
cross_spike,128,8,projection,1.2777777777777777,0.2314814814814814,0.8333333333333333
cross_spike,128,8,empirical,1.103931508029646,0.05763521173334972,0.2511378129524205
cross_spike,128,8,oas,1.0872114380261504,0.04091514172985397,0.2851681257643451
cross_spike,128,8,spiked_known_floor,1.0536006496605725,0.0073043533642762155,0.2061180035306039
cross_spike,128,8,oracle,1.0462962962962965,0.0,0.0
cross_spike,128,9,projection,1.2777777777777777,0.2314814814814814,0.8333333333333333
cross_spike,128,9,empirical,1.0922172425125376,0.04592094621624149,0.29835310762632855
cross_spike,128,9,oas,1.0772461300815455,0.0309498337852493,0.35035490522235546
cross_spike,128,9,spiked_known_floor,1.0540959220954431,0.0077996257991467255,0.2798266307628497
cross_spike,128,9,oracle,1.0462962962962965,0.0,0.0
cross_spike,128,10,projection,1.2777777777777777,0.2314814814814814,0.8333333333333333
cross_spike,128,10,empirical,1.0918370016313597,0.0455407053350632,0.2426936387067058
cross_spike,128,10,oas,1.0792239609303413,0.032927664634044826,0.26967193882472146
cross_spike,128,10,spiked_known_floor,1.0516101386804624,0.005313842384166242,0.19097723944916
cross_spike,128,10,oracle,1.0462962962962965,0.0,0.0
cross_spike,128,11,projection,1.2777777777777777,0.2314814814814814,0.8333333333333333
cross_spike,128,11,empirical,1.1097501739467324,0.06345387765043602,0.28330029718067007
cross_spike,128,11,oas,1.0960192280839518,0.049722931787655564,0.23748916058981073
cross_spike,128,11,spiked_known_floor,1.0518897750878553,0.005593478791559062,0.19322845862736573
cross_spike,128,11,oracle,1.0462962962962965,0.0,0.0
cross_spike,128,12,projection,1.2777777777777777,0.2314814814814814,0.8333333333333333
cross_spike,128,12,empirical,1.094783807157253,0.04848751086095676,0.22743157465222166
cross_spike,128,12,oas,1.0823490268374654,0.036052730541169,0.2518453710414384
cross_spike,128,12,spiked_known_floor,1.0524300007687457,0.006133704472449296,0.1706640025798162
cross_spike,128,12,oracle,1.0462962962962965,0.0,0.0
cross_spike,128,13,projection,1.2777777777777777,0.2314814814814814,0.8333333333333333
cross_spike,128,13,empirical,1.1045412099541805,0.05824491365788404,0.2688632070005808
cross_spike,128,13,oas,1.0912282388529957,0.04493194255669943,0.2492769334509253
cross_spike,128,13,spiked_known_floor,1.0565494895045369,0.010253193208240386,0.1863544399967334
cross_spike,128,13,oracle,1.0462962962962965,0.0,0.0
cross_spike,128,14,projection,1.2777777777777777,0.2314814814814814,0.8333333333333333
cross_spike,128,14,empirical,1.0970556205963213,0.05075932430002509,0.3077603574589664
cross_spike,128,14,oas,1.089030850580271,0.042734554283974525,0.3273507547417178
cross_spike,128,14,spiked_known_floor,1.0669334801769734,0.02063718388067723,0.26621384230850964
cross_spike,128,14,oracle,1.0462962962962965,0.0,0.0
cross_spike,128,15,projection,1.2777777777777777,0.2314814814814814,0.8333333333333333
cross_spike,128,15,empirical,1.1097668778024523,0.06347058150615578,0.3105683394300847
cross_spike,128,15,oas,1.0968012853262235,0.050504989029927214,0.2623934154381849
cross_spike,128,15,spiked_known_floor,1.0543713969296946,0.008075100633398367,0.2242948583708173
cross_spike,128,15,oracle,1.0462962962962965,0.0,0.0
cross_spike,128,16,projection,1.2777777777777777,0.2314814814814814,0.8333333333333333
cross_spike,128,16,empirical,1.1147931039649865,0.06849680766869007,0.28063558650162274
cross_spike,128,16,oas,1.0992904148885294,0.052994118592232846,0.30234928178298087
cross_spike,128,16,spiked_known_floor,1.059494497533654,0.013198201237357812,0.23544014996422732
cross_spike,128,16,oracle,1.0462962962962965,0.0,0.0
cross_spike,128,17,projection,1.2777777777777777,0.2314814814814814,0.8333333333333333
cross_spike,128,17,empirical,1.1085764121039248,0.0622801158076285,0.29358462220707376
cross_spike,128,17,oas,1.0920214043700598,0.04572510807376337,0.3193588211832239
cross_spike,128,17,spiked_known_floor,1.0600699219329381,0.013773625636641671,0.2574761213031398
cross_spike,128,17,oracle,1.0462962962962965,0.0,0.0
cross_spike,128,18,projection,1.2777777777777777,0.2314814814814814,0.8333333333333333
cross_spike,128,18,empirical,1.0959532052071148,0.04965690891081855,0.3779874996858844
cross_spike,128,18,oas,1.086993265907486,0.04069696961118962,0.31468493557101923
cross_spike,128,18,spiked_known_floor,1.0538152640394758,0.00751896774317925,0.30608402803360424
cross_spike,128,18,oracle,1.0462962962962965,0.0,0.0
cross_spike,128,19,projection,1.2777777777777777,0.2314814814814814,0.8333333333333333
cross_spike,128,19,empirical,1.0950470383287352,0.04875074203243871,0.2741010428964368
cross_spike,128,19,oas,1.0835025973558228,0.0372063010595264,0.24113443761182493
cross_spike,128,19,spiked_known_floor,1.0541130544209565,0.007816758124660175,0.18814711100272713
cross_spike,128,19,oracle,1.0462962962962965,0.0,0.0
cross_spike,128,20,projection,1.2777777777777777,0.2314814814814814,0.8333333333333333
cross_spike,128,20,empirical,1.0858276245284213,0.03953132823212495,0.2908938932255671
cross_spike,128,20,oas,1.078811519031856,0.032515222735559485,0.24655366219221417
cross_spike,128,20,spiked_known_floor,1.0546016054158998,0.008305309119603487,0.2138447561996636
cross_spike,128,20,oracle,1.0462962962962965,0.0,0.0
cross_spike,128,21,projection,1.2777777777777777,0.2314814814814814,0.8333333333333333
cross_spike,128,21,empirical,1.0930118082137044,0.04671551191740804,0.23923697246555906
cross_spike,128,21,oas,1.0839985931914553,0.03770229689515883,0.24901830509366693
cross_spike,128,21,spiked_known_floor,1.0541103759374186,0.007814079641122282,0.1819527867331031
cross_spike,128,21,oracle,1.0462962962962965,0.0,0.0
cross_spike,128,22,projection,1.2777777777777777,0.2314814814814814,0.8333333333333333
cross_spike,128,22,empirical,1.0996377722272441,0.05334147593094771,0.2840278281640119
cross_spike,128,22,oas,1.087371412912708,0.041075116616411604,0.2334312104682752
cross_spike,128,22,spiked_known_floor,1.051757939715694,0.005461643419397759,0.19749369414265155
cross_spike,128,22,oracle,1.0462962962962965,0.0,0.0
cross_spike,128,23,projection,1.2777777777777777,0.2314814814814814,0.8333333333333333
cross_spike,128,23,empirical,1.1093675989830536,0.06307130268675744,0.23248794309504875
cross_spike,128,23,oas,1.0944523473456762,0.04815605104937989,0.23437554366371827
cross_spike,128,23,spiked_known_floor,1.0533638092198485,0.007067512923552014,0.15941783657206374
cross_spike,128,23,oracle,1.0462962962962965,0.0,0.0
cross_spike,128,24,projection,1.2777777777777777,0.2314814814814814,0.8333333333333333
cross_spike,128,24,empirical,1.1055518655133716,0.05925556921707531,0.2610879308661174
cross_spike,128,24,oas,1.0935291675724335,0.04723287127613704,0.23188050465913804
cross_spike,128,24,spiked_known_floor,1.0530621609910182,0.006765864694721891,0.17545625582886507
cross_spike,128,24,oracle,1.0462962962962965,0.0,0.0
cross_spike,128,25,projection,1.2777777777777777,0.2314814814814814,0.8333333333333333
cross_spike,128,25,empirical,1.0943896365933972,0.04809334029710079,0.3507816323035638
cross_spike,128,25,oas,1.0861231528251407,0.03982685652884415,0.2904599925859744
cross_spike,128,25,spiked_known_floor,1.0533373549221232,0.00704105862582675,0.2704529794598989
cross_spike,128,25,oracle,1.0462962962962965,0.0,0.0
cross_spike,128,26,projection,1.2777777777777777,0.2314814814814814,0.8333333333333333
cross_spike,128,26,empirical,1.1055514854774522,0.05925518918115588,0.24984515800384208
cross_spike,128,26,oas,1.0920606642632096,0.04576436796691335,0.23082012861862153
cross_spike,128,26,spiked_known_floor,1.0542127242287767,0.007916427932480208,0.16666974112415506
cross_spike,128,26,oracle,1.0462962962962965,0.0,0.0
cross_spike,128,27,projection,1.2777777777777777,0.2314814814814814,0.8333333333333333
cross_spike,128,27,empirical,1.1039253959428612,0.05762909964656482,0.25503231414394284
cross_spike,128,27,oas,1.0908771537314734,0.04458085743517695,0.24679459594178743
cross_spike,128,27,spiked_known_floor,1.0563114941605862,0.010015197864289813,0.18820359564214062
cross_spike,128,27,oracle,1.0462962962962965,0.0,0.0
cross_spike,128,28,projection,1.2777777777777777,0.2314814814814814,0.8333333333333333
cross_spike,128,28,empirical,1.0928832461931823,0.0465869498968859,0.2727662371908802
cross_spike,128,28,oas,1.0833439242494867,0.03704762795319029,0.22774924666657073
cross_spike,128,28,spiked_known_floor,1.0512368141283805,0.004940517832084285,0.18271103865963612
cross_spike,128,28,oracle,1.0462962962962965,0.0,0.0
cross_spike,128,29,projection,1.2777777777777777,0.2314814814814814,0.8333333333333333
cross_spike,128,29,empirical,1.1059289645559265,0.059632668259630206,0.2832452730786769
cross_spike,128,29,oas,1.0932889328518276,0.04699263655553115,0.2422564642833809
cross_spike,128,29,spiked_known_floor,1.05554612157727,0.009249825280973727,0.2037771747762717
cross_spike,128,29,oracle,1.0462962962962965,0.0,0.0
cross_spike,128,30,projection,1.2777777777777777,0.2314814814814814,0.8333333333333333
cross_spike,128,30,empirical,1.0924647700489487,0.046168473752652275,0.260535253751024
cross_spike,128,30,oas,1.0825911051792687,0.03629480888297235,0.22273700320514248
cross_spike,128,30,spiked_known_floor,1.05282268432211,0.006526388025813557,0.18500371983632105
cross_spike,128,30,oracle,1.0462962962962965,0.0,0.0
cross_spike,128,31,projection,1.2777777777777777,0.2314814814814814,0.8333333333333333
cross_spike,128,31,empirical,1.0931121086545237,0.04681581235822721,0.23276662142577786
cross_spike,128,31,oas,1.0812967443406505,0.03500044804435436,0.24638829744438884
cross_spike,128,31,spiked_known_floor,1.0511926463069454,0.00489635001064921,0.1673207650729428
cross_spike,128,31,oracle,1.0462962962962965,0.0,0.0
cross_spike,128,32,projection,1.2777777777777777,0.2314814814814814,0.8333333333333333
cross_spike,128,32,empirical,1.0922193019083748,0.04592300561207852,0.20848846663582027
cross_spike,128,32,oas,1.0803076365365714,0.03401134024027514,0.21921693176339505
cross_spike,128,32,spiked_known_floor,1.0486961833653863,0.0023998870690898014,0.1121794029305739
cross_spike,128,32,oracle,1.0462962962962965,0.0,0.0
cross_spike,128,33,projection,1.2777777777777777,0.2314814814814814,0.8333333333333333
cross_spike,128,33,empirical,1.0987265554236962,0.052430259127399875,0.26341426914468496
cross_spike,128,33,oas,1.0853994615030311,0.03910316520673479,0.22457479566344665
cross_spike,128,33,spiked_known_floor,1.0526912747326593,0.006394978436363035,0.18864545945122718
cross_spike,128,33,oracle,1.0462962962962965,0.0,0.0
cross_spike,128,34,projection,1.2777777777777777,0.2314814814814814,0.8333333333333333
cross_spike,128,34,empirical,1.1080338323167025,0.06173753602040613,0.25599303342433793
cross_spike,128,34,oas,1.0922361017411621,0.04593980544486596,0.25613857564602904
cross_spike,128,34,spiked_known_floor,1.0550344335884634,0.00873813729216696,0.1962081586463396
cross_spike,128,34,oracle,1.0462962962962965,0.0,0.0
cross_spike,128,35,projection,1.2777777777777777,0.2314814814814814,0.8333333333333333
cross_spike,128,35,empirical,1.0982076559868061,0.051911359690509994,0.30974098202496064
cross_spike,128,35,oas,1.0858128565281815,0.039516560231885135,0.3444769935763171
cross_spike,128,35,spiked_known_floor,1.0596976371225715,0.013401340826275119,0.27709625710341174
cross_spike,128,35,oracle,1.0462962962962965,0.0,0.0
cross_spike,128,36,projection,1.2777777777777777,0.2314814814814814,0.8333333333333333
cross_spike,128,36,empirical,1.0918827732713254,0.04558647697502903,0.24571081142524845
cross_spike,128,36,oas,1.0803616570059977,0.03406536070970126,0.2667152098916994
cross_spike,128,36,spiked_known_floor,1.052460157811268,0.006163861514971726,0.18413045501774
cross_spike,128,36,oracle,1.0462962962962965,0.0,0.0
cross_spike,128,37,projection,1.2777777777777777,0.2314814814814814,0.8333333333333333
cross_spike,128,37,empirical,1.1029441772307464,0.05664788093445009,0.22997777319235277
cross_spike,128,37,oas,1.0878005686501366,0.04150427235384039,0.20644377754101728
cross_spike,128,37,spiked_known_floor,1.0512039069441645,0.004907610647868268,0.13133229172487085
cross_spike,128,37,oracle,1.0462962962962965,0.0,0.0
cross_spike,128,38,projection,1.2777777777777777,0.2314814814814814,0.8333333333333333
cross_spike,128,38,empirical,1.1161767989212157,0.0698805026249196,0.2808410234972045
cross_spike,128,38,oas,1.1020038259063452,0.05570752961004884,0.27834418811281264
cross_spike,128,38,spiked_known_floor,1.0599699684325705,0.013673672136274259,0.2224845264777061
cross_spike,128,38,oracle,1.0462962962962965,0.0,0.0
cross_spike,128,39,projection,1.2777777777777777,0.2314814814814814,0.8333333333333333
cross_spike,128,39,empirical,1.1049848717517259,0.05868857545542962,0.30679441612471886
cross_spike,128,39,oas,1.0875004292878283,0.04120413299153202,0.3515089650661077
cross_spike,128,39,spiked_known_floor,1.0551571934039599,0.008860897107663445,0.2812672600908011
cross_spike,128,39,oracle,1.0462962962962965,0.0,0.0
cross_spike,128,40,projection,1.2777777777777777,0.2314814814814814,0.8333333333333333
cross_spike,128,40,empirical,1.1048608707242171,0.05856457442792065,0.2640250678789092
cross_spike,128,40,oas,1.0885850402194301,0.042288743923133754,0.295034442464171
cross_spike,128,40,spiked_known_floor,1.055659018825531,0.009362722529234719,0.21819171555983352
cross_spike,128,40,oracle,1.0462962962962965,0.0,0.0
cross_spike,128,41,projection,1.2777777777777777,0.2314814814814814,0.8333333333333333
cross_spike,128,41,empirical,1.0893246764134177,0.04302838011712134,0.2461042591147272
cross_spike,128,41,oas,1.0811992493994984,0.0349029531032021,0.2138396054321144
cross_spike,128,41,spiked_known_floor,1.0538622563290982,0.007565960032801943,0.1686349060017899
cross_spike,128,41,oracle,1.0462962962962965,0.0,0.0
cross_spike,128,42,projection,1.2777777777777777,0.2314814814814814,0.8333333333333333
cross_spike,128,42,empirical,1.1019676441880262,0.05567134789172966,0.2546684560586347
cross_spike,128,42,oas,1.089638061310511,0.043341765014214634,0.2654364703413887
cross_spike,128,42,spiked_known_floor,1.0571131448155109,0.010816848519214498,0.20403150689978922
cross_spike,128,42,oracle,1.0462962962962965,0.0,0.0
cross_spike,128,43,projection,1.2777777777777777,0.2314814814814814,0.8333333333333333
cross_spike,128,43,empirical,1.0994081271945166,0.053111830898220254,0.29195565718330946
cross_spike,128,43,oas,1.0889372660323364,0.04264096973604003,0.2398520994952632
cross_spike,128,43,spiked_known_floor,1.0508241770554532,0.004527880759156839,0.20586832700492885
cross_spike,128,43,oracle,1.0462962962962965,0.0,0.0
cross_spike,128,44,projection,1.2777777777777777,0.2314814814814814,0.8333333333333333
cross_spike,128,44,empirical,1.0905859243776914,0.04428962808139518,0.26241666159131966
cross_spike,128,44,oas,1.0823915753103472,0.03609527901405074,0.22092422216636823
cross_spike,128,44,spiked_known_floor,1.053243127658493,0.006946831362196779,0.18333844665847013
cross_spike,128,44,oracle,1.0462962962962965,0.0,0.0
cross_spike,128,45,projection,1.2777777777777777,0.2314814814814814,0.8333333333333333
cross_spike,128,45,empirical,1.0977316645674857,0.05143536827118927,0.27012918907418115
cross_spike,128,45,oas,1.085831078730593,0.03953478243429649,0.22541464331592906
cross_spike,128,45,spiked_known_floor,1.0527096778734093,0.006413381577112883,0.18972634700252305
cross_spike,128,45,oracle,1.0462962962962965,0.0,0.0
cross_spike,128,46,projection,1.2777777777777777,0.2314814814814814,0.8333333333333333
cross_spike,128,46,empirical,1.096112182654162,0.049815886357865734,0.2541207817647245
cross_spike,128,46,oas,1.084664428318951,0.03836813202265461,0.217253424317833
cross_spike,128,46,spiked_known_floor,1.05301144500184,0.006715148705543593,0.16800827900468912
cross_spike,128,46,oracle,1.0462962962962965,0.0,0.0
cross_spike,128,47,projection,1.2777777777777777,0.2314814814814814,0.8333333333333333
cross_spike,128,47,empirical,1.1053244001134461,0.05902810381714971,0.23457416467204342
cross_spike,128,47,oas,1.0899992073173232,0.043702911021026816,0.21890698641335202
cross_spike,128,47,spiked_known_floor,1.052991976252404,0.00669567995610765,0.1500349183972
cross_spike,128,47,oracle,1.0462962962962965,0.0,0.0
cross_spike,128,48,projection,1.2777777777777777,0.2314814814814814,0.8333333333333333
cross_spike,128,48,empirical,1.0974910915858387,0.05119479528954248,0.2642844527988889
cross_spike,128,48,oas,1.0853878436703197,0.03909154737402343,0.28969515851291044
cross_spike,128,48,spiked_known_floor,1.0542178847486294,0.007921588452332982,0.22102842810159537
cross_spike,128,48,oracle,1.0462962962962965,0.0,0.0
cross_spike,128,49,projection,1.2777777777777777,0.2314814814814814,0.8333333333333333
cross_spike,128,49,empirical,1.091825037045277,0.04552874074898053,0.2562461121003441
cross_spike,128,49,oas,1.080184270960488,0.033887974664191724,0.2882663987258863
cross_spike,128,49,spiked_known_floor,1.0527678836903738,0.006471587394077399,0.21147754570610372
cross_spike,128,49,oracle,1.0462962962962965,0.0,0.0
cross_spike,128,50,projection,1.2777777777777777,0.2314814814814814,0.8333333333333333
cross_spike,128,50,empirical,1.1033239106576245,0.05702761436132827,0.31097705204682036
cross_spike,128,50,oas,1.0900686956224717,0.043772399326175424,0.3514498365465861
cross_spike,128,50,spiked_known_floor,1.0611089308637558,0.014812634567459567,0.28714155152871945
cross_spike,128,50,oracle,1.0462962962962965,0.0,0.0
cross_spike,128,51,projection,1.2777777777777777,0.2314814814814814,0.8333333333333333
cross_spike,128,51,empirical,1.0928451677386408,0.04654887144234452,0.21749126237843425
cross_spike,128,51,oas,1.0811719279152239,0.03487563161892751,0.21294360097948728
cross_spike,128,51,spiked_known_floor,1.0511605971610398,0.004864300864743436,0.13107748158229063
cross_spike,128,51,oracle,1.0462962962962965,0.0,0.0
cross_spike,128,52,projection,1.2777777777777777,0.2314814814814814,0.8333333333333333
cross_spike,128,52,empirical,1.0879352728213685,0.04163897652507212,0.2581575403410711
cross_spike,128,52,oas,1.07629884613151,0.03000254983521342,0.2957977174669392
cross_spike,128,52,spiked_known_floor,1.0515039026525201,0.005207606356223639,0.22344414210648966
cross_spike,128,52,oracle,1.0462962962962965,0.0,0.0
cross_spike,128,53,projection,1.2777777777777777,0.2314814814814814,0.8333333333333333
cross_spike,128,53,empirical,1.1034769556658144,0.0571806593695178,0.2671359208726074
cross_spike,128,53,oas,1.0913287203993127,0.045032424103016465,0.2588341378551155
cross_spike,128,53,spiked_known_floor,1.0601832706869925,0.013886974390696142,0.20292571462364345
cross_spike,128,53,oracle,1.0462962962962965,0.0,0.0
cross_spike,128,54,projection,1.2777777777777777,0.2314814814814814,0.8333333333333333
cross_spike,128,54,empirical,1.1026068388187749,0.056310542522478385,0.4020002365562254
cross_spike,128,54,oas,1.0866893068266292,0.04039301053033297,0.4607411463811854
cross_spike,128,54,spiked_known_floor,1.0612508090652133,0.014954512768916826,0.393652683961677
cross_spike,128,54,oracle,1.0462962962962965,0.0,0.0
cross_spike,128,55,projection,1.2777777777777777,0.2314814814814814,0.8333333333333333
cross_spike,128,55,empirical,1.092132651455232,0.04583635515893587,0.3129225293704622
cross_spike,128,55,oas,1.082624622925091,0.03632832662879482,0.2545886137338184
cross_spike,128,55,spiked_known_floor,1.0512877965874845,0.0049915002911880375,0.23406976432577298
cross_spike,128,55,oracle,1.0462962962962965,0.0,0.0
cross_spike,128,56,projection,1.2777777777777777,0.2314814814814814,0.8333333333333333
cross_spike,128,56,empirical,1.098179423882263,0.05188312758596667,0.22196071291218242
cross_spike,128,56,oas,1.0866263338300408,0.04033003753374423,0.20174965684827773
cross_spike,128,56,spiked_known_floor,1.050937668719069,0.0046413724227727035,0.1275504902803754
cross_spike,128,56,oracle,1.0462962962962965,0.0,0.0
cross_spike,128,57,projection,1.2777777777777777,0.2314814814814814,0.8333333333333333
cross_spike,128,57,empirical,1.097757245389918,0.05146094909362158,0.2200477705776082
cross_spike,128,57,oas,1.0856615025737544,0.03936520627745806,0.19865271517256433
cross_spike,128,57,spiked_known_floor,1.0519851975767291,0.0056889012804327375,0.1353960064911321
cross_spike,128,57,oracle,1.0462962962962965,0.0,0.0
cross_spike,128,58,projection,1.2777777777777777,0.2314814814814814,0.8333333333333333
cross_spike,128,58,empirical,1.0867513617732145,0.04045506547691802,0.23656967335659249
cross_spike,128,58,oas,1.0769849006154602,0.030688604319163964,0.24108111329100387
cross_spike,128,58,spiked_known_floor,1.0528413557742573,0.006545059477961015,0.1747015187362227
cross_spike,128,58,oracle,1.0462962962962965,0.0,0.0
cross_spike,128,59,projection,1.2777777777777777,0.2314814814814814,0.8333333333333333
cross_spike,128,59,empirical,1.089674864642787,0.04337856834649048,0.2430058261217287
cross_spike,128,59,oas,1.0783875594468555,0.032091263150559234,0.2662803867508467
cross_spike,128,59,spiked_known_floor,1.0532658027179806,0.0069695064216843084,0.18452317931061127
cross_spike,128,59,oracle,1.0462962962962965,0.0,0.0
cross_spike,128,60,projection,1.2777777777777777,0.2314814814814814,0.8333333333333333
cross_spike,128,60,empirical,1.0899579634169843,0.04366166712068789,0.2590294600812605
cross_spike,128,60,oas,1.0785842863116386,0.03228799001534209,0.28360034964176034
cross_spike,128,60,spiked_known_floor,1.0555345108243166,0.009238214528020334,0.2181495310424904
cross_spike,128,60,oracle,1.0462962962962965,0.0,0.0
cross_spike,128,61,projection,1.2777777777777777,0.2314814814814814,0.8333333333333333
cross_spike,128,61,empirical,1.1010498379989317,0.054753541702635404,0.24631182988671707
cross_spike,128,61,oas,1.0883354001267636,0.042039103830467314,0.24813926134694778
cross_spike,128,61,spiked_known_floor,1.0541419865100439,0.00784569021374757,0.16921934820861967
cross_spike,128,61,oracle,1.0462962962962965,0.0,0.0
cross_spike,128,62,projection,1.2777777777777777,0.2314814814814814,0.8333333333333333
cross_spike,128,62,empirical,1.0991469454347451,0.052850649138448766,0.31545467855315
cross_spike,128,62,oas,1.0879369266865142,0.04164063039021779,0.25818228334503096
cross_spike,128,62,spiked_known_floor,1.049522560573366,0.0032262642770694173,0.22870729281240687
cross_spike,128,62,oracle,1.0462962962962965,0.0,0.0
cross_spike,128,63,projection,1.2777777777777777,0.2314814814814814,0.8333333333333333
cross_spike,128,63,empirical,1.101073900537643,0.05477760424134645,0.27209637177578544
cross_spike,128,63,oas,1.089718809361251,0.043422513064954746,0.2340235989528677
cross_spike,128,63,spiked_known_floor,1.0532677869561302,0.0069714906598338745,0.17795871832748789
cross_spike,128,63,oracle,1.0462962962962965,0.0,0.0
cross_spike,128,64,projection,1.2777777777777777,0.2314814814814814,0.8333333333333333
cross_spike,128,64,empirical,1.0875254528042835,0.041229156507987204,0.22045121180777136
cross_spike,128,64,oas,1.078245037280022,0.03194874098372558,0.20545648364476202
cross_spike,128,64,spiked_known_floor,1.0512128210517595,0.004916524755463085,0.1312061665694831
cross_spike,128,64,oracle,1.0462962962962965,0.0,0.0
cross_spike,128,65,projection,1.2777777777777777,0.2314814814814814,0.8333333333333333
cross_spike,128,65,empirical,1.1010315722967445,0.05473527600044827,0.2964884269583436
cross_spike,128,65,oas,1.0871579398310953,0.040861643534798965,0.34299639467619075
cross_spike,128,65,spiked_known_floor,1.056202091562836,0.00990579526653982,0.26911098480546036
cross_spike,128,65,oracle,1.0462962962962965,0.0,0.0
cross_spike,128,66,projection,1.2777777777777777,0.2314814814814814,0.8333333333333333
cross_spike,128,66,empirical,1.0969098204970003,0.0506135242007041,0.3027318723456587
cross_spike,128,66,oas,1.0863140992889329,0.04001780299263648,0.2544947867912394
cross_spike,128,66,spiked_known_floor,1.0544186409632335,0.008122344666937117,0.21323454785977428
cross_spike,128,66,oracle,1.0462962962962965,0.0,0.0
cross_spike,128,67,projection,1.2777777777777777,0.2314814814814814,0.8333333333333333
cross_spike,128,67,empirical,1.0971615130242804,0.050865216727983976,0.28955742846847304
cross_spike,128,67,oas,1.0869576258545313,0.04066132955823499,0.2442836938839983
cross_spike,128,67,spiked_known_floor,1.054105158315187,0.007808862018890688,0.20002934534692574
cross_spike,128,67,oracle,1.0462962962962965,0.0,0.0
cross_spike,128,68,projection,1.2777777777777777,0.2314814814814814,0.8333333333333333
cross_spike,128,68,empirical,1.1032418482028603,0.05694555190656395,0.2406803721566939
cross_spike,128,68,oas,1.0879200279677448,0.041623731671448255,0.25791741406782476
cross_spike,128,68,spiked_known_floor,1.0531606615500455,0.0068643652537490624,0.18436663076752616
cross_spike,128,68,oracle,1.0462962962962965,0.0,0.0
cross_spike,128,69,projection,1.2777777777777777,0.2314814814814814,0.8333333333333333
cross_spike,128,69,empirical,1.094743382608209,0.048447086311912774,0.2389379577703696
cross_spike,128,69,oas,1.0845069863070125,0.03821069001071611,0.2178825152977601
cross_spike,128,69,spiked_known_floor,1.0538508638494821,0.007554567553185619,0.16757248695559107
cross_spike,128,69,oracle,1.0462962962962965,0.0,0.0
cross_spike,128,70,projection,1.2777777777777777,0.2314814814814814,0.8333333333333333
cross_spike,128,70,empirical,1.0969141689521658,0.05061787265586948,0.22236097702284763
cross_spike,128,70,oas,1.0840202272602346,0.03772393096393828,0.2061117607233575
cross_spike,128,70,spiked_known_floor,1.050588002804484,0.004291706508187744,0.12178262949017628
cross_spike,128,70,oracle,1.0462962962962965,0.0,0.0
cross_spike,128,71,projection,1.2777777777777777,0.2314814814814814,0.8333333333333333
cross_spike,128,71,empirical,1.1043113869845422,0.05801509068824576,0.25692418184969873
cross_spike,128,71,oas,1.0909946406785214,0.04469834438222517,0.24008967823116248
cross_spike,128,71,spiked_known_floor,1.056104489078215,0.009808192781918683,0.1809992412677718
cross_spike,128,71,oracle,1.0462962962962965,0.0,0.0
cross_spike,128,72,projection,1.2777777777777777,0.2314814814814814,0.8333333333333333
cross_spike,128,72,empirical,1.0916966332371842,0.04540033694088791,0.21477861578801108
cross_spike,128,72,oas,1.0805491980846158,0.03425290178831945,0.1972744550835177
cross_spike,128,72,spiked_known_floor,1.051275611844229,0.004979315547932609,0.13328494434892743
cross_spike,128,72,oracle,1.0462962962962965,0.0,0.0
cross_spike,128,73,projection,1.2777777777777777,0.2314814814814814,0.8333333333333333
cross_spike,128,73,empirical,1.0934732798846547,0.047176983588358444,0.3081318337435465
cross_spike,128,73,oas,1.0822399008840038,0.03594360458770739,0.3285526261438356
cross_spike,128,73,spiked_known_floor,1.061234315056745,0.014938018760448472,0.2657736549357028
cross_spike,128,73,oracle,1.0462962962962965,0.0,0.0
cross_spike,128,74,projection,1.2777777777777777,0.2314814814814814,0.8333333333333333
cross_spike,128,74,empirical,1.0993935833451958,0.05309728704889937,0.23771518182407628
cross_spike,128,74,oas,1.0875170788590927,0.04122078256279638,0.24083088186604887
cross_spike,128,74,spiked_known_floor,1.0556918008931957,0.00939550459689964,0.1740834645499444
cross_spike,128,74,oracle,1.0462962962962965,0.0,0.0
cross_spike,128,75,projection,1.2777777777777777,0.2314814814814814,0.8333333333333333
cross_spike,128,75,empirical,1.09491600449314,0.04861970819684386,0.2666622057717515
cross_spike,128,75,oas,1.0843240950490376,0.03802779875274112,0.22582604892797073
cross_spike,128,75,spiked_known_floor,1.0527446202642723,0.006448323967975885,0.1775950402939831
cross_spike,128,75,oracle,1.0462962962962965,0.0,0.0
cross_spike,128,76,projection,1.2777777777777777,0.2314814814814814,0.8333333333333333
cross_spike,128,76,empirical,1.1070574814646015,0.06076118516830515,0.2898061658177096
cross_spike,128,76,oas,1.0940203676339773,0.04772407133768083,0.30484593135239324
cross_spike,128,76,spiked_known_floor,1.0591376460893118,0.012841349793015464,0.23750741696711533
cross_spike,128,76,oracle,1.0462962962962965,0.0,0.0
cross_spike,128,77,projection,1.2777777777777777,0.2314814814814814,0.8333333333333333
cross_spike,128,77,empirical,1.1027911090890627,0.05649481279276626,0.2437917945445812
cross_spike,128,77,oas,1.088381301971073,0.04208500567477666,0.23734535048358407
cross_spike,128,77,spiked_known_floor,1.052830143677602,0.006533847381305583,0.15921637215029194
cross_spike,128,77,oracle,1.0462962962962965,0.0,0.0
cross_spike,128,78,projection,1.2777777777777777,0.2314814814814814,0.8333333333333333
cross_spike,128,78,empirical,1.111138069470374,0.0648417731740778,0.2695286582502195
cross_spike,128,78,oas,1.096886041974138,0.05058974567784145,0.24116497636359888
cross_spike,128,78,spiked_known_floor,1.0580892639920798,0.01179296769578348,0.2031274463088645
cross_spike,128,78,oracle,1.0462962962962965,0.0,0.0
cross_spike,128,79,projection,1.2777777777777777,0.2314814814814814,0.8333333333333333
cross_spike,128,79,empirical,1.0888316465211318,0.042535350224835726,0.20725498468550677
cross_spike,128,79,oas,1.0788626097695209,0.03256631347322463,0.1942811526174394
cross_spike,128,79,spiked_known_floor,1.0496408015679695,0.0033445052716732405,0.1196392231076789
cross_spike,128,79,oracle,1.0462962962962965,0.0,0.0
cross_spike,128,80,projection,1.2777777777777777,0.2314814814814814,0.8333333333333333
cross_spike,128,80,empirical,1.1003426378658143,0.05404634156951808,0.2252959796234911
cross_spike,128,80,oas,1.0860738964794883,0.03977760018319199,0.23061334608021156
cross_spike,128,80,spiked_known_floor,1.0512590027902664,0.004962706493970034,0.1448957557167038
cross_spike,128,80,oracle,1.0462962962962965,0.0,0.0
cross_spike,128,81,projection,1.2777777777777777,0.2314814814814814,0.8333333333333333
cross_spike,128,81,empirical,1.1085699646598393,0.062273668363543075,0.2569266565236739
cross_spike,128,81,oas,1.0945841176988123,0.04828782140251583,0.22589787416051155
cross_spike,128,81,spiked_known_floor,1.0536847231258635,0.007388426829567016,0.17403198604446185
cross_spike,128,81,oracle,1.0462962962962965,0.0,0.0
cross_spike,128,82,projection,1.2777777777777777,0.2314814814814814,0.8333333333333333
cross_spike,128,82,empirical,1.0970171720412811,0.050720875744984954,0.22564151668663746
cross_spike,128,82,oas,1.0839756546152486,0.037679358318952166,0.20841725876806053
cross_spike,128,82,spiked_known_floor,1.052648664210962,0.006352367914665683,0.14802732041816455
cross_spike,128,82,oracle,1.0462962962962965,0.0,0.0
cross_spike,128,83,projection,1.2777777777777777,0.2314814814814814,0.8333333333333333
cross_spike,128,83,empirical,1.0963157813105484,0.05001948501425191,0.2577890735231979
cross_spike,128,83,oas,1.0858142192676248,0.039517922971328466,0.2836870430338093
cross_spike,128,83,spiked_known_floor,1.0521538961205443,0.00585759982424787,0.21483719212721966
cross_spike,128,83,oracle,1.0462962962962965,0.0,0.0
cross_spike,128,84,projection,1.2777777777777777,0.2314814814814814,0.8333333333333333
cross_spike,128,84,empirical,1.0885721985536254,0.04227590225732903,0.30076753163876596
cross_spike,128,84,oas,1.0798987334189578,0.03360243712266141,0.24061458269566774
cross_spike,128,84,spiked_known_floor,1.0492273883745145,0.002931092078218142,0.20848592948252143
cross_spike,128,84,oracle,1.0462962962962965,0.0,0.0
cross_spike,128,85,projection,1.2777777777777777,0.2314814814814814,0.8333333333333333
cross_spike,128,85,empirical,1.1181873687707382,0.07189107247444174,0.3193090345925812
cross_spike,128,85,oas,1.0984472001994687,0.05215090390317252,0.36751574496358896
cross_spike,128,85,spiked_known_floor,1.0569138284391024,0.010617532142806016,0.29684685012421147
cross_spike,128,85,oracle,1.0462962962962965,0.0,0.0
cross_spike,128,86,projection,1.2777777777777777,0.2314814814814814,0.8333333333333333
cross_spike,128,86,empirical,1.0996883325639832,0.05339203626768699,0.2470645437784531
cross_spike,128,86,oas,1.0867556021309481,0.04045930583465179,0.2584845808637492
cross_spike,128,86,spiked_known_floor,1.0533143339669115,0.007018037670615147,0.19072256570395799
cross_spike,128,86,oracle,1.0462962962962965,0.0,0.0
cross_spike,128,87,projection,1.2777777777777777,0.2314814814814814,0.8333333333333333
cross_spike,128,87,empirical,1.101312091205753,0.055015794909456434,0.23810635141024852
cross_spike,128,87,oas,1.088734705930875,0.04243840963457867,0.2164959608110825
cross_spike,128,87,spiked_known_floor,1.0530443842223238,0.006748087926027441,0.16009143487855615
cross_spike,128,87,oracle,1.0462962962962965,0.0,0.0
cross_spike,128,88,projection,1.2777777777777777,0.2314814814814814,0.8333333333333333
cross_spike,128,88,empirical,1.0947699179214945,0.04847362162519818,0.3068374556504298
cross_spike,128,88,oas,1.0848098406628852,0.038513544366588784,0.25427640316947064
cross_spike,128,88,spiked_known_floor,1.053142780313366,0.006846484017069531,0.22470711063908455
cross_spike,128,88,oracle,1.0462962962962965,0.0,0.0
cross_spike,128,89,projection,1.2777777777777777,0.2314814814814814,0.8333333333333333
cross_spike,128,89,empirical,1.087909587754723,0.041613291458426606,0.2590777924444551
cross_spike,128,89,oas,1.0790131847343685,0.03271688843807194,0.2962397101190341
cross_spike,128,89,spiked_known_floor,1.054246748263731,0.00795045196743457,0.2255248320919512
cross_spike,128,89,oracle,1.0462962962962965,0.0,0.0
cross_spike,128,90,projection,1.2777777777777777,0.2314814814814814,0.8333333333333333
cross_spike,128,90,empirical,1.10613871501988,0.05984241872358363,0.3212587725939208
cross_spike,128,90,oas,1.0949790118464329,0.048682715550136556,0.27524920608419484
cross_spike,128,90,spiked_known_floor,1.058944614437647,0.012648318141350697,0.25184689079269207
cross_spike,128,90,oracle,1.0462962962962965,0.0,0.0
cross_spike,128,91,projection,1.2777777777777777,0.2314814814814814,0.8333333333333333
cross_spike,128,91,empirical,1.0975971138217422,0.05130081752544573,0.25249515987847393
cross_spike,128,91,oas,1.0864015756281336,0.04010527933183726,0.23048749108054592
cross_spike,128,91,spiked_known_floor,1.0525089943124668,0.006212698016170503,0.17267728306243793
cross_spike,128,91,oracle,1.0462962962962965,0.0,0.0
cross_spike,128,92,projection,1.2777777777777777,0.2314814814814814,0.8333333333333333
cross_spike,128,92,empirical,1.0886055784919795,0.04230928219568317,0.22489308141140152
cross_spike,128,92,oas,1.0781536767368527,0.0318573804405564,0.2471346368060995
cross_spike,128,92,spiked_known_floor,1.0519794905153463,0.005683194219050055,0.1742025327645988
cross_spike,128,92,oracle,1.0462962962962965,0.0,0.0
cross_spike,128,93,projection,1.2777777777777777,0.2314814814814814,0.8333333333333333
cross_spike,128,93,empirical,1.09734897575917,0.051052679462873646,0.22502969779520435
cross_spike,128,93,oas,1.0847134059647923,0.03841710966849584,0.24070624704940116
cross_spike,128,93,spiked_known_floor,1.0513125882729857,0.005016291976689157,0.16458921317675518
cross_spike,128,93,oracle,1.0462962962962965,0.0,0.0
cross_spike,128,94,projection,1.2777777777777777,0.2314814814814814,0.8333333333333333
cross_spike,128,94,empirical,1.098258802382458,0.05196250608616174,0.29628604341641657
cross_spike,128,94,oas,1.0834196481440452,0.03712335184774881,0.34234549526906044
cross_spike,128,94,spiked_known_floor,1.0537867289104068,0.007490432614110434,0.2540940343767502
cross_spike,128,94,oracle,1.0462962962962965,0.0,0.0
cross_spike,128,95,projection,1.2777777777777777,0.2314814814814814,0.8333333333333333
cross_spike,128,95,empirical,1.0932914261958724,0.04699512989957597,0.2502727716686462
cross_spike,128,95,oas,1.0832731694451923,0.03697687314889594,0.2174130205274757
cross_spike,128,95,spiked_known_floor,1.0539698058607447,0.007673509564448335,0.1797046318915945
cross_spike,128,95,oracle,1.0462962962962965,0.0,0.0
cross_spike,128,96,projection,1.2777777777777777,0.2314814814814814,0.8333333333333333
cross_spike,128,96,empirical,1.09966721597103,0.05337091967473357,0.2814980913685172
cross_spike,128,96,oas,1.0836074761381869,0.037311179841890564,0.3196949612314196
cross_spike,128,96,spiked_known_floor,1.0534892798645332,0.007192983568236682,0.2454271004972289
cross_spike,128,96,oracle,1.0462962962962965,0.0,0.0
cross_spike,128,97,projection,1.2777777777777777,0.2314814814814814,0.8333333333333333
cross_spike,128,97,empirical,1.1001873237301443,0.05389102743384801,0.25848847707212624
cross_spike,128,97,oas,1.0881325021188077,0.04183620582251135,0.26575336851706927
cross_spike,128,97,spiked_known_floor,1.0571672031856159,0.010870906889319402,0.1961865068613471
cross_spike,128,97,oracle,1.0462962962962965,0.0,0.0
cross_spike,128,98,projection,1.2777777777777777,0.2314814814814814,0.8333333333333333
cross_spike,128,98,empirical,1.0876345120748452,0.0413382157785488,0.24819674748118772
cross_spike,128,98,oas,1.0791972176729925,0.032900921376696174,0.2355446330331826
cross_spike,128,98,spiked_known_floor,1.0539329541983926,0.007636657902096395,0.16524366593955586
cross_spike,128,98,oracle,1.0462962962962965,0.0,0.0
cross_spike,128,99,projection,1.2777777777777777,0.2314814814814814,0.8333333333333333
cross_spike,128,99,empirical,1.083258057797535,0.03696176150123873,0.2369856211063499
cross_spike,128,99,oas,1.0755662621700386,0.029269965873742396,0.21466685068593938
cross_spike,128,99,spiked_known_floor,1.0519765528105864,0.005680256514290058,0.15365679440133695
cross_spike,128,99,oracle,1.0462962962962965,0.0,0.0
cross_spike,128,100,projection,1.2777777777777777,0.2314814814814814,0.8333333333333333
cross_spike,128,100,empirical,1.0969288914413424,0.050632595145046165,0.2461523397523597
cross_spike,128,100,oas,1.0838044659739152,0.03750816967761907,0.2640179876019345
cross_spike,128,100,spiked_known_floor,1.0530389396617772,0.006742643365480727,0.18684794024346477
cross_spike,128,100,oracle,1.0462962962962965,0.0,0.0
cross_spike,128,101,projection,1.2777777777777777,0.2314814814814814,0.8333333333333333
cross_spike,128,101,empirical,1.1033162927547007,0.05701999645840429,0.2486949154045167
cross_spike,128,101,oas,1.0896917851175028,0.04339548882120638,0.2310372674319299
cross_spike,128,101,spiked_known_floor,1.0549659186906415,0.00866962239434518,0.1687798061048075
cross_spike,128,101,oracle,1.0462962962962965,0.0,0.0
cross_spike,128,102,projection,1.2777777777777777,0.2314814814814814,0.8333333333333333
cross_spike,128,102,empirical,1.098000828555799,0.05170453225950265,0.2616746646986226
cross_spike,128,102,oas,1.08719630216605,0.0409000058697536,0.2309974950313812
cross_spike,128,102,spiked_known_floor,1.0542453655493977,0.007949069253101317,0.1756330674540053
cross_spike,128,102,oracle,1.0462962962962965,0.0,0.0
cross_spike,128,103,projection,1.2777777777777777,0.2314814814814814,0.8333333333333333
cross_spike,128,103,empirical,1.1001636322540347,0.05386733595773826,0.2711451389515527
cross_spike,128,103,oas,1.0877044777819664,0.04140818148567008,0.2814816705766056
cross_spike,128,103,spiked_known_floor,1.0579019393473323,0.011605643051035917,0.21861073418317678
cross_spike,128,103,oracle,1.0462962962962965,0.0,0.0
cross_spike,128,104,projection,1.2777777777777777,0.2314814814814814,0.8333333333333333
cross_spike,128,104,empirical,1.1002493716820743,0.053953075385777774,0.24187980915707588
cross_spike,128,104,oas,1.0863818675610726,0.04008557126477628,0.2529199496090307
cross_spike,128,104,spiked_known_floor,1.054314216159482,0.008017919863185785,0.18147949944200417
cross_spike,128,104,oracle,1.0462962962962965,0.0,0.0
cross_spike,128,105,projection,1.2777777777777777,0.2314814814814814,0.8333333333333333
cross_spike,128,105,empirical,1.0927821821378183,0.04648588584152191,0.2503001358174933
cross_spike,128,105,oas,1.0821399713043924,0.0358436750080961,0.20774124636682995
cross_spike,128,105,spiked_known_floor,1.0513782371432159,0.00508194084691962,0.17501213288859246
cross_spike,128,105,oracle,1.0462962962962965,0.0,0.0
cross_spike,128,106,projection,1.2777777777777777,0.2314814814814814,0.8333333333333333
cross_spike,128,106,empirical,1.1032637024789247,0.056967406182628334,0.2703721613372803
cross_spike,128,106,oas,1.0903880453248502,0.044091749028553895,0.2196424024917403
cross_spike,128,106,spiked_known_floor,1.0500721927536527,0.003775896457356469,0.17753104760465735
cross_spike,128,106,oracle,1.0462962962962965,0.0,0.0
cross_spike,128,107,projection,1.2777777777777777,0.2314814814814814,0.8333333333333333
cross_spike,128,107,empirical,1.099895283344217,0.05359898704792079,0.24511452448185433
cross_spike,128,107,oas,1.0884755883446982,0.042179292048401755,0.24863811048358497
cross_spike,128,107,spiked_known_floor,1.0564957988998818,0.01019950260358541,0.18619247284755025
cross_spike,128,107,oracle,1.0462962962962965,0.0,0.0
cross_spike,128,108,projection,1.2777777777777777,0.2314814814814814,0.8333333333333333
cross_spike,128,108,empirical,1.1021228664000444,0.05582657010374806,0.2572623001461088
cross_spike,128,108,oas,1.0882497388423464,0.04195344254605002,0.27414701592224827
cross_spike,128,108,spiked_known_floor,1.055455419943184,0.009159123646887707,0.19350155987513723
cross_spike,128,108,oracle,1.0462962962962965,0.0,0.0
cross_spike,128,109,projection,1.2777777777777777,0.2314814814814814,0.8333333333333333
cross_spike,128,109,empirical,1.0997285840958537,0.05343228779955733,0.20449556550371034
cross_spike,128,109,oas,1.0863710515323641,0.04007475523606768,0.17860943348132632
cross_spike,128,109,spiked_known_floor,1.0504104205106108,0.004114124214314407,0.11368667305846687
cross_spike,128,109,oracle,1.0462962962962965,0.0,0.0
cross_spike,128,110,projection,1.2777777777777777,0.2314814814814814,0.8333333333333333
cross_spike,128,110,empirical,1.0965761039399284,0.05027980764363205,0.23259936113459034
cross_spike,128,110,oas,1.0832409515289423,0.03694465523264604,0.24192453422818738
cross_spike,128,110,spiked_known_floor,1.0541265640236146,0.007830267727318428,0.16668950731090476
cross_spike,128,110,oracle,1.0462962962962965,0.0,0.0
cross_spike,128,111,projection,1.2777777777777777,0.2314814814814814,0.8333333333333333
cross_spike,128,111,empirical,1.1006553658938263,0.0543590695975302,0.2217186940291962
cross_spike,128,111,oas,1.0885029175752026,0.042206621278906065,0.22423432292818068
cross_spike,128,111,spiked_known_floor,1.0514278267823218,0.005131530486025344,0.1424872045258304
cross_spike,128,111,oracle,1.0462962962962965,0.0,0.0
cross_spike,128,112,projection,1.2777777777777777,0.2314814814814814,0.8333333333333333
cross_spike,128,112,empirical,1.0950933749745015,0.048797078678205236,0.24704527934768886
cross_spike,128,112,oas,1.0862868847131353,0.03999058841683907,0.24874163637528376
cross_spike,128,112,spiked_known_floor,1.0562024156247265,0.009906119328430128,0.18409645842519146
cross_spike,128,112,oracle,1.0462962962962965,0.0,0.0
cross_spike,128,113,projection,1.2777777777777777,0.2314814814814814,0.8333333333333333
cross_spike,128,113,empirical,1.0894468509214599,0.04315055462516363,0.22951140004477488
cross_spike,128,113,oas,1.0781634711741601,0.03186717487786383,0.22843377794347342
cross_spike,128,113,spiked_known_floor,1.0504861173294162,0.004189821033119993,0.14159982804477872
cross_spike,128,113,oracle,1.0462962962962965,0.0,0.0
cross_spike,128,114,projection,1.2777777777777777,0.2314814814814814,0.8333333333333333
cross_spike,128,114,empirical,1.1038556587047377,0.057559362408441235,0.2330128554994182
cross_spike,128,114,oas,1.090229890178414,0.04393359388211763,0.22801452362591548
cross_spike,128,114,spiked_known_floor,1.054881084083633,0.008584787787336467,0.17124854821957014
cross_spike,128,114,oracle,1.0462962962962965,0.0,0.0
cross_spike,128,115,projection,1.2777777777777777,0.2314814814814814,0.8333333333333333
cross_spike,128,115,empirical,1.0993739072293727,0.05307761093307621,0.2554604670546004
cross_spike,128,115,oas,1.088732242218909,0.042435945922612524,0.22082119650309104
cross_spike,128,115,spiked_known_floor,1.0535601752814687,0.0072638789851724745,0.17302239312783912
cross_spike,128,115,oracle,1.0462962962962965,0.0,0.0
cross_spike,128,116,projection,1.2777777777777777,0.2314814814814814,0.8333333333333333
cross_spike,128,116,empirical,1.099464169329183,0.05316787303288659,0.26834680570498254
cross_spike,128,116,oas,1.0885951782614822,0.042298881965185844,0.23577546092174761
cross_spike,128,116,spiked_known_floor,1.055715513693987,0.009419217397690706,0.185686533489751
cross_spike,128,116,oracle,1.0462962962962965,0.0,0.0
cross_spike,128,117,projection,1.2777777777777777,0.2314814814814814,0.8333333333333333
cross_spike,128,117,empirical,1.0898809924529975,0.04358469615670127,0.2535690710010203
cross_spike,128,117,oas,1.0811061511155116,0.03480985481921525,0.25726274443377833
cross_spike,128,117,spiked_known_floor,1.0567615881037775,0.010465291807481196,0.18362725444293299
cross_spike,128,117,oracle,1.0462962962962965,0.0,0.0
cross_spike,128,118,projection,1.2777777777777777,0.2314814814814814,0.8333333333333333
cross_spike,128,118,empirical,1.0902686765382026,0.043972380241906375,0.2677111069944817
cross_spike,128,118,oas,1.0798989068574214,0.03360261056112496,0.22398538250799307
cross_spike,128,118,spiked_known_floor,1.051877467134772,0.005581170838475754,0.17198334323436298
cross_spike,128,118,oracle,1.0462962962962965,0.0,0.0
cross_spike,128,119,projection,1.2777777777777777,0.2314814814814814,0.8333333333333333
cross_spike,128,119,empirical,1.0896289182465786,0.0433326219502824,0.38499723401328245
cross_spike,128,119,oas,1.0820831640188686,0.03578686772257238,0.32339454209462415
cross_spike,128,119,spiked_known_floor,1.055172286840532,0.008875990544235782,0.3214557131014745
cross_spike,128,119,oracle,1.0462962962962965,0.0,0.0
cross_spike,128,120,projection,1.2777777777777777,0.2314814814814814,0.8333333333333333
cross_spike,128,120,empirical,1.1141699495390993,0.06787365324280312,0.24431501176898043
cross_spike,128,120,oas,1.096619692855147,0.050323396558850556,0.24648853110672986
cross_spike,128,120,spiked_known_floor,1.053597578260768,0.007301281964471874,0.16836924891039717
cross_spike,128,120,oracle,1.0462962962962965,0.0,0.0
cross_spike,128,121,projection,1.2777777777777777,0.2314814814814814,0.8333333333333333
cross_spike,128,121,empirical,1.1089794267649014,0.0626831304686052,0.268178490168681
cross_spike,128,121,oas,1.095109319587082,0.04881302329078545,0.2654374419374023
cross_spike,128,121,spiked_known_floor,1.0576084764301539,0.0113121801338575,0.20452423475488923
cross_spike,128,121,oracle,1.0462962962962965,0.0,0.0
cross_spike,128,122,projection,1.2777777777777777,0.2314814814814814,0.8333333333333333
cross_spike,128,122,empirical,1.1070595885945524,0.06076329229825602,0.2479795262674651
cross_spike,128,122,oas,1.092386897409933,0.04609060111363684,0.229389152082467
cross_spike,128,122,spiked_known_floor,1.0536939967309977,0.00739770043470133,0.1644921214604099
cross_spike,128,122,oracle,1.0462962962962965,0.0,0.0
cross_spike,128,123,projection,1.2777777777777777,0.2314814814814814,0.8333333333333333
cross_spike,128,123,empirical,1.0977035606720673,0.051407264375771,0.31424569297005117
cross_spike,128,123,oas,1.0869210938279794,0.040624797531683216,0.2613393263493084
cross_spike,128,123,spiked_known_floor,1.053925597147404,0.007629300851107727,0.24073597318033427
cross_spike,128,123,oracle,1.0462962962962965,0.0,0.0
cross_spike,128,124,projection,1.2777777777777777,0.2314814814814814,0.8333333333333333
cross_spike,128,124,empirical,1.107461293674631,0.061164997378335015,0.2636789996981715
cross_spike,128,124,oas,1.094161536396202,0.047865240099905525,0.235127675034403
cross_spike,128,124,spiked_known_floor,1.054841816340632,0.008545520044335711,0.17697653678095215
cross_spike,128,124,oracle,1.0462962962962965,0.0,0.0
cross_spike,128,125,projection,1.2777777777777777,0.2314814814814814,0.8333333333333333
cross_spike,128,125,empirical,1.1056629978230987,0.05936670152680246,0.28954438828051293
cross_spike,128,125,oas,1.0944380864028385,0.04814179010654214,0.24623432268725576
cross_spike,128,125,spiked_known_floor,1.055928794312667,0.009632498016370693,0.21575062489581592
cross_spike,128,125,oracle,1.0462962962962965,0.0,0.0
cross_spike,128,126,projection,1.2777777777777777,0.2314814814814814,0.8333333333333333
cross_spike,128,126,empirical,1.0993071530302903,0.05301085673399388,0.24450947690747296
cross_spike,128,126,oas,1.0876203887603637,0.041324092464067416,0.22107199781689646
cross_spike,128,126,spiked_known_floor,1.0516849129807595,0.005388616684463063,0.1481996286852064
cross_spike,128,126,oracle,1.0462962962962965,0.0,0.0
cross_spike,128,127,projection,1.2777777777777777,0.2314814814814814,0.8333333333333333
cross_spike,128,127,empirical,1.0902501414108763,0.04395384511458006,0.23636956595455746
cross_spike,128,127,oas,1.07998596475261,0.03368966845631366,0.20584229929127942
cross_spike,128,127,spiked_known_floor,1.0522530481998278,0.005956751903531541,0.14946218737252542
cross_spike,128,127,oracle,1.0462962962962965,0.0,0.0
cross_spike,128,128,projection,1.2777777777777777,0.2314814814814814,0.8333333333333333
cross_spike,128,128,empirical,1.115522293980599,0.06922599768430261,0.3594778489246254
cross_spike,128,128,oas,1.0954149367486747,0.04911864045237856,0.40304805148846556
cross_spike,128,128,spiked_known_floor,1.0625296283540553,0.016233332057758912,0.33365651450929257
cross_spike,128,128,oracle,1.0462962962962965,0.0,0.0
cross_spike,128,129,projection,1.2777777777777777,0.2314814814814814,0.8333333333333333
cross_spike,128,129,empirical,1.092005355220277,0.04570905892398074,0.22437134124682814
cross_spike,128,129,oas,1.0816549886739075,0.035358692377611176,0.21580521932140745
cross_spike,128,129,spiked_known_floor,1.0532868285816828,0.006990532285386421,0.1445211033025861
cross_spike,128,129,oracle,1.0462962962962965,0.0,0.0
cross_spike,128,130,projection,1.2777777777777777,0.2314814814814814,0.8333333333333333
cross_spike,128,130,empirical,1.095884986440954,0.04958869014465759,0.2746419913062765
cross_spike,128,130,oas,1.0831866991607917,0.036890402864495325,0.28735133258526063
cross_spike,128,130,spiked_known_floor,1.0585452285118895,0.01224893221559296,0.22107438292345558
cross_spike,128,130,oracle,1.0462962962962965,0.0,0.0
cross_spike,128,131,projection,1.2777777777777777,0.2314814814814814,0.8333333333333333
cross_spike,128,131,empirical,1.099084863653755,0.05278856735745847,0.23805709912019987
cross_spike,128,131,oas,1.0873057379973563,0.04100944170105999,0.23425161490997112
cross_spike,128,131,spiked_known_floor,1.0533136121804685,0.007017315884172069,0.15369330664472947
cross_spike,128,131,oracle,1.0462962962962965,0.0,0.0
cross_spike,128,132,projection,1.2777777777777777,0.2314814814814814,0.8333333333333333
cross_spike,128,132,empirical,1.0910104122385897,0.0447141159422933,0.2507973494800743
cross_spike,128,132,oas,1.0799472625216628,0.03365096622536635,0.26131800423324836
cross_spike,128,132,spiked_known_floor,1.055658576444384,0.009362280148087732,0.1962345673633224
cross_spike,128,132,oracle,1.0462962962962965,0.0,0.0
cross_spike,128,133,projection,1.2777777777777777,0.2314814814814814,0.8333333333333333
cross_spike,128,133,empirical,1.0995941972330172,0.053297900936720835,0.25085515856765106
cross_spike,128,133,oas,1.085539280595451,0.03924298429915453,0.2719034662617933
cross_spike,128,133,spiked_known_floor,1.0544701869362698,0.00817389063997343,0.19863629593709214
cross_spike,128,133,oracle,1.0462962962962965,0.0,0.0
cross_spike,128,134,projection,1.2777777777777777,0.2314814814814814,0.8333333333333333
cross_spike,128,134,empirical,1.0898179571750777,0.04352166087878123,0.23581225998901298
cross_spike,128,134,oas,1.080323220572853,0.03402692427655665,0.23399765390509344
cross_spike,128,134,spiked_known_floor,1.0514478679984494,0.005151571702152964,0.17451679458130714
cross_spike,128,134,oracle,1.0462962962962965,0.0,0.0
cross_spike,128,135,projection,1.2777777777777777,0.2314814814814814,0.8333333333333333
cross_spike,128,135,empirical,1.107683765887567,0.06138746959127057,0.2501935189044596
cross_spike,128,135,oas,1.0943184948324172,0.048022198536120726,0.24081965068257102
cross_spike,128,135,spiked_known_floor,1.0535344443177017,0.0072381480214051335,0.16704550772514062
cross_spike,128,135,oracle,1.0462962962962965,0.0,0.0
cross_spike,128,136,projection,1.2777777777777777,0.2314814814814814,0.8333333333333333
cross_spike,128,136,empirical,1.111789966404948,0.06549367010865174,0.2517855931186134
cross_spike,128,136,oas,1.0965331510952883,0.0502368547989918,0.24385936343544387
cross_spike,128,136,spiked_known_floor,1.0537226259574064,0.007426329661110146,0.16866724657988344
cross_spike,128,136,oracle,1.0462962962962965,0.0,0.0
cross_spike,128,137,projection,1.2777777777777777,0.2314814814814814,0.8333333333333333
cross_spike,128,137,empirical,1.1043611025339286,0.05806480623763229,0.24201387545440334
cross_spike,128,137,oas,1.0892631709970257,0.04296687470072938,0.24565562409774525
cross_spike,128,137,spiked_known_floor,1.0548333509980274,0.008537054701731125,0.17399497455787175
cross_spike,128,137,oracle,1.0462962962962965,0.0,0.0
cross_spike,128,138,projection,1.2777777777777777,0.2314814814814814,0.8333333333333333
cross_spike,128,138,empirical,1.0975834571517686,0.0512871608554723,0.2582396426950399
cross_spike,128,138,oas,1.0865019371018871,0.04020564080559085,0.2343677544562647
cross_spike,128,138,spiked_known_floor,1.0537619533474636,0.007465657051167122,0.17219943498847112
cross_spike,128,138,oracle,1.0462962962962965,0.0,0.0
cross_spike,128,139,projection,1.2777777777777777,0.2314814814814814,0.8333333333333333
cross_spike,128,139,empirical,1.1134466393193903,0.06715034302309372,0.3247889530608231
cross_spike,128,139,oas,1.0995821921758913,0.05328589587959484,0.27047044801720543
cross_spike,128,139,spiked_known_floor,1.0550535062978899,0.008757210001593454,0.24732066023394947
cross_spike,128,139,oracle,1.0462962962962965,0.0,0.0
cross_spike,128,140,projection,1.2777777777777777,0.2314814814814814,0.8333333333333333
cross_spike,128,140,empirical,1.1052906698888576,0.05899437359256124,0.2540290538049878
cross_spike,128,140,oas,1.0891662212525124,0.042869924956216054,0.2722081436455066
cross_spike,128,140,spiked_known_floor,1.053545252105453,0.007248955809156533,0.1977055817913596
cross_spike,128,140,oracle,1.0462962962962965,0.0,0.0
cross_spike,128,141,projection,1.2777777777777777,0.2314814814814814,0.8333333333333333
cross_spike,128,141,empirical,1.0965993751517318,0.05030307885543553,0.2720925657111734
cross_spike,128,141,oas,1.0843594378559414,0.03806314155964488,0.30784556573855104
cross_spike,128,141,spiked_known_floor,1.0561497222012772,0.00985342590498088,0.23848582121239736
cross_spike,128,141,oracle,1.0462962962962965,0.0,0.0
cross_spike,128,142,projection,1.2777777777777777,0.2314814814814814,0.8333333333333333
cross_spike,128,142,empirical,1.1058477852892041,0.05955148899290773,0.24710409182820667
cross_spike,128,142,oas,1.0921956008652378,0.04589930456894163,0.22939973460994087
cross_spike,128,142,spiked_known_floor,1.0535683553922466,0.007272059095950415,0.16278086367268985
cross_spike,128,142,oracle,1.0462962962962965,0.0,0.0
cross_spike,128,143,projection,1.2777777777777777,0.2314814814814814,0.8333333333333333
cross_spike,128,143,empirical,1.0892926706836832,0.04299637438738694,0.23799925607098218
cross_spike,128,143,oas,1.0784256135253787,0.03212931722908252,0.23396691820919743
cross_spike,128,143,spiked_known_floor,1.0513423483854356,0.005046052089139338,0.15415466433717634
cross_spike,128,143,oracle,1.0462962962962965,0.0,0.0
cross_spike,128,144,projection,1.2777777777777777,0.2314814814814814,0.8333333333333333
cross_spike,128,144,empirical,1.0866613462500903,0.040365049953793745,0.2810768705195955
cross_spike,128,144,oas,1.078393914158429,0.03209761786213259,0.23445712871353094
cross_spike,128,144,spiked_known_floor,1.051458966478096,0.005162670181799637,0.19356925234398425
cross_spike,128,144,oracle,1.0462962962962965,0.0,0.0
cross_spike,128,145,projection,1.2777777777777777,0.2314814814814814,0.8333333333333333
cross_spike,128,145,empirical,1.080745517330358,0.03444922103406158,0.2443879217722139
cross_spike,128,145,oas,1.0745117796872887,0.02821548339099228,0.2250675564755563
cross_spike,128,145,spiked_known_floor,1.053291871065098,0.006995574768801448,0.16291818058953486
cross_spike,128,145,oracle,1.0462962962962965,0.0,0.0
cross_spike,128,146,projection,1.2777777777777777,0.2314814814814814,0.8333333333333333
cross_spike,128,146,empirical,1.091787363947944,0.04549106765164768,0.3257387701977073
cross_spike,128,146,oas,1.082744793637669,0.03644849734137275,0.2656019536890357
cross_spike,128,146,spiked_known_floor,1.050269488254565,0.003973191958268627,0.25116935622892017
cross_spike,128,146,oracle,1.0462962962962965,0.0,0.0
cross_spike,128,147,projection,1.2777777777777777,0.2314814814814814,0.8333333333333333
cross_spike,128,147,empirical,1.1011491556865913,0.05485285939029507,0.2336919532261609
cross_spike,128,147,oas,1.089223494429255,0.04292719813295856,0.20646312688189564
cross_spike,128,147,spiked_known_floor,1.052196704622765,0.005900408326468871,0.14810010504021362
cross_spike,128,147,oracle,1.0462962962962965,0.0,0.0
cross_spike,128,148,projection,1.2777777777777777,0.2314814814814814,0.8333333333333333
cross_spike,128,148,empirical,1.0867798587430988,0.040483562446802485,0.24211099158717964
cross_spike,128,148,oas,1.0782992081958942,0.03200291189959774,0.22435568767482983
cross_spike,128,148,spiked_known_floor,1.0553605551633323,0.009064258867035983,0.1696140122979597
cross_spike,128,148,oracle,1.0462962962962965,0.0,0.0
cross_spike,128,149,projection,1.2777777777777777,0.2314814814814814,0.8333333333333333
cross_spike,128,149,empirical,1.0966980540217877,0.05040175772549141,0.2694795040566877
cross_spike,128,149,oas,1.0846137759136156,0.03831747961731924,0.30241310176150804
cross_spike,128,149,spiked_known_floor,1.0552776692384276,0.008981372942131235,0.2266595543914568
cross_spike,128,149,oracle,1.0462962962962965,0.0,0.0
cross_spike,128,150,projection,1.2777777777777777,0.2314814814814814,0.8333333333333333
cross_spike,128,150,empirical,1.1007059989196404,0.0544097026233441,0.28364426106917756
cross_spike,128,150,oas,1.0899534100111063,0.04365711371481013,0.23605561330211322
cross_spike,128,150,spiked_known_floor,1.0528417635403204,0.006545467244023929,0.2005105251783591
cross_spike,128,150,oracle,1.0462962962962965,0.0,0.0
cross_spike,128,151,projection,1.2777777777777777,0.2314814814814814,0.8333333333333333
cross_spike,128,151,empirical,1.0840805964611249,0.03778430016482842,0.2609483688607643
cross_spike,128,151,oas,1.0762605887901138,0.02996429249381738,0.2188607719853756
cross_spike,128,151,spiked_known_floor,1.0512034033817468,0.004907107085450394,0.17148586978804037
cross_spike,128,151,oracle,1.0462962962962965,0.0,0.0
cross_spike,128,152,projection,1.2777777777777777,0.2314814814814814,0.8333333333333333
cross_spike,128,152,empirical,1.1086968048175418,0.062400508521245505,0.2036911424337633
cross_spike,128,152,oas,1.091182001021486,0.04488570472518976,0.21245436361465414
cross_spike,128,152,spiked_known_floor,1.0503842022437562,0.004087905947459905,0.12152342337794568
cross_spike,128,152,oracle,1.0462962962962965,0.0,0.0
cross_spike,128,153,projection,1.2777777777777777,0.2314814814814814,0.8333333333333333
cross_spike,128,153,empirical,1.0903705531329624,0.044074256836666124,0.2600075596513349
cross_spike,128,153,oas,1.0817648352864806,0.03546853899018428,0.21605082147744195
cross_spike,128,153,spiked_known_floor,1.0525025251214346,0.0062062288251382,0.17479540920364206
cross_spike,128,153,oracle,1.0462962962962965,0.0,0.0
cross_spike,128,154,projection,1.2777777777777777,0.2314814814814814,0.8333333333333333
cross_spike,128,154,empirical,1.104661592154747,0.05836529585845052,0.3797630203247307
cross_spike,128,154,oas,1.0915789983079034,0.04528270201160709,0.3147169887022089
cross_spike,128,154,spiked_known_floor,1.054546145599509,0.008249849303212896,0.3071416363396991
cross_spike,128,154,oracle,1.0462962962962965,0.0,0.0
cross_spike,128,155,projection,1.2777777777777777,0.2314814814814814,0.8333333333333333
cross_spike,128,155,empirical,1.1162052498303832,0.06990895353408678,0.26532824386293224
cross_spike,128,155,oas,1.100912187532888,0.05461589123659158,0.28895045188886637
cross_spike,128,155,spiked_known_floor,1.0546491054364087,0.008352809140112294,0.20626442504966952
cross_spike,128,155,oracle,1.0462962962962965,0.0,0.0
cross_spike,128,156,projection,1.2777777777777777,0.2314814814814814,0.8333333333333333
cross_spike,128,156,empirical,1.0878174474354316,0.041521151139135334,0.2594248929223903
cross_spike,128,156,oas,1.0779631987955085,0.03166690249921213,0.2171809654200822
cross_spike,128,156,spiked_known_floor,1.0498357948052495,0.0035394985089531286,0.16081938774500426
cross_spike,128,156,oracle,1.0462962962962965,0.0,0.0
cross_spike,128,157,projection,1.2777777777777777,0.2314814814814814,0.8333333333333333
cross_spike,128,157,empirical,1.082397017933778,0.03610072163748178,0.24827537854525528
cross_spike,128,157,oas,1.0734921178439067,0.027195821547610462,0.2806974276489152
cross_spike,128,157,spiked_known_floor,1.0535480263326278,0.007251730036331616,0.21506543876328646
cross_spike,128,157,oracle,1.0462962962962965,0.0,0.0
cross_spike,128,158,projection,1.2777777777777777,0.2314814814814814,0.8333333333333333
cross_spike,128,158,empirical,1.09669503652941,0.05039874023311332,0.26785745090947777
cross_spike,128,158,oas,1.0855843344900578,0.03928803819376134,0.24836486152945406
cross_spike,128,158,spiked_known_floor,1.0548438957505049,0.008547599454208356,0.1900494902534348
cross_spike,128,158,oracle,1.0462962962962965,0.0,0.0
cross_spike,128,159,projection,1.2777777777777777,0.2314814814814814,0.8333333333333333
cross_spike,128,159,empirical,1.0888629298367805,0.042566633540484206,0.2378488867784956
cross_spike,128,159,oas,1.0789398513362478,0.0326435550399516,0.24787892764254715
cross_spike,128,159,spiked_known_floor,1.051933658063026,0.005637361766729809,0.17498877349083058
cross_spike,128,159,oracle,1.0462962962962965,0.0,0.0
cross_spike,128,160,projection,1.2777777777777777,0.2314814814814814,0.8333333333333333
cross_spike,128,160,empirical,1.0959688637076885,0.04967256741139245,0.22414300600522055
cross_spike,128,160,oas,1.0844757201396131,0.038179423843316754,0.20608052044618258
cross_spike,128,160,spiked_known_floor,1.05220458446846,0.005908288172163822,0.13837970404368852
cross_spike,128,160,oracle,1.0462962962962965,0.0,0.0
cross_spike,128,161,projection,1.2777777777777777,0.2314814814814814,0.8333333333333333
cross_spike,128,161,empirical,1.1031901834543507,0.05689388715805418,0.24609656902631372
cross_spike,128,161,oas,1.0883234062158291,0.04202710991953292,0.2455627583411143
cross_spike,128,161,spiked_known_floor,1.053614317098652,0.00731802080235586,0.17302765095668596
cross_spike,128,161,oracle,1.0462962962962965,0.0,0.0
cross_spike,128,162,projection,1.2777777777777777,0.2314814814814814,0.8333333333333333
cross_spike,128,162,empirical,1.09308266327599,0.046786366979693655,0.25303364320669774
cross_spike,128,162,oas,1.080004636537443,0.03370834024114658,0.28990461824795516
cross_spike,128,162,spiked_known_floor,1.0531580327640595,0.00686173646776325,0.21825916689784156
cross_spike,128,162,oracle,1.0462962962962965,0.0,0.0
cross_spike,128,163,projection,1.2777777777777777,0.2314814814814814,0.8333333333333333
cross_spike,128,163,empirical,1.102159933793064,0.05586363749676779,0.24604024105256483
cross_spike,128,163,oas,1.0887088806237704,0.04241258432747394,0.230014214355957
cross_spike,128,163,spiked_known_floor,1.0528022312341856,0.006505934937889223,0.14815266195082372
cross_spike,128,163,oracle,1.0462962962962965,0.0,0.0
cross_spike,128,164,projection,1.2777777777777777,0.2314814814814814,0.8333333333333333
cross_spike,128,164,empirical,1.096599538547218,0.05030324225092188,0.29245615512301765
cross_spike,128,164,oas,1.087074124546484,0.04077782825018781,0.24591787872586082
cross_spike,128,164,spiked_known_floor,1.0546556706651478,0.008359374368851284,0.21363994991684737
cross_spike,128,164,oracle,1.0462962962962965,0.0,0.0
cross_spike,128,165,projection,1.2777777777777777,0.2314814814814814,0.8333333333333333
cross_spike,128,165,empirical,1.1081667745095645,0.06187047821326811,0.30325664671277264
cross_spike,128,165,oas,1.0934131852507167,0.047116888954420254,0.3397448230054046
cross_spike,128,165,spiked_known_floor,1.0600665544927643,0.013770258196468009,0.26910895055007505
cross_spike,128,165,oracle,1.0462962962962965,0.0,0.0
cross_spike,128,166,projection,1.2777777777777777,0.2314814814814814,0.8333333333333333
cross_spike,128,166,empirical,1.0920984305076396,0.045802134211343284,0.24221509435895802
cross_spike,128,166,oas,1.0823317032340483,0.03603540693775188,0.21589577750309646
cross_spike,128,166,spiked_known_floor,1.0534872972330922,0.007191000936795888,0.1603437599935881
cross_spike,128,166,oracle,1.0462962962962965,0.0,0.0
cross_spike,128,167,projection,1.2777777777777777,0.2314814814814814,0.8333333333333333
cross_spike,128,167,empirical,1.0898531532313296,0.04355685693503331,0.2396527262013439
cross_spike,128,167,oas,1.0799041313231603,0.033607835026864236,0.21640717495198772
cross_spike,128,167,spiked_known_floor,1.0523192980699927,0.006023001773696341,0.16011063215990465
cross_spike,128,167,oracle,1.0462962962962965,0.0,0.0
cross_spike,128,168,projection,1.2777777777777777,0.2314814814814814,0.8333333333333333
cross_spike,128,168,empirical,1.0964007993702025,0.05010450307390625,0.24142074004466518
cross_spike,128,168,oas,1.0853425129728491,0.039046216676552684,0.21115454589690444
cross_spike,128,168,spiked_known_floor,1.0527490657260357,0.006452769429739361,0.15599097956606253
cross_spike,128,168,oracle,1.0462962962962965,0.0,0.0
cross_spike,128,169,projection,1.2777777777777777,0.2314814814814814,0.8333333333333333
cross_spike,128,169,empirical,1.1056433027940413,0.05934700649774492,0.25388566978945776
cross_spike,128,169,oas,1.0911948830112166,0.04489858671492017,0.21585008486378768
cross_spike,128,169,spiked_known_floor,1.0518914497065426,0.005595153410246097,0.17017186077172608
cross_spike,128,169,oracle,1.0462962962962965,0.0,0.0
cross_spike,128,170,projection,1.2777777777777777,0.2314814814814814,0.8333333333333333
cross_spike,128,170,empirical,1.081468533496875,0.03517223720057869,0.2731231315502006
cross_spike,128,170,oas,1.0752291657636508,0.028932869467354502,0.2199085099199569
cross_spike,128,170,spiked_known_floor,1.0514418656396094,0.005145569343313065,0.19352095007838657
cross_spike,128,170,oracle,1.0462962962962965,0.0,0.0
cross_spike,128,171,projection,1.2777777777777777,0.2314814814814814,0.8333333333333333
cross_spike,128,171,empirical,1.0973574882675292,0.05106119197123285,0.27212446202433355
cross_spike,128,171,oas,1.086060579217759,0.03976428292146267,0.23372980143115732
cross_spike,128,171,spiked_known_floor,1.054819810220906,0.00852351392460961,0.1896528379602739
cross_spike,128,171,oracle,1.0462962962962965,0.0,0.0
cross_spike,128,172,projection,1.2777777777777777,0.2314814814814814,0.8333333333333333
cross_spike,128,172,empirical,1.0980397127013977,0.0517434164051013,0.22178420695641343
cross_spike,128,172,oas,1.0854670494395262,0.03917075314322988,0.19047407482147843
cross_spike,128,172,spiked_known_floor,1.0504374178071307,0.004141121510834635,0.12646320484521437
cross_spike,128,172,oracle,1.0462962962962965,0.0,0.0
cross_spike,128,173,projection,1.2777777777777777,0.2314814814814814,0.8333333333333333
cross_spike,128,173,empirical,1.1017635421545764,0.05546724585828003,0.21883592950808392
cross_spike,128,173,oas,1.0868274420093786,0.040531145713082285,0.22772149874412226
cross_spike,128,173,spiked_known_floor,1.052520327093423,0.006224030797126734,0.15083382196278572
cross_spike,128,173,oracle,1.0462962962962965,0.0,0.0
cross_spike,128,174,projection,1.2777777777777777,0.2314814814814814,0.8333333333333333
cross_spike,128,174,empirical,1.1039768388347537,0.05768054253845729,0.24963114651795137
cross_spike,128,174,oas,1.0901705383212024,0.0438742420249059,0.250119040635136
cross_spike,128,174,spiked_known_floor,1.0542078756772149,0.007911579380918375,0.1702551003829076
cross_spike,128,174,oracle,1.0462962962962965,0.0,0.0
cross_spike,128,175,projection,1.2777777777777777,0.2314814814814814,0.8333333333333333
cross_spike,128,175,empirical,1.0985306369325056,0.052234340636209235,0.26817624283448527
cross_spike,128,175,oas,1.0877824029974983,0.04148610670120206,0.2437897934787661
cross_spike,128,175,spiked_known_floor,1.0598743247737736,0.01357802847747722,0.20010905046776709
cross_spike,128,175,oracle,1.0462962962962965,0.0,0.0
cross_spike,128,176,projection,1.2777777777777777,0.2314814814814814,0.8333333333333333
cross_spike,128,176,empirical,1.0893967030324951,0.04310040673619888,0.2149358247931448
cross_spike,128,176,oas,1.0780870325512406,0.03179073625494428,0.19986844629722028
cross_spike,128,176,spiked_known_floor,1.0502869490825943,0.003990652786298011,0.12202730044528758
cross_spike,128,176,oracle,1.0462962962962965,0.0,0.0
cross_spike,128,177,projection,1.2777777777777777,0.2314814814814814,0.8333333333333333
cross_spike,128,177,empirical,1.0967269892832214,0.050430692986925124,0.35732907990112805
cross_spike,128,177,oas,1.0870831117653053,0.04078681546900883,0.2958206969752765
cross_spike,128,177,spiked_known_floor,1.0537403961691436,0.00744409987284712,0.28760380358097537
cross_spike,128,177,oracle,1.0462962962962965,0.0,0.0
cross_spike,128,178,projection,1.2777777777777777,0.2314814814814814,0.8333333333333333
cross_spike,128,178,empirical,1.088546059838386,0.04224976354208971,0.2640404873264442
cross_spike,128,178,oas,1.07928932697227,0.03299303067597384,0.2215962739898265
cross_spike,128,178,spiked_known_floor,1.0504476711298034,0.0041513748335071515,0.17463452797257134
cross_spike,128,178,oracle,1.0462962962962965,0.0,0.0
cross_spike,128,179,projection,1.2777777777777777,0.2314814814814814,0.8333333333333333
cross_spike,128,179,empirical,1.0986417357967149,0.05234543950041859,0.24508772506503018
cross_spike,128,179,oas,1.0854726211687584,0.039176324872462046,0.23129026407404507
cross_spike,128,179,spiked_known_floor,1.0525793078116885,0.006283011515392251,0.17854271358929474
cross_spike,128,179,oracle,1.0462962962962965,0.0,0.0
cross_spike,128,180,projection,1.2777777777777777,0.2314814814814814,0.8333333333333333
cross_spike,128,180,empirical,1.1050479870875984,0.058751690791302,0.2119192271579406
cross_spike,128,180,oas,1.0912635490329798,0.04496725273668346,0.2231669491536172
cross_spike,128,180,spiked_known_floor,1.0521645198589633,0.005868223562666879,0.1486168691811219
cross_spike,128,180,oracle,1.0462962962962965,0.0,0.0
cross_spike,128,181,projection,1.2777777777777777,0.2314814814814814,0.8333333333333333
cross_spike,128,181,empirical,1.088010401285499,0.041714104989202645,0.27286504901442493
cross_spike,128,181,oas,1.0799097846960477,0.03361348839975125,0.22341093912844223
cross_spike,128,181,spiked_known_floor,1.0512347120774534,0.004938415781157133,0.18611543187484064
cross_spike,128,181,oracle,1.0462962962962965,0.0,0.0
cross_spike,128,182,projection,1.2777777777777777,0.2314814814814814,0.8333333333333333
cross_spike,128,182,empirical,1.0912463947231827,0.04495009842688627,0.2752038667631023
cross_spike,128,182,oas,1.0821873689587458,0.03589107266244943,0.2390798285644018
cross_spike,128,182,spiked_known_floor,1.0555030712201605,0.009206774923864344,0.19187651628058905
cross_spike,128,182,oracle,1.0462962962962965,0.0,0.0
cross_spike,128,183,projection,1.2777777777777777,0.2314814814814814,0.8333333333333333
cross_spike,128,183,empirical,1.0977264618859142,0.05143016558961784,0.24706390646215368
cross_spike,128,183,oas,1.086159551786155,0.03986325548985885,0.22125433550605925
cross_spike,128,183,spiked_known_floor,1.0548777715341868,0.008581475237890563,0.1678451038317599
cross_spike,128,183,oracle,1.0462962962962965,0.0,0.0
cross_spike,128,184,projection,1.2777777777777777,0.2314814814814814,0.8333333333333333
cross_spike,128,184,empirical,1.0927849359935413,0.04648863969724499,0.2855771656596097
cross_spike,128,184,oas,1.0823794976865961,0.0360832013902997,0.28241346367714437
cross_spike,128,184,spiked_known_floor,1.056149638378712,0.009853342082415485,0.23162055805583073
cross_spike,128,184,oracle,1.0462962962962965,0.0,0.0
cross_spike,128,185,projection,1.2777777777777777,0.2314814814814814,0.8333333333333333
cross_spike,128,185,empirical,1.094261993513659,0.04796569721736272,0.2575143979304824
cross_spike,128,185,oas,1.083762825300836,0.03746652900453959,0.23914955952547987
cross_spike,128,185,spiked_known_floor,1.054969291948047,0.008672995651750639,0.18020467804748908
cross_spike,128,185,oracle,1.0462962962962965,0.0,0.0
cross_spike,128,186,projection,1.2777777777777777,0.2314814814814814,0.8333333333333333
cross_spike,128,186,empirical,1.0874434587845778,0.041147162488281326,0.23587846936497814
cross_spike,128,186,oas,1.0777824829065943,0.03148618661029775,0.19107120927387158
cross_spike,128,186,spiked_known_floor,1.049694480210295,0.0033981839139987187,0.14481790148769982
cross_spike,128,186,oracle,1.0462962962962965,0.0,0.0
cross_spike,128,187,projection,1.2777777777777777,0.2314814814814814,0.8333333333333333
cross_spike,128,187,empirical,1.1081539167489032,0.06185762045260702,0.28413909036899765
cross_spike,128,187,oas,1.0943287228170766,0.048032426520780186,0.2977405130990694
cross_spike,128,187,spiked_known_floor,1.0610634223621087,0.014767126065812382,0.22912970885128067
cross_spike,128,187,oracle,1.0462962962962965,0.0,0.0
cross_spike,128,188,projection,1.2777777777777777,0.2314814814814814,0.8333333333333333
cross_spike,128,188,empirical,1.108632422249624,0.062336125953327555,0.2987377795036016
cross_spike,128,188,oas,1.0933693594439429,0.04707306314764654,0.32773378420936966
cross_spike,128,188,spiked_known_floor,1.058341801088888,0.012045504792591633,0.2562630345522138
cross_spike,128,188,oracle,1.0462962962962965,0.0,0.0
cross_spike,128,189,projection,1.2777777777777777,0.2314814814814814,0.8333333333333333
cross_spike,128,189,empirical,1.0900596702623937,0.043763373966097224,0.22310336951615048
cross_spike,128,189,oas,1.0788194651896683,0.03252316889337188,0.24933645796557194
cross_spike,128,189,spiked_known_floor,1.051279859252577,0.0049835629562807555,0.16094517630183572
cross_spike,128,189,oracle,1.0462962962962965,0.0,0.0
cross_spike,128,190,projection,1.2777777777777777,0.2314814814814814,0.8333333333333333
cross_spike,128,190,empirical,1.1141622115269607,0.0678659152306642,0.2457064202098698
cross_spike,128,190,oas,1.0957607453531173,0.049464449056820924,0.2553524728586309
cross_spike,128,190,spiked_known_floor,1.0542726111438698,0.007976314847573569,0.17770832846919388
cross_spike,128,190,oracle,1.0462962962962965,0.0,0.0
cross_spike,128,191,projection,1.2777777777777777,0.2314814814814814,0.8333333333333333
cross_spike,128,191,empirical,1.0948415599845824,0.04854526368828595,0.22842847156599055
cross_spike,128,191,oas,1.0824360788445144,0.03613978254821795,0.19350527528265
cross_spike,128,191,spiked_known_floor,1.0498738020679157,0.0035775057716192445,0.12660887051526287
cross_spike,128,191,oracle,1.0462962962962965,0.0,0.0
cross_spike,128,192,projection,1.2777777777777777,0.2314814814814814,0.8333333333333333
cross_spike,128,192,empirical,1.105593460699315,0.05929716440301881,0.24359167826011072
cross_spike,128,192,oas,1.0918109710939476,0.04551467479765128,0.23688034112391845
cross_spike,128,192,spiked_known_floor,1.0548383702147535,0.008542073918457294,0.17208665155556827
cross_spike,128,192,oracle,1.0462962962962965,0.0,0.0
cross_spike,128,193,projection,1.2777777777777777,0.2314814814814814,0.8333333333333333
cross_spike,128,193,empirical,1.10298867268545,0.056692376389153885,0.32952018452067944
cross_spike,128,193,oas,1.0901498245445216,0.04385352824822528,0.26862044729537754
cross_spike,128,193,spiked_known_floor,1.0540515549964178,0.007755258700121347,0.25557789162417127
cross_spike,128,193,oracle,1.0462962962962965,0.0,0.0
cross_spike,128,194,projection,1.2777777777777777,0.2314814814814814,0.8333333333333333
cross_spike,128,194,empirical,1.106890871398039,0.06059457510174285,0.2667536654378047
cross_spike,128,194,oas,1.0906217508235985,0.0443254545273021,0.27727992270167473
cross_spike,128,194,spiked_known_floor,1.056456609977338,0.010160313681041722,0.20722522065294083
cross_spike,128,194,oracle,1.0462962962962965,0.0,0.0
cross_spike,128,195,projection,1.2777777777777777,0.2314814814814814,0.8333333333333333
cross_spike,128,195,empirical,1.0961782778056937,0.049881981509397204,0.24305974114130383
cross_spike,128,195,oas,1.0836256581696133,0.03732936187331693,0.24618579775893165
cross_spike,128,195,spiked_known_floor,1.0526042695790845,0.006307973282788144,0.17521543237742865
cross_spike,128,195,oracle,1.0462962962962965,0.0,0.0
cross_spike,128,196,projection,1.2777777777777777,0.2314814814814814,0.8333333333333333
cross_spike,128,196,empirical,1.1003279741994085,0.05403167790311238,0.275745411939751
cross_spike,128,196,oas,1.0873128649077435,0.041016568611447105,0.30707444372166914
cross_spike,128,196,spiked_known_floor,1.055736096037739,0.009439799741442729,0.22798616234471206
cross_spike,128,196,oracle,1.0462962962962965,0.0,0.0
cross_spike,128,197,projection,1.2777777777777777,0.2314814814814814,0.8333333333333333
cross_spike,128,197,empirical,1.0955516436047879,0.04925534730849143,0.24020467213599506
cross_spike,128,197,oas,1.0834394853036313,0.037143189007335084,0.26326837874203735
cross_spike,128,197,spiked_known_floor,1.0539771251056202,0.007680828809323805,0.19776065024904677
cross_spike,128,197,oracle,1.0462962962962965,0.0,0.0
cross_spike,128,198,projection,1.2777777777777777,0.2314814814814814,0.8333333333333333
cross_spike,128,198,empirical,1.1015109213457912,0.055214625049495,0.2675395200523294
cross_spike,128,198,oas,1.087604188104975,0.04130789180867859,0.2884555107744962
cross_spike,128,198,spiked_known_floor,1.0565834258299118,0.010287129533615344,0.21869844288346565
cross_spike,128,198,oracle,1.0462962962962965,0.0,0.0
cross_spike,128,199,projection,1.2777777777777777,0.2314814814814814,0.8333333333333333
cross_spike,128,199,empirical,1.0871982063003205,0.04090191000402418,0.23864073744431932
cross_spike,128,199,oas,1.0789227518832507,0.032626455586954255,0.20232405532850145
cross_spike,128,199,spiked_known_floor,1.0506270117631589,0.0043307154668623974,0.14878568740465734
cross_spike,128,199,oracle,1.0462962962962965,0.0,0.0
tangent_spike,16,0,projection,1.5555555555555556,0.0,0.8333333333333334
tangent_spike,16,0,empirical,2.1571874577406844,0.6016319021851289,0.7172717481465241
tangent_spike,16,0,oas,1.5932883499123736,0.037732794356818,0.6644709317184417
tangent_spike,16,0,spiked_known_floor,1.6097997414423348,0.05424418588677929,0.5719004096222153
tangent_spike,16,0,oracle,1.5555555555555556,0.0,0.0
tangent_spike,16,1,projection,1.5555555555555556,0.0,0.8333333333333334
tangent_spike,16,1,empirical,2.0875598666224384,0.5320043110668827,0.6694081858604263
tangent_spike,16,1,oas,1.589720045726605,0.034164490171049326,0.6701422374721729
tangent_spike,16,1,spiked_known_floor,1.566128322627672,0.010572767072116452,0.5839194701531173
tangent_spike,16,1,oracle,1.5555555555555556,0.0,0.0
tangent_spike,16,2,projection,1.5555555555555556,0.0,0.8333333333333334
tangent_spike,16,2,empirical,2.1720192849083846,0.6164637293528288,0.6426438684085852
tangent_spike,16,2,oas,1.5921331031830583,0.036577547627502906,0.6547106268126522
tangent_spike,16,2,spiked_known_floor,1.5906030313920503,0.03504747583649462,0.5317907841857535
tangent_spike,16,2,oracle,1.5555555555555556,0.0,0.0
tangent_spike,16,3,projection,1.5555555555555556,0.0,0.8333333333333334
tangent_spike,16,3,empirical,2.5204925610672664,0.964937005511711,0.5975615664245086
tangent_spike,16,3,oas,1.6297630380184693,0.07420748246291377,0.5830712313328793
tangent_spike,16,3,spiked_known_floor,1.6184170972180898,0.06286154166253435,0.46782106408671864
tangent_spike,16,3,oracle,1.5555555555555556,0.0,0.0
tangent_spike,16,4,projection,1.5555555555555556,0.0,0.8333333333333334
tangent_spike,16,4,empirical,2.3140106191871217,0.7584550636315663,0.6466069811596492
tangent_spike,16,4,oas,1.5666973694021193,0.01114181384656378,0.7114086746304173
tangent_spike,16,4,spiked_known_floor,1.5634553604329091,0.007899804877353547,0.5929727847665168
tangent_spike,16,4,oracle,1.5555555555555556,0.0,0.0
tangent_spike,16,5,projection,1.5555555555555556,0.0,0.8333333333333334
tangent_spike,16,5,empirical,2.3788059535136803,0.8232503979581247,0.7326992524945711
tangent_spike,16,5,oas,1.5742563249641508,0.01870076940859508,0.7451136200767977
tangent_spike,16,5,spiked_known_floor,1.57085306695151,0.01529751139595439,0.6725709546308289
tangent_spike,16,5,oracle,1.5555555555555556,0.0,0.0
tangent_spike,16,6,projection,1.5555555555555556,0.0,0.8333333333333334
tangent_spike,16,6,empirical,2.781902307298584,1.2263467517430282,0.6405282482460352
tangent_spike,16,6,oas,1.6530063859276252,0.09745083037206963,0.558065769015606
tangent_spike,16,6,spiked_known_floor,1.6232613908233116,0.06770583526775588,0.4542211159264206
tangent_spike,16,6,oracle,1.5555555555555556,0.0,0.0
tangent_spike,16,7,projection,1.5555555555555556,0.0,0.8333333333333334
tangent_spike,16,7,empirical,2.272613983886286,0.7170584283307304,0.6788651307642604
tangent_spike,16,7,oas,1.6043605588264054,0.04880500327084983,0.6816494265152983
tangent_spike,16,7,spiked_known_floor,1.6007075200940344,0.045151964538478855,0.5850942729860579
tangent_spike,16,7,oracle,1.5555555555555556,0.0,0.0
tangent_spike,16,8,projection,1.5555555555555556,0.0,0.8333333333333334
tangent_spike,16,8,empirical,2.140655140439987,0.5850995848844311,0.7126153153135713
tangent_spike,16,8,oas,1.567256972424192,0.011701416868636462,0.7725447792457035
tangent_spike,16,8,spiked_known_floor,1.567232420222326,0.011676864666770398,0.7111803763819564
tangent_spike,16,8,oracle,1.5555555555555556,0.0,0.0
tangent_spike,16,9,projection,1.5555555555555556,0.0,0.8333333333333334
tangent_spike,16,9,empirical,2.0861590497407945,0.5306034941852387,0.8156427195787014
tangent_spike,16,9,oas,1.5581314319350046,0.0025758763794489626,0.8011959511783241
tangent_spike,16,9,spiked_known_floor,1.562118985433429,0.006563429877873402,0.7601466982053112
tangent_spike,16,9,oracle,1.5555555555555556,0.0,0.0
tangent_spike,16,10,projection,1.5555555555555556,0.0,0.8333333333333334
tangent_spike,16,10,empirical,3.1195891109735774,1.5640335554180218,0.7854503372110235
tangent_spike,16,10,oas,1.689492925417706,0.13393736986215043,0.528738677404856
tangent_spike,16,10,spiked_known_floor,1.684676210832494,0.12912065527693847,0.4401458630296553
tangent_spike,16,10,oracle,1.5555555555555556,0.0,0.0
tangent_spike,16,11,projection,1.5555555555555556,0.0,0.8333333333333334
tangent_spike,16,11,empirical,2.5249867929211627,0.9694312373656069,0.6955553253660685
tangent_spike,16,11,oas,1.6619696721728359,0.10641411661728023,0.49569301425411
tangent_spike,16,11,spiked_known_floor,1.6478204785606845,0.09226492300512885,0.39219972142468246
tangent_spike,16,11,oracle,1.5555555555555556,0.0,0.0
tangent_spike,16,12,projection,1.5555555555555556,0.0,0.8333333333333334
tangent_spike,16,12,empirical,2.5749365817883993,1.0193810262328438,0.6911636027269784
tangent_spike,16,12,oas,1.5971377691767699,0.04158221362121444,0.7050827486657826
tangent_spike,16,12,spiked_known_floor,1.5937722298277845,0.03821667427222906,0.6123960096052009
tangent_spike,16,12,oracle,1.5555555555555556,0.0,0.0
tangent_spike,16,13,projection,1.5555555555555556,0.0,0.8333333333333334
tangent_spike,16,13,empirical,2.4359314370424014,0.8803758814868461,0.7202016452491953
tangent_spike,16,13,oas,1.6472904947761569,0.09173493922060129,0.5130619349988647
tangent_spike,16,13,spiked_known_floor,1.6415529526658759,0.0859973971103203,0.44844857451070763
tangent_spike,16,13,oracle,1.5555555555555556,0.0,0.0
tangent_spike,16,14,projection,1.5555555555555556,0.0,0.8333333333333334
tangent_spike,16,14,empirical,2.781804763918562,1.2262492083630063,0.8535917592289812
tangent_spike,16,14,oas,1.5650583135313185,0.009502757975762973,0.7918650626820006
tangent_spike,16,14,spiked_known_floor,1.5619353191683707,0.006379763612815119,0.7847423236064798
tangent_spike,16,14,oracle,1.5555555555555556,0.0,0.0
tangent_spike,16,15,projection,1.5555555555555556,0.0,0.8333333333333334
tangent_spike,16,15,empirical,3.0553608201178473,1.4998052645622917,0.7535953687448855
tangent_spike,16,15,oas,1.618171918234218,0.06261636267866239,0.6078414989791193
tangent_spike,16,15,spiked_known_floor,1.6343383539932312,0.07878279843767562,0.4906974121488981
tangent_spike,16,15,oracle,1.5555555555555556,0.0,0.0
tangent_spike,16,16,projection,1.5555555555555556,0.0,0.8333333333333334
tangent_spike,16,16,empirical,2.3204679412526117,0.7649123856970562,0.7152934218925094
tangent_spike,16,16,oas,1.6591991238241315,0.10364356826857607,0.536736744141955
tangent_spike,16,16,spiked_known_floor,1.665296117595488,0.10974056203993234,0.43703629315584164
tangent_spike,16,16,oracle,1.5555555555555556,0.0,0.0
tangent_spike,16,17,projection,1.5555555555555556,0.0,0.8333333333333334
tangent_spike,16,17,empirical,2.549746272281266,0.9941907167257101,0.6220299697837356
tangent_spike,16,17,oas,1.620255205097126,0.06469964954157024,0.5773125131149389
tangent_spike,16,17,spiked_known_floor,1.599061103514796,0.04350554795924025,0.46846109974056777
tangent_spike,16,17,oracle,1.5555555555555556,0.0,0.0
tangent_spike,16,18,projection,1.5555555555555556,0.0,0.8333333333333334
tangent_spike,16,18,empirical,2.100458079528892,0.5449025239733365,0.6082994538006568
tangent_spike,16,18,oas,1.6033314428688175,0.047775887313261906,0.5467695172798731
tangent_spike,16,18,spiked_known_floor,1.6006190437173742,0.0450634881618186,0.41114805655903797
tangent_spike,16,18,oracle,1.5555555555555556,0.0,0.0
tangent_spike,16,19,projection,1.5555555555555556,0.0,0.8333333333333334
tangent_spike,16,19,empirical,2.28636579766981,0.7308102421142544,0.6675252910976144
tangent_spike,16,19,oas,1.6327262450917353,0.07717068953617971,0.6060072293840015
tangent_spike,16,19,spiked_known_floor,1.6206332631989935,0.06507770764343786,0.5111827036906683
tangent_spike,16,19,oracle,1.5555555555555556,0.0,0.0
tangent_spike,16,20,projection,1.5555555555555556,0.0,0.8333333333333334
tangent_spike,16,20,empirical,2.3466307288666,0.7910751733110445,0.7835652839239445
tangent_spike,16,20,oas,1.5694364898270543,0.01388093427149878,0.7414202860509942
tangent_spike,16,20,spiked_known_floor,1.5902444240423037,0.034688868486748126,0.6242975365039307
tangent_spike,16,20,oracle,1.5555555555555556,0.0,0.0
tangent_spike,16,21,projection,1.5555555555555556,0.0,0.8333333333333334
tangent_spike,16,21,empirical,3.1019889848514635,1.546433429295908,0.603243189844252
tangent_spike,16,21,oas,1.6579015339739132,0.10234597841835749,0.4438889564352153
tangent_spike,16,21,spiked_known_floor,1.6039685549902805,0.04841299943472474,0.28084874009776356
tangent_spike,16,21,oracle,1.5555555555555556,0.0,0.0
tangent_spike,16,22,projection,1.5555555555555556,0.0,0.8333333333333334
tangent_spike,16,22,empirical,2.3164899193906288,0.7609343638350734,0.6251511729246654
tangent_spike,16,22,oas,1.5856587685646142,0.030103213009058678,0.6715160419666174
tangent_spike,16,22,spiked_known_floor,1.5889587376723144,0.033403182116758856,0.5529169241198918
tangent_spike,16,22,oracle,1.5555555555555556,0.0,0.0
tangent_spike,16,23,projection,1.5555555555555556,0.0,0.8333333333333334
tangent_spike,16,23,empirical,2.5785702898064002,1.0230147342508444,0.7413332472354982
tangent_spike,16,23,oas,1.7047534672243227,0.1491979116687672,0.43705152525177454
tangent_spike,16,23,spiked_known_floor,1.6809601349268728,0.1254045793713171,0.3654827945189869
tangent_spike,16,23,oracle,1.5555555555555556,0.0,0.0
tangent_spike,16,24,projection,1.5555555555555556,0.0,0.8333333333333334
tangent_spike,16,24,empirical,2.2576678623100315,0.702112306754476,0.557382996414606
tangent_spike,16,24,oas,1.6412393248356134,0.08568376928005786,0.5346355842989559
tangent_spike,16,24,spiked_known_floor,1.5973069241286617,0.04175136857310618,0.41169910222425443
tangent_spike,16,24,oracle,1.5555555555555556,0.0,0.0
tangent_spike,16,25,projection,1.5555555555555556,0.0,0.8333333333333334
tangent_spike,16,25,empirical,3.0256377610325065,1.470082205476951,0.7632729310546614
tangent_spike,16,25,oas,1.6517692868543066,0.09621373129875116,0.6147106560636507
tangent_spike,16,25,spiked_known_floor,1.6239872095489507,0.06843165399339503,0.5249882693596039
tangent_spike,16,25,oracle,1.5555555555555556,0.0,0.0
tangent_spike,16,26,projection,1.5555555555555556,0.0,0.8333333333333334
tangent_spike,16,26,empirical,2.5611179813939065,1.0055624258383509,0.6074785269099857
tangent_spike,16,26,oas,1.6647299728737233,0.10917441731816785,0.47303073726228484
tangent_spike,16,26,spiked_known_floor,1.6382418532355367,0.08268629767998112,0.34715789531378155
tangent_spike,16,26,oracle,1.5555555555555556,0.0,0.0
tangent_spike,16,27,projection,1.5555555555555556,0.0,0.8333333333333334
tangent_spike,16,27,empirical,2.936685697799695,1.3811301422441398,0.6770840500694942
tangent_spike,16,27,oas,1.6751074747761576,0.11955191922060189,0.4248598590621213
tangent_spike,16,27,spiked_known_floor,1.6415330339231125,0.08597747836755688,0.31913817438022274
tangent_spike,16,27,oracle,1.5555555555555556,0.0,0.0
tangent_spike,16,28,projection,1.5555555555555556,0.0,0.8333333333333334
tangent_spike,16,28,empirical,2.061509528235524,0.5059539726799682,0.6680759110089513
tangent_spike,16,28,oas,1.5821825332315338,0.026626977675978124,0.6988358141759146
tangent_spike,16,28,spiked_known_floor,1.5897279290692978,0.034172373513742305,0.5826065755927402
tangent_spike,16,28,oracle,1.5555555555555556,0.0,0.0
tangent_spike,16,29,projection,1.5555555555555556,0.0,0.8333333333333334
tangent_spike,16,29,empirical,2.8057878416090114,1.2502322860534556,0.7274459919506254
tangent_spike,16,29,oas,1.7000391703453577,0.14448361478980218,0.47525020463900286
tangent_spike,16,29,spiked_known_floor,1.6292557286136224,0.07370017305806693,0.4451163756746337
tangent_spike,16,29,oracle,1.5555555555555556,0.0,0.0
tangent_spike,16,30,projection,1.5555555555555556,0.0,0.8333333333333334
tangent_spike,16,30,empirical,2.6864940295969237,1.1309384740413684,0.7811883151116126
tangent_spike,16,30,oas,1.7084566802902743,0.15290112473471879,0.4733407968172134
tangent_spike,16,30,spiked_known_floor,1.6899683300181803,0.13441277446262473,0.4584067000737327
tangent_spike,16,30,oracle,1.5555555555555556,0.0,0.0
tangent_spike,16,31,projection,1.5555555555555556,0.0,0.8333333333333334
tangent_spike,16,31,empirical,2.757162731655097,1.2016071760995415,0.8398407463715682
tangent_spike,16,31,oas,1.7480038496178965,0.19244829406234082,0.5218620103264014
tangent_spike,16,31,spiked_known_floor,1.7111269222556336,0.15557136670007804,0.5445435333957815
tangent_spike,16,31,oracle,1.5555555555555556,0.0,0.0
tangent_spike,16,32,projection,1.5555555555555556,0.0,0.8333333333333334
tangent_spike,16,32,empirical,2.6664119165784133,1.1108563610228572,0.7199538023678508
tangent_spike,16,32,oas,1.6677001928896849,0.1121446373341293,0.5218639714868506
tangent_spike,16,32,spiked_known_floor,1.6680471717501624,0.11249161619460686,0.45439897166025806
tangent_spike,16,32,oracle,1.5555555555555556,0.0,0.0
tangent_spike,16,33,projection,1.5555555555555556,0.0,0.8333333333333334
tangent_spike,16,33,empirical,2.1429899575482145,0.5874344019926588,0.7669782366664174
tangent_spike,16,33,oas,1.6687942551446189,0.11323869958906323,0.49546111877770027
tangent_spike,16,33,spiked_known_floor,1.653008517074676,0.0974529615191205,0.48075194798124166
tangent_spike,16,33,oracle,1.5555555555555556,0.0,0.0
tangent_spike,16,34,projection,1.5555555555555556,0.0,0.8333333333333334
tangent_spike,16,34,empirical,2.415477925955259,0.8599223703997032,0.7311639183534645
tangent_spike,16,34,oas,1.6492459795603736,0.09369042400481796,0.46789717744166487
tangent_spike,16,34,spiked_known_floor,1.6204217939254686,0.06486623836991298,0.3639625918391936
tangent_spike,16,34,oracle,1.5555555555555556,0.0,0.0
tangent_spike,16,35,projection,1.5555555555555556,0.0,0.8333333333333334
tangent_spike,16,35,empirical,2.7908050831943902,1.2352495276388347,0.6598450103475382
tangent_spike,16,35,oas,1.7192471139715613,0.16369155841600563,0.46323297038873673
tangent_spike,16,35,spiked_known_floor,1.6454077481889167,0.08985219263336101,0.3987826547955345
tangent_spike,16,35,oracle,1.5555555555555556,0.0,0.0
tangent_spike,16,36,projection,1.5555555555555556,0.0,0.8333333333333334
tangent_spike,16,36,empirical,2.719852982953228,1.1642974273976725,0.7035773195966231
tangent_spike,16,36,oas,1.5909787001644744,0.03542314460891868,0.6648018324442945
tangent_spike,16,36,spiked_known_floor,1.5782027499289446,0.022647194373389107,0.5755047118415558
tangent_spike,16,36,oracle,1.5555555555555556,0.0,0.0
tangent_spike,16,37,projection,1.5555555555555556,0.0,0.8333333333333334
tangent_spike,16,37,empirical,2.253437650131826,0.6978820945762706,0.6764453362301093
tangent_spike,16,37,oas,1.577060935959267,0.021505380403711593,0.7008101881940743
tangent_spike,16,37,spiked_known_floor,1.5906009733445983,0.035045417789042785,0.588215505565232
tangent_spike,16,37,oracle,1.5555555555555556,0.0,0.0
tangent_spike,16,38,projection,1.5555555555555556,0.0,0.8333333333333334
tangent_spike,16,38,empirical,2.545429714422494,0.9898741588669383,0.7004151684288092
tangent_spike,16,38,oas,1.5950179116886671,0.03946235613311176,0.6818913077081318
tangent_spike,16,38,spiked_known_floor,1.5821203632491736,0.026564807693618138,0.5929593426309532
tangent_spike,16,38,oracle,1.5555555555555556,0.0,0.0
tangent_spike,16,39,projection,1.5555555555555556,0.0,0.8333333333333334
tangent_spike,16,39,empirical,2.3609400361110926,0.8053844805555369,0.5976722323341854
tangent_spike,16,39,oas,1.657652518211722,0.1020969626561667,0.4405402614142205
tangent_spike,16,39,spiked_known_floor,1.6373229112374756,0.08176735568192016,0.3246544873613765
tangent_spike,16,39,oracle,1.5555555555555556,0.0,0.0
tangent_spike,16,40,projection,1.5555555555555556,0.0,0.8333333333333334
tangent_spike,16,40,empirical,2.6696014536388217,1.1140458980832664,0.6335622792987737
tangent_spike,16,40,oas,1.633967882687433,0.07841232713187743,0.5226119683801677
tangent_spike,16,40,spiked_known_floor,1.6028652011643991,0.04730964560884356,0.4019985054567598
tangent_spike,16,40,oracle,1.5555555555555556,0.0,0.0
tangent_spike,16,41,projection,1.5555555555555556,0.0,0.8333333333333334
tangent_spike,16,41,empirical,2.4179718708396996,0.8624163152841441,0.6611123595708289
tangent_spike,16,41,oas,1.675333287430223,0.11977773187466736,0.4355192634559724
tangent_spike,16,41,spiked_known_floor,1.6271539884259663,0.07159843287041068,0.3346360626539331
tangent_spike,16,41,oracle,1.5555555555555556,0.0,0.0
tangent_spike,16,42,projection,1.5555555555555556,0.0,0.8333333333333334
tangent_spike,16,42,empirical,2.1844312629695732,0.628875707414018,0.6265396760911295
tangent_spike,16,42,oas,1.6181445211514323,0.06258896559587675,0.5608425798629579
tangent_spike,16,42,spiked_known_floor,1.616890852975364,0.06133529741980851,0.40407843655467657
tangent_spike,16,42,oracle,1.5555555555555556,0.0,0.0
tangent_spike,16,43,projection,1.5555555555555556,0.0,0.8333333333333334
tangent_spike,16,43,empirical,2.2910158171575112,0.7354602616019557,0.8375786983622748
tangent_spike,16,43,oas,1.590530468537391,0.034974912981835506,0.7327912024202158
tangent_spike,16,43,spiked_known_floor,1.6037873606703021,0.04823180511474663,0.6726162709969693
tangent_spike,16,43,oracle,1.5555555555555556,0.0,0.0
tangent_spike,16,44,projection,1.5555555555555556,0.0,0.8333333333333334
tangent_spike,16,44,empirical,2.3702932310646885,0.8147376755091331,0.6780566950336513
tangent_spike,16,44,oas,1.6697241366202786,0.11416858106472293,0.4667538181775517
tangent_spike,16,44,spiked_known_floor,1.6501455521308697,0.09458999657531411,0.389115654538101
tangent_spike,16,44,oracle,1.5555555555555556,0.0,0.0
tangent_spike,16,45,projection,1.5555555555555556,0.0,0.8333333333333334
tangent_spike,16,45,empirical,2.7820051362347655,1.22644958067921,0.6446520651579638
tangent_spike,16,45,oas,1.6450083679443397,0.08945281238878414,0.5108480417867124
tangent_spike,16,45,spiked_known_floor,1.6395558999787603,0.08400034442320464,0.3961060145243836
tangent_spike,16,45,oracle,1.5555555555555556,0.0,0.0
tangent_spike,16,46,projection,1.5555555555555556,0.0,0.8333333333333334
tangent_spike,16,46,empirical,2.6876046994661675,1.1320491439106122,0.7233214791617231
tangent_spike,16,46,oas,1.6362393504080373,0.0806837948524816,0.5905945302135461
tangent_spike,16,46,spiked_known_floor,1.6453831385954554,0.08982758303989978,0.5033954724924458
tangent_spike,16,46,oracle,1.5555555555555556,0.0,0.0
tangent_spike,16,47,projection,1.5555555555555556,0.0,0.8333333333333334
tangent_spike,16,47,empirical,2.2636878218192487,0.7081322662636933,0.5920113306165179
tangent_spike,16,47,oas,1.6222785753953897,0.06672301983983409,0.5855732626272073
tangent_spike,16,47,spiked_known_floor,1.5917526276228389,0.03619707206728326,0.4666937165188558
tangent_spike,16,47,oracle,1.5555555555555556,0.0,0.0
tangent_spike,16,48,projection,1.5555555555555556,0.0,0.8333333333333334
tangent_spike,16,48,empirical,2.2748975053425724,0.7193419497870168,0.8238102412857448
tangent_spike,16,48,oas,1.6794804781099595,0.12392492255440375,0.45000889375596653
tangent_spike,16,48,spiked_known_floor,1.7155320309843118,0.1599764754287562,0.4667658373175809
tangent_spike,16,48,oracle,1.5555555555555556,0.0,0.0
tangent_spike,16,49,projection,1.5555555555555556,0.0,0.8333333333333334
tangent_spike,16,49,empirical,2.132433863156666,0.5768783076011105,0.8115802617092323
tangent_spike,16,49,oas,1.572059146988546,0.016503591432990378,0.7613847600471959
tangent_spike,16,49,spiked_known_floor,1.5910205262424058,0.03546497068685028,0.677871421860342
tangent_spike,16,49,oracle,1.5555555555555556,0.0,0.0
tangent_spike,16,50,projection,1.5555555555555556,0.0,0.8333333333333334
tangent_spike,16,50,empirical,2.930244057400697,1.3746885018451416,0.5882678284368256
tangent_spike,16,50,oas,1.6197152562223982,0.0641597006668427,0.5793031927578599
tangent_spike,16,50,spiked_known_floor,1.6035497112500345,0.04799415569447902,0.4413737498000517
tangent_spike,16,50,oracle,1.5555555555555556,0.0,0.0
tangent_spike,16,51,projection,1.5555555555555556,0.0,0.8333333333333334
tangent_spike,16,51,empirical,3.424676426209826,1.8691208706542701,0.5748580382786709
tangent_spike,16,51,oas,1.6363975549203076,0.08084199936475203,0.4374645263839576
tangent_spike,16,51,spiked_known_floor,1.6067909975996764,0.051235442044120755,0.25413244033992793
tangent_spike,16,51,oracle,1.5555555555555556,0.0,0.0
tangent_spike,16,52,projection,1.5555555555555556,0.0,0.8333333333333334
tangent_spike,16,52,empirical,2.431508583601684,0.8759530280461283,0.6366307972343082
tangent_spike,16,52,oas,1.6372162686242782,0.08166071306872269,0.5672040703220813
tangent_spike,16,52,spiked_known_floor,1.6247827536802815,0.06922719812472583,0.45211732018111195
tangent_spike,16,52,oracle,1.5555555555555556,0.0,0.0
tangent_spike,16,53,projection,1.5555555555555556,0.0,0.8333333333333334
tangent_spike,16,53,empirical,2.8509777358748405,1.295422180319285,0.6523709490937151
tangent_spike,16,53,oas,1.6155102587057266,0.05995470315017099,0.6402804482189445
tangent_spike,16,53,spiked_known_floor,1.605677274790188,0.05012171923463255,0.5330451630362986
tangent_spike,16,53,oracle,1.5555555555555556,0.0,0.0
tangent_spike,16,54,projection,1.5555555555555556,0.0,0.8333333333333334
tangent_spike,16,54,empirical,2.5436796884757613,0.988124132920206,0.583027885636694
tangent_spike,16,54,oas,1.6047037897613823,0.049148234205826744,0.6056980706399729
tangent_spike,16,54,spiked_known_floor,1.611075168379536,0.055519612823980345,0.4802823167172985
tangent_spike,16,54,oracle,1.5555555555555556,0.0,0.0
tangent_spike,16,55,projection,1.5555555555555556,0.0,0.8333333333333334
tangent_spike,16,55,empirical,2.290641068866576,0.7350855133110205,0.6967696193372676
tangent_spike,16,55,oas,1.7022503291676037,0.1466947736120483,0.5209589811647223
tangent_spike,16,55,spiked_known_floor,1.6641451361402675,0.10858958058471205,0.4486377177253896
tangent_spike,16,55,oracle,1.5555555555555556,0.0,0.0
tangent_spike,16,56,projection,1.5555555555555556,0.0,0.8333333333333334
tangent_spike,16,56,empirical,2.2237409976587497,0.6681854421031945,0.6725889266264825
tangent_spike,16,56,oas,1.5645632406752077,0.009007685119652128,0.7545808928807317
tangent_spike,16,56,spiked_known_floor,1.5733614252725685,0.01780586971701281,0.6629293820730863
tangent_spike,16,56,oracle,1.5555555555555556,0.0,0.0
tangent_spike,16,57,projection,1.5555555555555556,0.0,0.8333333333333334
tangent_spike,16,57,empirical,2.6454591370992993,1.0899035815437434,0.750137234718399
tangent_spike,16,57,oas,1.6876094159044923,0.13205386034893662,0.45663914431359665
tangent_spike,16,57,spiked_known_floor,1.679457789930197,0.12390223437464137,0.3967360315855786
tangent_spike,16,57,oracle,1.5555555555555556,0.0,0.0
tangent_spike,16,58,projection,1.5555555555555556,0.0,0.8333333333333334
tangent_spike,16,58,empirical,2.458157698013231,0.9026021424576753,0.6389494815349351
tangent_spike,16,58,oas,1.6344392694582437,0.07888371390268815,0.5456951186791047
tangent_spike,16,58,spiked_known_floor,1.610433719699639,0.05487816414408343,0.43216431010317086
tangent_spike,16,58,oracle,1.5555555555555556,0.0,0.0
tangent_spike,16,59,projection,1.5555555555555556,0.0,0.8333333333333334
tangent_spike,16,59,empirical,2.5545444864687137,0.9989889309131582,0.6536314184622752
tangent_spike,16,59,oas,1.6859893088212907,0.13043375326573528,0.5006476932016157
tangent_spike,16,59,spiked_known_floor,1.6168312801189306,0.06127572456337502,0.41418677476127225
tangent_spike,16,59,oracle,1.5555555555555556,0.0,0.0
tangent_spike,16,60,projection,1.5555555555555556,0.0,0.8333333333333334
tangent_spike,16,60,empirical,3.394953994656059,1.8393984391005036,0.6827972967163148
tangent_spike,16,60,oas,1.688694514441009,0.13313895888545355,0.4752971156920096
tangent_spike,16,60,spiked_known_floor,1.6399806385982665,0.08442508304271107,0.3818210299656187
tangent_spike,16,60,oracle,1.5555555555555556,0.0,0.0
tangent_spike,16,61,projection,1.5555555555555556,0.0,0.8333333333333334
tangent_spike,16,61,empirical,2.4342044229908004,0.878648867435245,0.5665586434410261
tangent_spike,16,61,oas,1.5849470479089387,0.0293914923533832,0.611556264071944
tangent_spike,16,61,spiked_known_floor,1.587404088796029,0.03184853324047345,0.4315499073566513
tangent_spike,16,61,oracle,1.5555555555555556,0.0,0.0
tangent_spike,16,62,projection,1.5555555555555556,0.0,0.8333333333333334
tangent_spike,16,62,empirical,2.9539090058321116,1.3983534502765564,1.0198080409733656
tangent_spike,16,62,oas,1.7833764961494296,0.22782094059387406,0.5813718918279057
tangent_spike,16,62,spiked_known_floor,1.7312958592958445,0.175740303740289,0.6761999720721302
tangent_spike,16,62,oracle,1.5555555555555556,0.0,0.0
tangent_spike,16,63,projection,1.5555555555555556,0.0,0.8333333333333334
tangent_spike,16,63,empirical,2.675368776236141,1.1198132206805853,0.7365063483195597
tangent_spike,16,63,oas,1.6218733007992467,0.06631774524369129,0.5843850864791926
tangent_spike,16,63,spiked_known_floor,1.656587807347248,0.10103225179169247,0.49786410609054416
tangent_spike,16,63,oracle,1.5555555555555556,0.0,0.0
tangent_spike,16,64,projection,1.5555555555555556,0.0,0.8333333333333334
tangent_spike,16,64,empirical,2.5458849966247956,0.9903294410692399,0.6504133211780649
tangent_spike,16,64,oas,1.6106153872358477,0.055059831680292236,0.6542934920178044
tangent_spike,16,64,spiked_known_floor,1.5855344034128924,0.029978847857336694,0.5765868202582506
tangent_spike,16,64,oracle,1.5555555555555556,0.0,0.0
tangent_spike,16,65,projection,1.5555555555555556,0.0,0.8333333333333334
tangent_spike,16,65,empirical,2.532498918027738,0.9769433624721826,0.6996519788351504
tangent_spike,16,65,oas,1.6731451139157711,0.11758955836021559,0.4639314182949273
tangent_spike,16,65,spiked_known_floor,1.676454557085074,0.1208990015295185,0.39864787420751746
tangent_spike,16,65,oracle,1.5555555555555556,0.0,0.0
tangent_spike,16,66,projection,1.5555555555555556,0.0,0.8333333333333334
tangent_spike,16,66,empirical,2.2804110548897767,0.7248554993342209,0.7472057965862344
tangent_spike,16,66,oas,1.5929018099272991,0.03734625437174368,0.6795600624978411
tangent_spike,16,66,spiked_known_floor,1.5984779906452842,0.04292243508972857,0.5772599160874742
tangent_spike,16,66,oracle,1.5555555555555556,0.0,0.0
tangent_spike,16,67,projection,1.5555555555555556,0.0,0.8333333333333334
tangent_spike,16,67,empirical,2.2271292946476295,0.671573739092074,0.6507846179727832
tangent_spike,16,67,oas,1.6039454301542673,0.04838987459871177,0.5148696162332215
tangent_spike,16,67,spiked_known_floor,1.6034949122805513,0.04793935672499574,0.37534972512425696
tangent_spike,16,67,oracle,1.5555555555555556,0.0,0.0
tangent_spike,16,68,projection,1.5555555555555556,0.0,0.8333333333333334
tangent_spike,16,68,empirical,2.301525214240767,0.7459696586852116,0.6376448828515513
tangent_spike,16,68,oas,1.590803878455581,0.035248322900025324,0.6316401788420575
tangent_spike,16,68,spiked_known_floor,1.5791863714996075,0.023630815944051916,0.5172582841764837
tangent_spike,16,68,oracle,1.5555555555555556,0.0,0.0
tangent_spike,16,69,projection,1.5555555555555556,0.0,0.8333333333333334
tangent_spike,16,69,empirical,3.9418297452421567,2.3862741896866013,0.8609453412771698
tangent_spike,16,69,oas,1.7398597965244162,0.18430424096886086,0.48322590801055637
tangent_spike,16,69,spiked_known_floor,1.7202708060963667,0.16471525054081135,0.5013556291434387
tangent_spike,16,69,oracle,1.5555555555555556,0.0,0.0
tangent_spike,16,70,projection,1.5555555555555556,0.0,0.8333333333333334
tangent_spike,16,70,empirical,2.1505590463289224,0.5950034907733667,0.7715662035320205
tangent_spike,16,70,oas,1.698061754128082,0.14250619857252655,0.44088118380921454
tangent_spike,16,70,spiked_known_floor,1.6838596072834366,0.1283040517278811,0.4494426262925715
tangent_spike,16,70,oracle,1.5555555555555556,0.0,0.0
tangent_spike,16,71,projection,1.5555555555555556,0.0,0.8333333333333334
tangent_spike,16,71,empirical,2.4365398607844364,0.8809843052288807,0.840782626778155
tangent_spike,16,71,oas,1.5701432022971649,0.01458764674160945,0.7778672533456604
tangent_spike,16,71,spiked_known_floor,1.5812537443279544,0.025698188772398874,0.7322619002601991
tangent_spike,16,71,oracle,1.5555555555555556,0.0,0.0
tangent_spike,16,72,projection,1.5555555555555556,0.0,0.8333333333333334
tangent_spike,16,72,empirical,2.783300019748298,1.227744464192743,0.7607666854973639
tangent_spike,16,72,oas,1.7208564420668315,0.16530088651127597,0.4548017720688698
tangent_spike,16,72,spiked_known_floor,1.6684709509604327,0.11291539540487723,0.4137465184405815
tangent_spike,16,72,oracle,1.5555555555555556,0.0,0.0
tangent_spike,16,73,projection,1.5555555555555556,0.0,0.8333333333333334
tangent_spike,16,73,empirical,2.90123482940334,1.3456792738477843,0.7290088795644701
tangent_spike,16,73,oas,1.6404457255306684,0.08489016997511281,0.5774687686405758
tangent_spike,16,73,spiked_known_floor,1.6059971410293001,0.050441585473744575,0.4706015309546287
tangent_spike,16,73,oracle,1.5555555555555556,0.0,0.0
tangent_spike,16,74,projection,1.5555555555555556,0.0,0.8333333333333334
tangent_spike,16,74,empirical,2.691178692404776,1.1356231368492202,0.6660455865995848
tangent_spike,16,74,oas,1.6922321309523407,0.13667657539678518,0.46519222753729705
tangent_spike,16,74,spiked_known_floor,1.6269389587870329,0.07138340323147735,0.37960192489679084
tangent_spike,16,74,oracle,1.5555555555555556,0.0,0.0
tangent_spike,16,75,projection,1.5555555555555556,0.0,0.8333333333333334
tangent_spike,16,75,empirical,2.4875695807696316,0.932014025214076,0.73719341110766
tangent_spike,16,75,oas,1.6686139454150313,0.11305838985947576,0.5360433106340459
tangent_spike,16,75,spiked_known_floor,1.649270501647531,0.09371494609197537,0.4411427201154316
tangent_spike,16,75,oracle,1.5555555555555556,0.0,0.0
tangent_spike,16,76,projection,1.5555555555555556,0.0,0.8333333333333334
tangent_spike,16,76,empirical,4.090867795276944,2.5353122397213883,0.6501594775816227
tangent_spike,16,76,oas,1.6427873668563155,0.08723181130076008,0.5422923150313097
tangent_spike,16,76,spiked_known_floor,1.6053135542278483,0.04975799867229281,0.4323564849081421
tangent_spike,16,76,oracle,1.5555555555555556,0.0,0.0
tangent_spike,16,77,projection,1.5555555555555556,0.0,0.8333333333333334
tangent_spike,16,77,empirical,2.3328988231709067,0.7773432676153514,0.9734224209742316
tangent_spike,16,77,oas,1.663422716281383,0.10786716072582749,0.5480890402362856
tangent_spike,16,77,spiked_known_floor,1.6779518693728115,0.12239631381725606,0.6178375201659282
tangent_spike,16,77,oracle,1.5555555555555556,0.0,0.0
tangent_spike,16,78,projection,1.5555555555555556,0.0,0.8333333333333334
tangent_spike,16,78,empirical,2.2002067844353306,0.6446512288797752,0.8869027865937206
tangent_spike,16,78,oas,1.6517345478380843,0.09617899228252863,0.5592135328415719
tangent_spike,16,78,spiked_known_floor,1.6095740229067848,0.054018467351229164,0.5545965010993208
tangent_spike,16,78,oracle,1.5555555555555556,0.0,0.0
tangent_spike,16,79,projection,1.5555555555555556,0.0,0.8333333333333334
tangent_spike,16,79,empirical,2.28511283009515,0.7295572745395948,0.6379110085585419
tangent_spike,16,79,oas,1.6100874771991331,0.054531921643577716,0.524469959231931
tangent_spike,16,79,spiked_known_floor,1.5755362421927392,0.019980686637183755,0.3620485654714192
tangent_spike,16,79,oracle,1.5555555555555556,0.0,0.0
tangent_spike,16,80,projection,1.5555555555555556,0.0,0.8333333333333334
tangent_spike,16,80,empirical,2.595714670605871,1.0401591150503156,0.609873137983611
tangent_spike,16,80,oas,1.6668585435023324,0.11130298794677677,0.5162239527821776
tangent_spike,16,80,spiked_known_floor,1.6039693443529477,0.048413788797392,0.4375101690025076
tangent_spike,16,80,oracle,1.5555555555555556,0.0,0.0
tangent_spike,16,81,projection,1.5555555555555556,0.0,0.8333333333333334
tangent_spike,16,81,empirical,2.4528693490003812,0.8973137934448258,0.7769586176129392
tangent_spike,16,81,oas,1.5720334374926774,0.01647788193712195,0.7712825710063903
tangent_spike,16,81,spiked_known_floor,1.5722750606666187,0.016719505111063057,0.7344019148308231
tangent_spike,16,81,oracle,1.5555555555555556,0.0,0.0
tangent_spike,16,82,projection,1.5555555555555556,0.0,0.8333333333333334
tangent_spike,16,82,empirical,2.1876157646005816,0.6320602090450261,0.6034619436515984
tangent_spike,16,82,oas,1.6001298152534429,0.04457425969788735,0.5902735070049827
tangent_spike,16,82,spiked_known_floor,1.609556174327606,0.054000618772050306,0.4464530965046105
tangent_spike,16,82,oracle,1.5555555555555556,0.0,0.0
tangent_spike,16,83,projection,1.5555555555555556,0.0,0.8333333333333334
tangent_spike,16,83,empirical,2.04077822647671,0.48522267092115456,0.6859219376807933
tangent_spike,16,83,oas,1.5762683679743412,0.020712812418785708,0.6865491205655356
tangent_spike,16,83,spiked_known_floor,1.5871152378654338,0.031559682309878226,0.5520799320604065
tangent_spike,16,83,oracle,1.5555555555555556,0.0,0.0
tangent_spike,16,84,projection,1.5555555555555556,0.0,0.8333333333333334
tangent_spike,16,84,empirical,2.460534476336245,0.9049789207806896,0.6493028866102784
tangent_spike,16,84,oas,1.6220717570930507,0.0665162015374953,0.5375820343892013
tangent_spike,16,84,spiked_known_floor,1.5848409013003333,0.02928534574477782,0.36396595909757856
tangent_spike,16,84,oracle,1.5555555555555556,0.0,0.0
tangent_spike,16,85,projection,1.5555555555555556,0.0,0.8333333333333334
tangent_spike,16,85,empirical,2.664467823971945,1.1089122684163897,0.6768289431982247
tangent_spike,16,85,oas,1.612942943370354,0.05738738781479843,0.631043135665229
tangent_spike,16,85,spiked_known_floor,1.6022081282781366,0.04665257272258094,0.5098194945877034
tangent_spike,16,85,oracle,1.5555555555555556,0.0,0.0
tangent_spike,16,86,projection,1.5555555555555556,0.0,0.8333333333333334
tangent_spike,16,86,empirical,2.5608854511468513,1.005329895591296,0.7737211719804185
tangent_spike,16,86,oas,1.6586584795160484,0.10310292396049285,0.44619975905227166
tangent_spike,16,86,spiked_known_floor,1.6432007120941525,0.08764515653859709,0.4313615694535114
tangent_spike,16,86,oracle,1.5555555555555556,0.0,0.0
tangent_spike,16,87,projection,1.5555555555555556,0.0,0.8333333333333334
tangent_spike,16,87,empirical,2.7733423627843683,1.217786807228813,0.7003360738859227
tangent_spike,16,87,oas,1.778591668284942,0.2230361127293866,0.4280903159102724
tangent_spike,16,87,spiked_known_floor,1.6910241581263759,0.13546860257082027,0.4098900360889705
tangent_spike,16,87,oracle,1.5555555555555556,0.0,0.0
tangent_spike,16,88,projection,1.5555555555555556,0.0,0.8333333333333334
tangent_spike,16,88,empirical,2.986178792208191,1.4306232366526352,0.6509694953065146
tangent_spike,16,88,oas,1.5722425582950936,0.016687002739538086,0.7307568314776329
tangent_spike,16,88,spiked_known_floor,1.5602502581022062,0.0046947025466506954,0.652046967819096
tangent_spike,16,88,oracle,1.5555555555555556,0.0,0.0
tangent_spike,16,89,projection,1.5555555555555556,0.0,0.8333333333333334
tangent_spike,16,89,empirical,2.1954893110011526,0.6399337554455973,0.8978339430805394
tangent_spike,16,89,oas,1.7030537583618381,0.14749820280628245,0.5045172031075836
tangent_spike,16,89,spiked_known_floor,1.7363095225607745,0.18075396700521906,0.5800965632543192
tangent_spike,16,89,oracle,1.5555555555555556,0.0,0.0
tangent_spike,16,90,projection,1.5555555555555556,0.0,0.8333333333333334
tangent_spike,16,90,empirical,2.6605689620512774,1.1050134064957216,0.7765123025459096
tangent_spike,16,90,oas,1.6507751035924845,0.09521954803692889,0.562283174814118
tangent_spike,16,90,spiked_known_floor,1.6270957954873952,0.0715402399318398,0.4881484022560263
tangent_spike,16,90,oracle,1.5555555555555556,0.0,0.0
tangent_spike,16,91,projection,1.5555555555555556,0.0,0.8333333333333334
tangent_spike,16,91,empirical,3.700227122435913,2.1446715668803575,0.6850775997119875
tangent_spike,16,91,oas,1.64777123168595,0.09221567613039466,0.4621385665293125
tangent_spike,16,91,spiked_known_floor,1.6060685947061506,0.05051303915059509,0.376251071286263
tangent_spike,16,91,oracle,1.5555555555555556,0.0,0.0
tangent_spike,16,92,projection,1.5555555555555556,0.0,0.8333333333333334
tangent_spike,16,92,empirical,2.8433067674422228,1.2877512118866672,0.7290444720171639
tangent_spike,16,92,oas,1.6879020548232615,0.13234649926770603,0.5406900820788785
tangent_spike,16,92,spiked_known_floor,1.6659790994258121,0.11042354387025652,0.48421825728840134
tangent_spike,16,92,oracle,1.5555555555555556,0.0,0.0
tangent_spike,16,93,projection,1.5555555555555556,0.0,0.8333333333333334
tangent_spike,16,93,empirical,2.531455668067678,0.9759001125121226,0.755205408447977
tangent_spike,16,93,oas,1.6677076692488861,0.1121521136933305,0.5068935566732947
tangent_spike,16,93,spiked_known_floor,1.645130592496181,0.08957503694062556,0.47752346377732663
tangent_spike,16,93,oracle,1.5555555555555556,0.0,0.0
tangent_spike,16,94,projection,1.5555555555555556,0.0,0.8333333333333334
tangent_spike,16,94,empirical,3.293251593938784,1.7376960383832285,0.9420608824522158
tangent_spike,16,94,oas,1.7495768449453617,0.194021289389806,0.5229043354488555
tangent_spike,16,94,spiked_known_floor,1.6963061886584296,0.14075063310287395,0.5798686388639448
tangent_spike,16,94,oracle,1.5555555555555556,0.0,0.0
tangent_spike,16,95,projection,1.5555555555555556,0.0,0.8333333333333334
tangent_spike,16,95,empirical,2.4628443279226935,0.9072887723671378,0.8278645106138066
tangent_spike,16,95,oas,1.6359478095644693,0.08039225400891356,0.5415465313896386
tangent_spike,16,95,spiked_known_floor,1.6120528990952951,0.05649734353973958,0.4999462375971502
tangent_spike,16,95,oracle,1.5555555555555556,0.0,0.0
tangent_spike,16,96,projection,1.5555555555555556,0.0,0.8333333333333334
tangent_spike,16,96,empirical,2.995271700719419,1.439716145163864,1.0511729065580693
tangent_spike,16,96,oas,1.8187038004097542,0.26314824485419863,0.5706585806939255
tangent_spike,16,96,spiked_known_floor,1.7573309284004892,0.20177537284493358,0.6840885100735555
tangent_spike,16,96,oracle,1.5555555555555556,0.0,0.0
tangent_spike,16,97,projection,1.5555555555555556,0.0,0.8333333333333334
tangent_spike,16,97,empirical,2.093985402184627,0.5384298466290717,0.7553942582040994
tangent_spike,16,97,oas,1.5654115282767604,0.009855972721204895,0.752971193882356
tangent_spike,16,97,spiked_known_floor,1.5884431121738531,0.0328875566182977,0.6543426568053201
tangent_spike,16,97,oracle,1.5555555555555556,0.0,0.0
tangent_spike,16,98,projection,1.5555555555555556,0.0,0.8333333333333334
tangent_spike,16,98,empirical,2.537042185405694,0.9814866298501381,0.8172571428794829
tangent_spike,16,98,oas,1.5668618640622742,0.011306308506718607,0.7932382676799891
tangent_spike,16,98,spiked_known_floor,1.571336806229544,0.015781250673988535,0.7527362140198074
tangent_spike,16,98,oracle,1.5555555555555556,0.0,0.0
tangent_spike,16,99,projection,1.5555555555555556,0.0,0.8333333333333334
tangent_spike,16,99,empirical,4.572495794174329,3.0169402386187736,0.6838801563286486
tangent_spike,16,99,oas,1.6686455563894262,0.11309000083387079,0.44694048960247373
tangent_spike,16,99,spiked_known_floor,1.6524299437362622,0.09687438818070666,0.3464631158726122
tangent_spike,16,99,oracle,1.5555555555555556,0.0,0.0
tangent_spike,16,100,projection,1.5555555555555556,0.0,0.8333333333333334
tangent_spike,16,100,empirical,2.3944634157437314,0.8389078601881761,0.7383899433210349
tangent_spike,16,100,oas,1.6114175410477292,0.055861985492173534,0.5684698326996148
tangent_spike,16,100,spiked_known_floor,1.594980409790243,0.03942485423468729,0.4573519178198928
tangent_spike,16,100,oracle,1.5555555555555556,0.0,0.0
tangent_spike,16,101,projection,1.5555555555555556,0.0,0.8333333333333334
tangent_spike,16,101,empirical,2.5043977585935098,0.9488422030379541,0.8229480318997512
tangent_spike,16,101,oas,1.6524618433053568,0.09690628774980121,0.5347745553420157
tangent_spike,16,101,spiked_known_floor,1.6634151087586715,0.107859553203116,0.482761307435101
tangent_spike,16,101,oracle,1.5555555555555556,0.0,0.0
tangent_spike,16,102,projection,1.5555555555555556,0.0,0.8333333333333334
tangent_spike,16,102,empirical,2.6216165752328204,1.0660610196772649,0.9099442441375222
tangent_spike,16,102,oas,1.6705322268792495,0.11497667132369399,0.4953406623454126
tangent_spike,16,102,spiked_known_floor,1.6746171588625869,0.11906160330703137,0.5436116270811847
tangent_spike,16,102,oracle,1.5555555555555556,0.0,0.0
tangent_spike,16,103,projection,1.5555555555555556,0.0,0.8333333333333334
tangent_spike,16,103,empirical,1.9785470948378263,0.4229915392822708,0.7698365826696633
tangent_spike,16,103,oas,1.5758565916174987,0.02030103606194309,0.70613789133425
tangent_spike,16,103,spiked_known_floor,1.5963167453103608,0.0407611897548053,0.5806594134061734
tangent_spike,16,103,oracle,1.5555555555555556,0.0,0.0
tangent_spike,16,104,projection,1.5555555555555556,0.0,0.8333333333333334
tangent_spike,16,104,empirical,2.38272067194665,0.8271651163910945,0.5437804344423034
tangent_spike,16,104,oas,1.6134195538233866,0.057863998267831,0.4966349121334013
tangent_spike,16,104,spiked_known_floor,1.5660881101061797,0.010532554550624016,0.3213689342226726
tangent_spike,16,104,oracle,1.5555555555555556,0.0,0.0
tangent_spike,16,105,projection,1.5555555555555556,0.0,0.8333333333333334
tangent_spike,16,105,empirical,3.3093212889537176,1.753765733398162,0.766458065843734
tangent_spike,16,105,oas,1.6261250547588935,0.07056949920333806,0.6683857334130295
tangent_spike,16,105,spiked_known_floor,1.616879334995848,0.06132377944029231,0.6052793639465317
tangent_spike,16,105,oracle,1.5555555555555556,0.0,0.0
tangent_spike,16,106,projection,1.5555555555555556,0.0,0.8333333333333334
tangent_spike,16,106,empirical,2.3894387983698047,0.8338832428142493,0.6791484062825361
tangent_spike,16,106,oas,1.5992205082198587,0.04366495266430301,0.6365788031613107
tangent_spike,16,106,spiked_known_floor,1.6220615823138462,0.06650602675829066,0.5126486258278539
tangent_spike,16,106,oracle,1.5555555555555556,0.0,0.0
tangent_spike,16,107,projection,1.5555555555555556,0.0,0.8333333333333334
tangent_spike,16,107,empirical,2.165682566434452,0.6101270108788965,0.8409577186902765
tangent_spike,16,107,oas,1.6884179537698425,0.13286239821428691,0.43159924858934096
tangent_spike,16,107,spiked_known_floor,1.7232434247231723,0.16768786916761674,0.4932788465869493
tangent_spike,16,107,oracle,1.5555555555555556,0.0,0.0
tangent_spike,16,108,projection,1.5555555555555556,0.0,0.8333333333333334
tangent_spike,16,108,empirical,2.4329544752302934,0.8773989196747378,0.7471186330998951
tangent_spike,16,108,oas,1.6008607474398124,0.045305191884256954,0.6871344353773492
tangent_spike,16,108,spiked_known_floor,1.5969559886956575,0.041400433140101896,0.5929490029862545
tangent_spike,16,108,oracle,1.5555555555555556,0.0,0.0
tangent_spike,16,109,projection,1.5555555555555556,0.0,0.8333333333333334
tangent_spike,16,109,empirical,3.664914576825262,2.1093590212697055,0.6873868188888675
tangent_spike,16,109,oas,1.6468987987312884,0.09134324317573282,0.5246799044019466
tangent_spike,16,109,spiked_known_floor,1.6112955958357391,0.05574004028018363,0.40144188266441644
tangent_spike,16,109,oracle,1.5555555555555556,0.0,0.0
tangent_spike,16,110,projection,1.5555555555555556,0.0,0.8333333333333334
tangent_spike,16,110,empirical,2.5776253857031772,1.0220698301476219,0.601548023804752
tangent_spike,16,110,oas,1.5929766199783615,0.03742106442280595,0.5875803283496742
tangent_spike,16,110,spiked_known_floor,1.5937596682530757,0.0382041126975203,0.4511072303576593
tangent_spike,16,110,oracle,1.5555555555555556,0.0,0.0
tangent_spike,16,111,projection,1.5555555555555556,0.0,0.8333333333333334
tangent_spike,16,111,empirical,2.2217719904965385,0.6662164349409829,0.7040924988548288
tangent_spike,16,111,oas,1.6285893165112633,0.07303376095570774,0.5333345796939285
tangent_spike,16,111,spiked_known_floor,1.6276597334298206,0.07210417787426504,0.3969219590146831
tangent_spike,16,111,oracle,1.5555555555555556,0.0,0.0
tangent_spike,16,112,projection,1.5555555555555556,0.0,0.8333333333333334
tangent_spike,16,112,empirical,2.2485191056982012,0.6929635501426457,0.7187368198108831
tangent_spike,16,112,oas,1.6022285423009113,0.04667298674535583,0.653619192626878
tangent_spike,16,112,spiked_known_floor,1.6104047013225626,0.0548491457670072,0.5353361059716658
tangent_spike,16,112,oracle,1.5555555555555556,0.0,0.0
tangent_spike,16,113,projection,1.5555555555555556,0.0,0.8333333333333334
tangent_spike,16,113,empirical,2.3469051471895694,0.791349591634014,1.3085259984215527
tangent_spike,16,113,oas,1.7681981875579413,0.21264263200238578,0.7854100068259703
tangent_spike,16,113,spiked_known_floor,1.7834163312223597,0.22786077566680404,0.9852771645345372
tangent_spike,16,113,oracle,1.5555555555555556,0.0,0.0
tangent_spike,16,114,projection,1.5555555555555556,0.0,0.8333333333333334
tangent_spike,16,114,empirical,2.9157597141951417,1.3602041586395859,0.7596278041936356
tangent_spike,16,114,oas,1.5690758311315733,0.013520275576017898,0.7499317161646334
tangent_spike,16,114,spiked_known_floor,1.5838927596616303,0.028337204106074838,0.658942602409288
tangent_spike,16,114,oracle,1.5555555555555556,0.0,0.0
tangent_spike,16,115,projection,1.5555555555555556,0.0,0.8333333333333334
tangent_spike,16,115,empirical,2.1386803017756097,0.5831247462200542,0.7965631555504831
tangent_spike,16,115,oas,1.5683605914334238,0.012805035877868244,0.7728529091539933
tangent_spike,16,115,spiked_known_floor,1.5857372549311224,0.030181699375566712,0.7215563284068908
tangent_spike,16,115,oracle,1.5555555555555556,0.0,0.0
tangent_spike,16,116,projection,1.5555555555555556,0.0,0.8333333333333334
tangent_spike,16,116,empirical,2.0902305535336527,0.5346749979780969,0.732766097055975
tangent_spike,16,116,oas,1.580388830357872,0.024833274802316337,0.7024903648909202
tangent_spike,16,116,spiked_known_floor,1.6024106717635302,0.04685511620797478,0.5807470592399192
tangent_spike,16,116,oracle,1.5555555555555556,0.0,0.0
tangent_spike,16,117,projection,1.5555555555555556,0.0,0.8333333333333334
tangent_spike,16,117,empirical,3.0358252213416628,1.4802696657861074,0.905258272808504
tangent_spike,16,117,oas,1.752452964239028,0.19689740868347247,0.4750337712942519
tangent_spike,16,117,spiked_known_floor,1.734198864387152,0.17864330883159632,0.5539699254140313
tangent_spike,16,117,oracle,1.5555555555555556,0.0,0.0
tangent_spike,16,118,projection,1.5555555555555556,0.0,0.8333333333333334
tangent_spike,16,118,empirical,2.204637078679413,0.6490815231238575,0.5862888410749475
tangent_spike,16,118,oas,1.6040091826578715,0.048453627102316044,0.616189030652398
tangent_spike,16,118,spiked_known_floor,1.5820882123634392,0.026532656807883657,0.5144341439834638
tangent_spike,16,118,oracle,1.5555555555555556,0.0,0.0
tangent_spike,16,119,projection,1.5555555555555556,0.0,0.8333333333333334
tangent_spike,16,119,empirical,2.8170043418831012,1.2614487863275459,0.7261395631803369
tangent_spike,16,119,oas,1.5954883237045723,0.039932768149016674,0.6779706757780993
tangent_spike,16,119,spiked_known_floor,1.60821791600445,0.05266236044889456,0.554003490896736
tangent_spike,16,119,oracle,1.5555555555555556,0.0,0.0
tangent_spike,16,120,projection,1.5555555555555556,0.0,0.8333333333333334
tangent_spike,16,120,empirical,2.2167476368953754,0.6611920813398195,0.6918510330549826
tangent_spike,16,120,oas,1.5701128619666567,0.014557306411101027,0.7184865708544544
tangent_spike,16,120,spiked_known_floor,1.5840878140434715,0.028532258487915893,0.5671091077251796
tangent_spike,16,120,oracle,1.5555555555555556,0.0,0.0
tangent_spike,16,121,projection,1.5555555555555556,0.0,0.8333333333333334
tangent_spike,16,121,empirical,2.2825456272565345,0.7269900717009792,0.7975836970668478
tangent_spike,16,121,oas,1.623239335838036,0.06768378028248045,0.6490427800041733
tangent_spike,16,121,spiked_known_floor,1.6406297201407805,0.08507416458522475,0.5697306203122038
tangent_spike,16,121,oracle,1.5555555555555556,0.0,0.0
tangent_spike,16,122,projection,1.5555555555555556,0.0,0.8333333333333334
tangent_spike,16,122,empirical,2.3659599220456062,0.8104043664900503,0.6953543068255509
tangent_spike,16,122,oas,1.6234392528918065,0.06788369733625091,0.6359921441128925
tangent_spike,16,122,spiked_known_floor,1.6240675515937157,0.06851199603816,0.5202729005014057
tangent_spike,16,122,oracle,1.5555555555555556,0.0,0.0
tangent_spike,16,123,projection,1.5555555555555556,0.0,0.8333333333333334
tangent_spike,16,123,empirical,2.167263114565679,0.6117075590101234,0.7835616815767827
tangent_spike,16,123,oas,1.5786359941080836,0.023080438552528063,0.7251954237539254
tangent_spike,16,123,spiked_known_floor,1.5943308343782503,0.038775278822694624,0.6832272062603847
tangent_spike,16,123,oracle,1.5555555555555556,0.0,0.0
tangent_spike,16,124,projection,1.5555555555555556,0.0,0.8333333333333334
tangent_spike,16,124,empirical,2.5061612073424593,0.9506056517869038,0.6544575425883378
tangent_spike,16,124,oas,1.6094201002302282,0.05386454467467262,0.6053575637729544
tangent_spike,16,124,spiked_known_floor,1.6237253283387494,0.06816977278319367,0.48396838371428563
tangent_spike,16,124,oracle,1.5555555555555556,0.0,0.0
tangent_spike,16,125,projection,1.5555555555555556,0.0,0.8333333333333334
tangent_spike,16,125,empirical,2.5032062819161895,0.9476507263606339,0.9298174333918213
tangent_spike,16,125,oas,1.6919407766350072,0.13638522107945175,0.5462050434832763
tangent_spike,16,125,spiked_known_floor,1.6259660795342394,0.07041052397868387,0.5990104857576685
tangent_spike,16,125,oracle,1.5555555555555556,0.0,0.0
tangent_spike,16,126,projection,1.5555555555555556,0.0,0.8333333333333334
tangent_spike,16,126,empirical,2.8452746693196764,1.2897191137641209,0.6794247788783414
tangent_spike,16,126,oas,1.619430373363878,0.0638748178083224,0.6047941287394264
tangent_spike,16,126,spiked_known_floor,1.6207735535318815,0.06521799797632592,0.5005924201454268
tangent_spike,16,126,oracle,1.5555555555555556,0.0,0.0
tangent_spike,16,127,projection,1.5555555555555556,0.0,0.8333333333333334
tangent_spike,16,127,empirical,2.6058767198177484,1.0503211642621926,0.9328625172439677
tangent_spike,16,127,oas,1.7549732162937883,0.19941766073823264,0.5345654141468603
tangent_spike,16,127,spiked_known_floor,1.7044794324088062,0.14892387685325065,0.6157536652045924
tangent_spike,16,127,oracle,1.5555555555555556,0.0,0.0
tangent_spike,16,128,projection,1.5555555555555556,0.0,0.8333333333333334
tangent_spike,16,128,empirical,2.310150195417125,0.7545946398615695,0.7481680820960578
tangent_spike,16,128,oas,1.6529382063039355,0.0973826507483799,0.5861562678297162
tangent_spike,16,128,spiked_known_floor,1.6536738700995939,0.09811831454403834,0.492576343786425
tangent_spike,16,128,oracle,1.5555555555555556,0.0,0.0
tangent_spike,16,129,projection,1.5555555555555556,0.0,0.8333333333333334
tangent_spike,16,129,empirical,2.5559768935650147,1.000421338009459,0.6378595180982761
tangent_spike,16,129,oas,1.67023887743362,0.11468332187806458,0.4429658896859565
tangent_spike,16,129,spiked_known_floor,1.647645782377487,0.09209022682193145,0.34508576767472987
tangent_spike,16,129,oracle,1.5555555555555556,0.0,0.0
tangent_spike,16,130,projection,1.5555555555555556,0.0,0.8333333333333334
tangent_spike,16,130,empirical,3.0284896277625446,1.4729340722069892,0.7977975731296852
tangent_spike,16,130,oas,1.6898649466503428,0.13430939109478715,0.5441848129393331
tangent_spike,16,130,spiked_known_floor,1.6851354682407598,0.12957991268520436,0.5192712648443134
tangent_spike,16,130,oracle,1.5555555555555556,0.0,0.0
tangent_spike,16,131,projection,1.5555555555555556,0.0,0.8333333333333334
tangent_spike,16,131,empirical,2.47815497588734,0.9225994203317841,0.5458056974489294
tangent_spike,16,131,oas,1.571322412431647,0.01576685687609131,0.6514996085614908
tangent_spike,16,131,spiked_known_floor,1.5633331014704896,0.007777545914934022,0.4702716077543336
tangent_spike,16,131,oracle,1.5555555555555556,0.0,0.0
tangent_spike,16,132,projection,1.5555555555555556,0.0,0.8333333333333334
tangent_spike,16,132,empirical,2.743564895105953,1.1880093395503974,0.7559965718283577
tangent_spike,16,132,oas,1.6786859800573777,0.1231304245018221,0.48366549904669487
tangent_spike,16,132,spiked_known_floor,1.6744148900123885,0.11885933445683294,0.3532787461196884
tangent_spike,16,132,oracle,1.5555555555555556,0.0,0.0
tangent_spike,16,133,projection,1.5555555555555556,0.0,0.8333333333333334
tangent_spike,16,133,empirical,2.3701531902470094,0.8145976346914536,0.9729570166254949
tangent_spike,16,133,oas,1.7102352712618005,0.15467971570624497,0.5333486149912745
tangent_spike,16,133,spiked_known_floor,1.7239728715012506,0.16841731594569498,0.5778465568094048
tangent_spike,16,133,oracle,1.5555555555555556,0.0,0.0
tangent_spike,16,134,projection,1.5555555555555556,0.0,0.8333333333333334
tangent_spike,16,134,empirical,2.337683126891033,0.7821275713354775,0.8053641939193188
tangent_spike,16,134,oas,1.7583675646077723,0.20281200905221664,0.5582602024677641
tangent_spike,16,134,spiked_known_floor,1.6845254671664123,0.12896991161085677,0.520015939173008
tangent_spike,16,134,oracle,1.5555555555555556,0.0,0.0
tangent_spike,16,135,projection,1.5555555555555556,0.0,0.8333333333333334
tangent_spike,16,135,empirical,2.047821994730625,0.4922664391750694,0.7178888622866553
tangent_spike,16,135,oas,1.5922507004582873,0.03669514490273164,0.7228485403349372
tangent_spike,16,135,spiked_known_floor,1.5927513416964316,0.03719578614087593,0.6472763267129543
tangent_spike,16,135,oracle,1.5555555555555556,0.0,0.0
tangent_spike,16,136,projection,1.5555555555555556,0.0,0.8333333333333334
tangent_spike,16,136,empirical,2.5744290884638636,1.018873532908308,0.6092200579346995
tangent_spike,16,136,oas,1.6493510794637831,0.09379552390822747,0.5289483176395912
tangent_spike,16,136,spiked_known_floor,1.6188583456545431,0.06330279009898754,0.4125057766917868
tangent_spike,16,136,oracle,1.5555555555555556,0.0,0.0
tangent_spike,16,137,projection,1.5555555555555556,0.0,0.8333333333333334
tangent_spike,16,137,empirical,2.1225144880302245,0.5669589324746688,0.8056161838303054
tangent_spike,16,137,oas,1.57524234192987,0.01968678637431452,0.7582015413981532
tangent_spike,16,137,spiked_known_floor,1.5720501995317624,0.016494643976206858,0.7095064249314088
tangent_spike,16,137,oracle,1.5555555555555556,0.0,0.0
tangent_spike,16,138,projection,1.5555555555555556,0.0,0.8333333333333334
tangent_spike,16,138,empirical,2.4348929969632467,0.8793374414076911,0.7510489682746565
tangent_spike,16,138,oas,1.7014811112171637,0.1459255556616081,0.5164733004182666
tangent_spike,16,138,spiked_known_floor,1.661669917762929,0.1061143622073735,0.4443076133271679
tangent_spike,16,138,oracle,1.5555555555555556,0.0,0.0
tangent_spike,16,139,projection,1.5555555555555556,0.0,0.8333333333333334
tangent_spike,16,139,empirical,2.259301216338879,0.7037456607833235,0.6812496586935851
tangent_spike,16,139,oas,1.5982033801734303,0.04264782461787473,0.6432662070977763
tangent_spike,16,139,spiked_known_floor,1.590636633286467,0.03508107773091145,0.5245471311649436
tangent_spike,16,139,oracle,1.5555555555555556,0.0,0.0
tangent_spike,16,140,projection,1.5555555555555556,0.0,0.8333333333333334
tangent_spike,16,140,empirical,2.299489520593148,0.7439339650375926,0.6390415021578376
tangent_spike,16,140,oas,1.6878514753700267,0.13229591981447109,0.4169982886899419
tangent_spike,16,140,spiked_known_floor,1.6733343166199306,0.11777876106437511,0.330150659865516
tangent_spike,16,140,oracle,1.5555555555555556,0.0,0.0
tangent_spike,16,141,projection,1.5555555555555556,0.0,0.8333333333333334
tangent_spike,16,141,empirical,2.1029829345989333,0.547427379043378,0.7081882359796928
tangent_spike,16,141,oas,1.5861308350087777,0.030575279453222106,0.672233871412237
tangent_spike,16,141,spiked_known_floor,1.5880824414091657,0.03252688585361014,0.5600188537082788
tangent_spike,16,141,oracle,1.5555555555555556,0.0,0.0
tangent_spike,16,142,projection,1.5555555555555556,0.0,0.8333333333333334
tangent_spike,16,142,empirical,2.2233504772799404,0.6677949217243848,0.6331716431109172
tangent_spike,16,142,oas,1.594845223595764,0.03928966804020839,0.6245927061062627
tangent_spike,16,142,spiked_known_floor,1.5938307255892787,0.038275170033723195,0.47225690173559515
tangent_spike,16,142,oracle,1.5555555555555556,0.0,0.0
tangent_spike,16,143,projection,1.5555555555555556,0.0,0.8333333333333334
tangent_spike,16,143,empirical,3.0450323581940975,1.4894768026385417,0.7275675413059027
tangent_spike,16,143,oas,1.5882615783834075,0.032706022827852003,0.704588536508564
tangent_spike,16,143,spiked_known_floor,1.5927757375496776,0.0372201819941221,0.598890900617245
tangent_spike,16,143,oracle,1.5555555555555556,0.0,0.0
tangent_spike,16,144,projection,1.5555555555555556,0.0,0.8333333333333334
tangent_spike,16,144,empirical,2.490452902416277,0.9348973468607215,0.7193748584696548
tangent_spike,16,144,oas,1.5787566405400386,0.02320108498448314,0.7185183703023368
tangent_spike,16,144,spiked_known_floor,1.5809486508709265,0.025393095315370914,0.6207158144506572
tangent_spike,16,144,oracle,1.5555555555555556,0.0,0.0
tangent_spike,16,145,projection,1.5555555555555556,0.0,0.8333333333333334
tangent_spike,16,145,empirical,2.243412344898787,0.6878567893432315,0.7178586567332812
tangent_spike,16,145,oas,1.6019657353378192,0.04641017978226357,0.686353168690626
tangent_spike,16,145,spiked_known_floor,1.6107916895840022,0.055236134028446654,0.5983455873748139
tangent_spike,16,145,oracle,1.5555555555555556,0.0,0.0
tangent_spike,16,146,projection,1.5555555555555556,0.0,0.8333333333333334
tangent_spike,16,146,empirical,2.3108236481851776,0.7552680926296219,0.7778443515375971
tangent_spike,16,146,oas,1.5686643404701592,0.013108784914603573,0.7693422755470766
tangent_spike,16,146,spiked_known_floor,1.5758906066577802,0.0203350511022247,0.715035671282954
tangent_spike,16,146,oracle,1.5555555555555556,0.0,0.0
tangent_spike,16,147,projection,1.5555555555555556,0.0,0.8333333333333334
tangent_spike,16,147,empirical,1.9621036826506837,0.4065481270951279,0.681463165334284
tangent_spike,16,147,oas,1.6185728199732448,0.06301726441768916,0.6277776866912793
tangent_spike,16,147,spiked_known_floor,1.615941738534077,0.060386182978521594,0.5264375270770519
tangent_spike,16,147,oracle,1.5555555555555556,0.0,0.0
tangent_spike,16,148,projection,1.5555555555555556,0.0,0.8333333333333334
tangent_spike,16,148,empirical,3.2747304824737165,1.7191749269181609,1.1350557355675976
tangent_spike,16,148,oas,1.8262124771831516,0.2706569216275962,0.6770313006419779
tangent_spike,16,148,spiked_known_floor,1.762778889172447,0.20722333361689144,0.8115119249713074
tangent_spike,16,148,oracle,1.5555555555555556,0.0,0.0
tangent_spike,16,149,projection,1.5555555555555556,0.0,0.8333333333333334
tangent_spike,16,149,empirical,2.5356478303067083,0.9800922747511527,0.6280362196581418
tangent_spike,16,149,oas,1.5969255596327172,0.041370004077161744,0.6748582443926305
tangent_spike,16,149,spiked_known_floor,1.5905486943635525,0.034993138807996926,0.5868893254371015
tangent_spike,16,149,oracle,1.5555555555555556,0.0,0.0
tangent_spike,16,150,projection,1.5555555555555556,0.0,0.8333333333333334
tangent_spike,16,150,empirical,2.350131508183207,0.7945759526276513,0.7024494464650188
tangent_spike,16,150,oas,1.6121232883098233,0.05656773275426766,0.6459235394059348
tangent_spike,16,150,spiked_known_floor,1.6238451888445602,0.06828963328900467,0.5330431187535166
tangent_spike,16,150,oracle,1.5555555555555556,0.0,0.0
tangent_spike,16,151,projection,1.5555555555555556,0.0,0.8333333333333334
tangent_spike,16,151,empirical,2.789431266669729,1.2338757111141736,0.7158605198717881
tangent_spike,16,151,oas,1.6895021378301365,0.13394658227458092,0.514797186708138
tangent_spike,16,151,spiked_known_floor,1.6578205069944314,0.10226495143887587,0.4671890648596549
tangent_spike,16,151,oracle,1.5555555555555556,0.0,0.0
tangent_spike,16,152,projection,1.5555555555555556,0.0,0.8333333333333334
tangent_spike,16,152,empirical,3.07059279088484,1.5150372353292842,0.8945313712259949
tangent_spike,16,152,oas,1.769777803161231,0.2142222476056754,0.5540644078957396
tangent_spike,16,152,spiked_known_floor,1.6601112718615116,0.1045557163059561,0.5989533713873257
tangent_spike,16,152,oracle,1.5555555555555556,0.0,0.0
tangent_spike,16,153,projection,1.5555555555555556,0.0,0.8333333333333334
tangent_spike,16,153,empirical,2.5912862925814495,1.0357307370258941,0.6203217321755186
tangent_spike,16,153,oas,1.6312554820134872,0.07569992645793172,0.5016563456342334
tangent_spike,16,153,spiked_known_floor,1.605766381199687,0.050210825644131506,0.36932736567671537
tangent_spike,16,153,oracle,1.5555555555555556,0.0,0.0
tangent_spike,16,154,projection,1.5555555555555556,0.0,0.8333333333333334
tangent_spike,16,154,empirical,2.221139455635677,0.6655839000801217,0.7125281671164756
tangent_spike,16,154,oas,1.6748721361865446,0.11931658063098911,0.5603469149376602
tangent_spike,16,154,spiked_known_floor,1.6445938681065682,0.08903831255101266,0.48227788541497624
tangent_spike,16,154,oracle,1.5555555555555556,0.0,0.0
tangent_spike,16,155,projection,1.5555555555555556,0.0,0.8333333333333334
tangent_spike,16,155,empirical,2.736662575417179,1.1811070198616234,0.9648046190143761
tangent_spike,16,155,oas,1.7267678077611417,0.17121225220558622,0.5140500877903542
tangent_spike,16,155,spiked_known_floor,1.6410778858573303,0.08552233030177465,0.6221699915288511
tangent_spike,16,155,oracle,1.5555555555555556,0.0,0.0
tangent_spike,16,156,projection,1.5555555555555556,0.0,0.8333333333333334
tangent_spike,16,156,empirical,2.811592495275365,1.2560369397198092,0.7781231366414155
tangent_spike,16,156,oas,1.5946704214988199,0.03911486594326432,0.7220509956334985
tangent_spike,16,156,spiked_known_floor,1.5943965370649158,0.0388409815093604,0.6455606021151854
tangent_spike,16,156,oracle,1.5555555555555556,0.0,0.0
tangent_spike,16,157,projection,1.5555555555555556,0.0,0.8333333333333334
tangent_spike,16,157,empirical,3.0583948268820005,1.502839271326445,0.6784293130695627
tangent_spike,16,157,oas,1.5986974296963732,0.04314187414081764,0.6414193415703408
tangent_spike,16,157,spiked_known_floor,1.6165170884458064,0.06096153289025087,0.539946171229117
tangent_spike,16,157,oracle,1.5555555555555556,0.0,0.0
tangent_spike,16,158,projection,1.5555555555555556,0.0,0.8333333333333334
tangent_spike,16,158,empirical,2.848280717160771,1.2927251616052156,0.7533281787789675
tangent_spike,16,158,oas,1.727852909699418,0.1722973541438625,0.5201918846310586
tangent_spike,16,158,spiked_known_floor,1.6709335215996721,0.11537796604411647,0.46916884436499307
tangent_spike,16,158,oracle,1.5555555555555556,0.0,0.0
tangent_spike,16,159,projection,1.5555555555555556,0.0,0.8333333333333334
tangent_spike,16,159,empirical,2.6568131769748025,1.1012576214192467,0.7757786210775355
tangent_spike,16,159,oas,1.7054502156286193,0.1498946600730639,0.5107629467612989
tangent_spike,16,159,spiked_known_floor,1.6928153230558314,0.137259767500276,0.49291495666656754
tangent_spike,16,159,oracle,1.5555555555555556,0.0,0.0
tangent_spike,16,160,projection,1.5555555555555556,0.0,0.8333333333333334
tangent_spike,16,160,empirical,2.2654348473530077,0.709879291797452,0.627762877839206
tangent_spike,16,160,oas,1.6132712803228388,0.057715724767283295,0.5204037214182284
tangent_spike,16,160,spiked_known_floor,1.6135617776518,0.058006222096244495,0.3852510461536383
tangent_spike,16,160,oracle,1.5555555555555556,0.0,0.0
tangent_spike,16,161,projection,1.5555555555555556,0.0,0.8333333333333334
tangent_spike,16,161,empirical,3.495243617235384,1.9396880616798287,0.7220373825307601
tangent_spike,16,161,oas,1.6520469108718088,0.09649135531625323,0.5557824014347211
tangent_spike,16,161,spiked_known_floor,1.6563270635246463,0.10077150796909075,0.4615414277262139
tangent_spike,16,161,oracle,1.5555555555555556,0.0,0.0
tangent_spike,16,162,projection,1.5555555555555556,0.0,0.8333333333333334
tangent_spike,16,162,empirical,2.2384119300923486,0.6828563745367928,0.6711485635951883
tangent_spike,16,162,oas,1.595303545675273,0.039747990119717476,0.6326174911561969
tangent_spike,16,162,spiked_known_floor,1.5755659916400306,0.020010436084474885,0.5409628774401439
tangent_spike,16,162,oracle,1.5555555555555556,0.0,0.0
tangent_spike,16,163,projection,1.5555555555555556,0.0,0.8333333333333334
tangent_spike,16,163,empirical,2.5132119276428284,0.9576563720872731,0.6862201269867999
tangent_spike,16,163,oas,1.6708781536157056,0.1153225980601499,0.4704232698791318
tangent_spike,16,163,spiked_known_floor,1.6510906967043955,0.09553514114883993,0.4007679492833023
tangent_spike,16,163,oracle,1.5555555555555556,0.0,0.0
tangent_spike,16,164,projection,1.5555555555555556,0.0,0.8333333333333334
tangent_spike,16,164,empirical,2.107437462566392,0.5518819070108362,0.7856887901060691
tangent_spike,16,164,oas,1.6547315699603766,0.09917601440482124,0.45352429750134715
tangent_spike,16,164,spiked_known_floor,1.5996390921503492,0.044083536594793665,0.45579019497707324
tangent_spike,16,164,oracle,1.5555555555555556,0.0,0.0
tangent_spike,16,165,projection,1.5555555555555556,0.0,0.8333333333333334
tangent_spike,16,165,empirical,2.4243803918085263,0.8688248362529706,0.6473218304711139
tangent_spike,16,165,oas,1.6562051610289141,0.1006496054733586,0.578397841359806
tangent_spike,16,165,spiked_known_floor,1.6369514967046976,0.08139594114914202,0.4800519982041583
tangent_spike,16,165,oracle,1.5555555555555556,0.0,0.0
tangent_spike,16,166,projection,1.5555555555555556,0.0,0.8333333333333334
tangent_spike,16,166,empirical,2.395757481824658,0.8402019262691027,0.6562662408475273
tangent_spike,16,166,oas,1.621639472333874,0.06608391677831846,0.5739389236002183
tangent_spike,16,166,spiked_known_floor,1.632663815618308,0.0771082600627524,0.43453801371149336
tangent_spike,16,166,oracle,1.5555555555555556,0.0,0.0
tangent_spike,16,167,projection,1.5555555555555556,0.0,0.8333333333333334
tangent_spike,16,167,empirical,2.0795156323250374,0.5239600767694818,0.8440124259367758
tangent_spike,16,167,oas,1.5564048347584036,0.000849279202848036,0.8001942006077751
tangent_spike,16,167,spiked_known_floor,1.5707026297838715,0.015147074228316067,0.7493627318916061
tangent_spike,16,167,oracle,1.5555555555555556,0.0,0.0
tangent_spike,16,168,projection,1.5555555555555556,0.0,0.8333333333333334
tangent_spike,16,168,empirical,2.4257963072389312,0.8702407516833756,0.6443648438318905
tangent_spike,16,168,oas,1.6433720653347543,0.08781650977919876,0.4819973570998352
tangent_spike,16,168,spiked_known_floor,1.6131752928107315,0.05761973725517595,0.3235509780393594
tangent_spike,16,168,oracle,1.5555555555555556,0.0,0.0
tangent_spike,16,169,projection,1.5555555555555556,0.0,0.8333333333333334
tangent_spike,16,169,empirical,2.1883297405204494,0.6327741849648937,0.8643750421746046
tangent_spike,16,169,oas,1.5810544807438545,0.02549892518829893,0.7468304838515186
tangent_spike,16,169,spiked_known_floor,1.611705701642563,0.05615014608700757,0.6856838263632633
tangent_spike,16,169,oracle,1.5555555555555556,0.0,0.0
tangent_spike,16,170,projection,1.5555555555555556,0.0,0.8333333333333334
tangent_spike,16,170,empirical,2.6510631705857306,1.0955076150301748,0.9642315813600578
tangent_spike,16,170,oas,1.8587301357767205,0.3031745802211651,0.6271906814953768
tangent_spike,16,170,spiked_known_floor,1.725028998099459,0.1694734425439035,0.6679479653503893
tangent_spike,16,170,oracle,1.5555555555555556,0.0,0.0
tangent_spike,16,171,projection,1.5555555555555556,0.0,0.8333333333333334
tangent_spike,16,171,empirical,3.629731265759181,2.0741757102036247,0.7798121055841936
tangent_spike,16,171,oas,1.7282374963585676,0.17268194080301213,0.44749239626846166
tangent_spike,16,171,spiked_known_floor,1.6542996145875086,0.09874405903195295,0.43465876706829704
tangent_spike,16,171,oracle,1.5555555555555556,0.0,0.0
tangent_spike,16,172,projection,1.5555555555555556,0.0,0.8333333333333334
tangent_spike,16,172,empirical,3.0918706511746006,1.5363150956190448,1.1593411430256038
tangent_spike,16,172,oas,1.861757946081128,0.3062023905255725,0.7153845805173965
tangent_spike,16,172,spiked_known_floor,1.7173006758782732,0.16174512032271773,0.8463193965628393
tangent_spike,16,172,oracle,1.5555555555555556,0.0,0.0
tangent_spike,16,173,projection,1.5555555555555556,0.0,0.8333333333333334
tangent_spike,16,173,empirical,2.3307212426612516,0.7751656871056959,0.7206015373777023
tangent_spike,16,173,oas,1.6194390823919727,0.06388352683641711,0.61509476571283
tangent_spike,16,173,spiked_known_floor,1.6168714756095068,0.06131592005395124,0.5336716872676476
tangent_spike,16,173,oracle,1.5555555555555556,0.0,0.0
tangent_spike,16,174,projection,1.5555555555555556,0.0,0.8333333333333334
tangent_spike,16,174,empirical,2.1134303850605325,0.5578748295049768,0.7136075901929763
tangent_spike,16,174,oas,1.5625112574523703,0.006955701896814901,0.7867903504248961
tangent_spike,16,174,spiked_known_floor,1.5636112103106703,0.008055654755114735,0.7377898954268444
tangent_spike,16,174,oracle,1.5555555555555556,0.0,0.0
tangent_spike,16,175,projection,1.5555555555555556,0.0,0.8333333333333334
tangent_spike,16,175,empirical,2.6651322593013997,1.1095767037458444,0.7147844534964917
tangent_spike,16,175,oas,1.5830730980584256,0.02751754250287002,0.7034539856256239
tangent_spike,16,175,spiked_known_floor,1.589369408509667,0.03381385295411134,0.5986520602879913
tangent_spike,16,175,oracle,1.5555555555555556,0.0,0.0
tangent_spike,16,176,projection,1.5555555555555556,0.0,0.8333333333333334
tangent_spike,16,176,empirical,2.1888559415067173,0.6333003859511614,0.6188794649998538
tangent_spike,16,176,oas,1.6156555624382665,0.06010000688271106,0.6030833836984634
tangent_spike,16,176,spiked_known_floor,1.5962106523094046,0.04065509675384892,0.4796520938546311
tangent_spike,16,176,oracle,1.5555555555555556,0.0,0.0
tangent_spike,16,177,projection,1.5555555555555556,0.0,0.8333333333333334
tangent_spike,16,177,empirical,2.4419786248088644,0.886423069253309,0.6312691216114007
tangent_spike,16,177,oas,1.6535997583309676,0.09804420277541209,0.39777305240364735
tangent_spike,16,177,spiked_known_floor,1.587579271695015,0.03202371613945944,0.28688034516486166
tangent_spike,16,177,oracle,1.5555555555555556,0.0,0.0
tangent_spike,16,178,projection,1.5555555555555556,0.0,0.8333333333333334
tangent_spike,16,178,empirical,2.388951125493648,0.8333955699380925,0.6386385502235952
tangent_spike,16,178,oas,1.621152557275902,0.06559700172034653,0.6092002337455422
tangent_spike,16,178,spiked_known_floor,1.602295838741365,0.046740283185809604,0.5136360465318701
tangent_spike,16,178,oracle,1.5555555555555556,0.0,0.0
tangent_spike,16,179,projection,1.5555555555555556,0.0,0.8333333333333334
tangent_spike,16,179,empirical,2.2708709515218186,0.7153153959662633,0.7733200721817886
tangent_spike,16,179,oas,1.6041142989058192,0.0485587433502638,0.6823340086614649
tangent_spike,16,179,spiked_known_floor,1.6219924252255908,0.06643686967003523,0.5928090319349439
tangent_spike,16,179,oracle,1.5555555555555556,0.0,0.0
tangent_spike,16,180,projection,1.5555555555555556,0.0,0.8333333333333334
tangent_spike,16,180,empirical,2.545546012679546,0.9899904571239904,1.1470827429969506
tangent_spike,16,180,oas,1.7730910149373527,0.2175354593817971,0.6593533159359108
tangent_spike,16,180,spiked_known_floor,1.6914993784777848,0.13594382292222928,0.7929347374463444
tangent_spike,16,180,oracle,1.5555555555555556,0.0,0.0
tangent_spike,16,181,projection,1.5555555555555556,0.0,0.8333333333333334
tangent_spike,16,181,empirical,2.47090830032613,0.9153527447705745,0.6426963451426496
tangent_spike,16,181,oas,1.6186291799890309,0.06307362443347515,0.5960343431675446
tangent_spike,16,181,spiked_known_floor,1.6116184808248561,0.05606292526930058,0.460059927954294
tangent_spike,16,181,oracle,1.5555555555555556,0.0,0.0
tangent_spike,16,182,projection,1.5555555555555556,0.0,0.8333333333333334
tangent_spike,16,182,empirical,2.384251625118767,0.8286960695632114,0.6395925547912491
tangent_spike,16,182,oas,1.6100836985526514,0.05452814299709594,0.5942429970754963
tangent_spike,16,182,spiked_known_floor,1.6011500376895718,0.04559448213401604,0.44396519847883287
tangent_spike,16,182,oracle,1.5555555555555556,0.0,0.0
tangent_spike,16,183,projection,1.5555555555555556,0.0,0.8333333333333334
tangent_spike,16,183,empirical,2.7706296791950304,1.2150741236394746,0.80080953113184
tangent_spike,16,183,oas,1.5693598900432424,0.013804334487686983,0.7580440999814688
tangent_spike,16,183,spiked_known_floor,1.5795645554514428,0.024008999895887256,0.7014869475261621
tangent_spike,16,183,oracle,1.5555555555555556,0.0,0.0
tangent_spike,16,184,projection,1.5555555555555556,0.0,0.8333333333333334
tangent_spike,16,184,empirical,4.504380968275291,2.948825412719736,0.8556935828732418
tangent_spike,16,184,oas,1.7771766302041747,0.22162107464861902,0.5193077177498732
tangent_spike,16,184,spiked_known_floor,1.7197781201242293,0.1642225645686736,0.547173807726245
tangent_spike,16,184,oracle,1.5555555555555556,0.0,0.0
tangent_spike,16,185,projection,1.5555555555555556,0.0,0.8333333333333334
tangent_spike,16,185,empirical,2.331399372394085,0.7758438168385293,0.6915960348789106
tangent_spike,16,185,oas,1.6744382649058218,0.1188827093502663,0.4255575303613613
tangent_spike,16,185,spiked_known_floor,1.6338702433091146,0.07831468775355904,0.3879062176994035
tangent_spike,16,185,oracle,1.5555555555555556,0.0,0.0
tangent_spike,16,186,projection,1.5555555555555556,0.0,0.8333333333333334
tangent_spike,16,186,empirical,2.436403149529235,0.8808475939736793,0.5834241451578942
tangent_spike,16,186,oas,1.6702468251440852,0.11469126958852954,0.4552491989740717
tangent_spike,16,186,spiked_known_floor,1.6372101151864955,0.08165455963093987,0.36282531143966174
tangent_spike,16,186,oracle,1.5555555555555556,0.0,0.0
tangent_spike,16,187,projection,1.5555555555555556,0.0,0.8333333333333334
tangent_spike,16,187,empirical,2.096483851371153,0.5409282958155974,0.6448186371239559
tangent_spike,16,187,oas,1.5897336450711963,0.034178089515640636,0.645717330877894
tangent_spike,16,187,spiked_known_floor,1.600449721203895,0.04489416564833933,0.4999644046134919
tangent_spike,16,187,oracle,1.5555555555555556,0.0,0.0
tangent_spike,16,188,projection,1.5555555555555556,0.0,0.8333333333333334
tangent_spike,16,188,empirical,2.146143997787641,0.5905884422320853,0.6553332963720157
tangent_spike,16,188,oas,1.60688132342004,0.05132576786448456,0.5527347867351786
tangent_spike,16,188,spiked_known_floor,1.5842673644040948,0.02871180884853923,0.41221140372409865
tangent_spike,16,188,oracle,1.5555555555555556,0.0,0.0
tangent_spike,16,189,projection,1.5555555555555556,0.0,0.8333333333333334
tangent_spike,16,189,empirical,2.9960089333829067,1.4404533778273512,0.6759399551616307
tangent_spike,16,189,oas,1.6281116841272707,0.07255612857171517,0.5580376490404687
tangent_spike,16,189,spiked_known_floor,1.6361059755067309,0.08055041995117532,0.42377260465005656
tangent_spike,16,189,oracle,1.5555555555555556,0.0,0.0
tangent_spike,16,190,projection,1.5555555555555556,0.0,0.8333333333333334
tangent_spike,16,190,empirical,2.1295590937414683,0.5740035381859128,0.7061357432755142
tangent_spike,16,190,oas,1.5717781453223019,0.016222589766746294,0.7509577847646954
tangent_spike,16,190,spiked_known_floor,1.5670150262226927,0.011459470667137213,0.6856199030666116
tangent_spike,16,190,oracle,1.5555555555555556,0.0,0.0
tangent_spike,16,191,projection,1.5555555555555556,0.0,0.8333333333333334
tangent_spike,16,191,empirical,2.4378489577470663,0.8822934021915111,0.7556050057442688
tangent_spike,16,191,oas,1.6432866485910347,0.0877310930354791,0.5796520183366708
tangent_spike,16,191,spiked_known_floor,1.6347292396864863,0.07917368413093062,0.47784532211650976
tangent_spike,16,191,oracle,1.5555555555555556,0.0,0.0
tangent_spike,16,192,projection,1.5555555555555556,0.0,0.8333333333333334
tangent_spike,16,192,empirical,2.194849892817335,0.6392943372617791,0.6896153097764662
tangent_spike,16,192,oas,1.6098716011868424,0.054316045631286815,0.6527741437061355
tangent_spike,16,192,spiked_known_floor,1.619697010711529,0.0641414551559734,0.5671409100322988
tangent_spike,16,192,oracle,1.5555555555555556,0.0,0.0
tangent_spike,16,193,projection,1.5555555555555556,0.0,0.8333333333333334
tangent_spike,16,193,empirical,3.390979760425253,1.8354242048696976,0.7897092740453301
tangent_spike,16,193,oas,1.6194936256824137,0.06393807012685827,0.5741398482662483
tangent_spike,16,193,spiked_known_floor,1.6048323029757947,0.04927674742023897,0.49897502452985104
tangent_spike,16,193,oracle,1.5555555555555556,0.0,0.0
tangent_spike,16,194,projection,1.5555555555555556,0.0,0.8333333333333334
tangent_spike,16,194,empirical,2.2299204251808624,0.674364869625307,0.6248680584946862
tangent_spike,16,194,oas,1.5925069471059279,0.03695139155037232,0.6382679138303631
tangent_spike,16,194,spiked_known_floor,1.5756075782314878,0.020052022675932105,0.49303179410277753
tangent_spike,16,194,oracle,1.5555555555555556,0.0,0.0
tangent_spike,16,195,projection,1.5555555555555556,0.0,0.8333333333333334
tangent_spike,16,195,empirical,2.8683147560094158,1.3127592004538602,0.9528914375120761
tangent_spike,16,195,oas,1.7338967081314718,0.17834115257591618,0.5736612055920648
tangent_spike,16,195,spiked_known_floor,1.7277572502125034,0.17220169465694782,0.5954762466288503
tangent_spike,16,195,oracle,1.5555555555555556,0.0,0.0
tangent_spike,16,196,projection,1.5555555555555556,0.0,0.8333333333333334
tangent_spike,16,196,empirical,2.5834724356436394,1.027916880088084,0.6101819636300736
tangent_spike,16,196,oas,1.6191280497087286,0.06357249415317301,0.5377900984677241
tangent_spike,16,196,spiked_known_floor,1.6077296712535047,0.0521741156979493,0.4213388918646286
tangent_spike,16,196,oracle,1.5555555555555556,0.0,0.0
tangent_spike,16,197,projection,1.5555555555555556,0.0,0.8333333333333334
tangent_spike,16,197,empirical,3.0500805825437873,1.494525026988232,0.6243510122690155
tangent_spike,16,197,oas,1.6758959318378797,0.12034037628232414,0.5782973032111378
tangent_spike,16,197,spiked_known_floor,1.6263753107843257,0.07081975522877028,0.44444344406463543
tangent_spike,16,197,oracle,1.5555555555555556,0.0,0.0
tangent_spike,16,198,projection,1.5555555555555556,0.0,0.8333333333333334
tangent_spike,16,198,empirical,2.1401305078102055,0.5845749522546502,0.7531382233321023
tangent_spike,16,198,oas,1.60035113041306,0.04479557485750449,0.6154723222592894
tangent_spike,16,198,spiked_known_floor,1.6042994868156675,0.04874393126011188,0.485218974740369
tangent_spike,16,198,oracle,1.5555555555555556,0.0,0.0
tangent_spike,16,199,projection,1.5555555555555556,0.0,0.8333333333333334
tangent_spike,16,199,empirical,2.6862498031893534,1.1306942476337982,0.7252004945213901
tangent_spike,16,199,oas,1.6224817090071713,0.06692615345161579,0.6875228959321658
tangent_spike,16,199,spiked_known_floor,1.5969035549845545,0.041347999428999124,0.6115995276567493
tangent_spike,16,199,oracle,1.5555555555555556,0.0,0.0
tangent_spike,32,0,projection,1.5555555555555556,0.0,0.8333333333333334
tangent_spike,32,0,empirical,2.1501028402838855,0.59454728472833,0.5334089023701322
tangent_spike,32,0,oas,1.6086135624874836,0.053058006931928026,0.6160475116079557
tangent_spike,32,0,spiked_known_floor,1.5788987136107853,0.023343158055229695,0.4978521135359462
tangent_spike,32,0,oracle,1.5555555555555556,0.0,0.0
tangent_spike,32,1,projection,1.5555555555555556,0.0,0.8333333333333334
tangent_spike,32,1,empirical,1.8242756278251946,0.26872007226963907,0.45849876570939757
tangent_spike,32,1,oas,1.6433146591913048,0.08775910363574925,0.3690664840946117
tangent_spike,32,1,spiked_known_floor,1.5824892585842507,0.026933703028695095,0.2507871427782458
tangent_spike,32,1,oracle,1.5555555555555556,0.0,0.0
tangent_spike,32,2,projection,1.5555555555555556,0.0,0.8333333333333334
tangent_spike,32,2,empirical,1.7691810892622493,0.21362553370669368,0.5011555416659926
tangent_spike,32,2,oas,1.6265871483312055,0.07103159277565012,0.5049538892267235
tangent_spike,32,2,spiked_known_floor,1.6194134021402464,0.06385784658469082,0.41662427391215656
tangent_spike,32,2,oracle,1.5555555555555556,0.0,0.0
tangent_spike,32,3,projection,1.5555555555555556,0.0,0.8333333333333334
tangent_spike,32,3,empirical,1.9929551187700245,0.4373995632144691,0.49840610295791254
tangent_spike,32,3,oas,1.676542879504713,0.1209873239491574,0.47781507208536295
tangent_spike,32,3,spiked_known_floor,1.640838053602974,0.08528249804741836,0.35579298388590336
tangent_spike,32,3,oracle,1.5555555555555556,0.0,0.0
tangent_spike,32,4,projection,1.5555555555555556,0.0,0.8333333333333334
tangent_spike,32,4,empirical,1.8620604728498316,0.3065049172942762,0.4788055574768469
tangent_spike,32,4,oas,1.6505067503927708,0.09495119483721529,0.39012222005288605
tangent_spike,32,4,spiked_known_floor,1.6497162701563484,0.09416071460079284,0.30882562534101576
tangent_spike,32,4,oracle,1.5555555555555556,0.0,0.0
tangent_spike,32,5,projection,1.5555555555555556,0.0,0.8333333333333334
tangent_spike,32,5,empirical,1.9496726218865004,0.394117066330945,0.5643650398137631
tangent_spike,32,5,oas,1.6672317338583595,0.11167617830280402,0.4739761477407683
tangent_spike,32,5,spiked_known_floor,1.639259627453323,0.08370407189776743,0.3844080835271059
tangent_spike,32,5,oracle,1.5555555555555556,0.0,0.0
tangent_spike,32,6,projection,1.5555555555555556,0.0,0.8333333333333334
tangent_spike,32,6,empirical,1.9867063094654402,0.43115075390988455,0.4893885800999193
tangent_spike,32,6,oas,1.6662700923583014,0.11071453680274579,0.4246693003622472
tangent_spike,32,6,spiked_known_floor,1.6031166254764198,0.047561069920864035,0.337107251514464
tangent_spike,32,6,oracle,1.5555555555555556,0.0,0.0
tangent_spike,32,7,projection,1.5555555555555556,0.0,0.8333333333333334
tangent_spike,32,7,empirical,1.7715446206529062,0.21598906509735052,0.44774071524099374
tangent_spike,32,7,oas,1.618978904873573,0.06342334931801753,0.4277736391804057
tangent_spike,32,7,spiked_known_floor,1.5868807460840064,0.03132519052845087,0.30505498329171205
tangent_spike,32,7,oracle,1.5555555555555556,0.0,0.0
tangent_spike,32,8,projection,1.5555555555555556,0.0,0.8333333333333334
tangent_spike,32,8,empirical,1.8022888610924706,0.2467333055369149,0.4317333123470804
tangent_spike,32,8,oas,1.6154906948270198,0.05993513927146429,0.3962676453877394
tangent_spike,32,8,spiked_known_floor,1.5952248371466926,0.039669281591137175,0.21950318549746928
tangent_spike,32,8,oracle,1.5555555555555556,0.0,0.0
tangent_spike,32,9,projection,1.5555555555555556,0.0,0.8333333333333334
tangent_spike,32,9,empirical,2.0944793643265687,0.5389238087710134,0.5648932981531952
tangent_spike,32,9,oas,1.7369944970519957,0.18143894149644005,0.4239221135593603
tangent_spike,32,9,spiked_known_floor,1.647436607701835,0.0918810521462793,0.3833679805584819
tangent_spike,32,9,oracle,1.5555555555555556,0.0,0.0
tangent_spike,32,10,projection,1.5555555555555556,0.0,0.8333333333333334
tangent_spike,32,10,empirical,1.971104559544082,0.41554900398852646,0.4787781114050281
tangent_spike,32,10,oas,1.6458231226738005,0.09026756711824485,0.4865511924768606
tangent_spike,32,10,spiked_known_floor,1.6125178577785282,0.05696230222297253,0.3426185065135348
tangent_spike,32,10,oracle,1.5555555555555556,0.0,0.0
tangent_spike,32,11,projection,1.5555555555555556,0.0,0.8333333333333334
tangent_spike,32,11,empirical,1.8476416095696386,0.2920860540140831,0.4104031510674744
tangent_spike,32,11,oas,1.6365638342794289,0.08100827872387331,0.3560866707620712
tangent_spike,32,11,spiked_known_floor,1.6212725284899985,0.06571697293444285,0.24161178255877047
tangent_spike,32,11,oracle,1.5555555555555556,0.0,0.0
tangent_spike,32,12,projection,1.5555555555555556,0.0,0.8333333333333334
tangent_spike,32,12,empirical,1.891114409057134,0.3355588535015786,0.5244944204004852
tangent_spike,32,12,oas,1.6518781269824496,0.096322571426894,0.3904148637529505
tangent_spike,32,12,spiked_known_floor,1.6358606031383724,0.08030504758281687,0.3383649345083138
tangent_spike,32,12,oracle,1.5555555555555556,0.0,0.0
tangent_spike,32,13,projection,1.5555555555555556,0.0,0.8333333333333334
tangent_spike,32,13,empirical,1.8469482826749193,0.2913927271193637,0.42676901644879434
tangent_spike,32,13,oas,1.6398765674650506,0.08432101190949505,0.3639215278077719
tangent_spike,32,13,spiked_known_floor,1.5823723941296703,0.026816838574114755,0.25678236639794777
tangent_spike,32,13,oracle,1.5555555555555556,0.0,0.0
tangent_spike,32,14,projection,1.5555555555555556,0.0,0.8333333333333334
tangent_spike,32,14,empirical,2.0007701867639383,0.44521463120838256,0.46361043868158647
tangent_spike,32,14,oas,1.6505801164666376,0.09502456091108208,0.45170088525584967
tangent_spike,32,14,spiked_known_floor,1.6138796656228327,0.05832411006727704,0.3292179202176643
tangent_spike,32,14,oracle,1.5555555555555556,0.0,0.0
tangent_spike,32,15,projection,1.5555555555555556,0.0,0.8333333333333334
tangent_spike,32,15,empirical,1.792119102577495,0.2365635470219392,0.5719382437683107
tangent_spike,32,15,oas,1.5810737821008976,0.025518226545342047,0.666518865258794
tangent_spike,32,15,spiked_known_floor,1.5801250412316277,0.02456948567607202,0.5483321482750535
tangent_spike,32,15,oracle,1.5555555555555556,0.0,0.0
tangent_spike,32,16,projection,1.5555555555555556,0.0,0.8333333333333334
tangent_spike,32,16,empirical,1.9966973907922854,0.4411418352367298,0.48129288604596265
tangent_spike,32,16,oas,1.691257849390405,0.13570229383484944,0.35045702097495696
tangent_spike,32,16,spiked_known_floor,1.6266493039325463,0.07109374837699071,0.2562860486101944
tangent_spike,32,16,oracle,1.5555555555555556,0.0,0.0
tangent_spike,32,17,projection,1.5555555555555556,0.0,0.8333333333333334
tangent_spike,32,17,empirical,1.8420531835822642,0.28649762802670875,0.5339914398603718
tangent_spike,32,17,oas,1.6335285393801806,0.0779729838246252,0.47765488985680166
tangent_spike,32,17,spiked_known_floor,1.6228449944037793,0.06728943884822375,0.35673223016144995
tangent_spike,32,17,oracle,1.5555555555555556,0.0,0.0
tangent_spike,32,18,projection,1.5555555555555556,0.0,0.8333333333333334
tangent_spike,32,18,empirical,1.8676174076517857,0.3120618520962303,0.6352217650674151
tangent_spike,32,18,oas,1.6916902156950657,0.13613466013951,0.4301866726103027
tangent_spike,32,18,spiked_known_floor,1.6546474668337114,0.09909191127815593,0.4298575490022642
tangent_spike,32,18,oracle,1.5555555555555556,0.0,0.0
tangent_spike,32,19,projection,1.5555555555555556,0.0,0.8333333333333334
tangent_spike,32,19,empirical,1.827517917884472,0.27196236232891646,0.5869637551112895
tangent_spike,32,19,oas,1.5984690639100159,0.042913508354460346,0.6269179735375242
tangent_spike,32,19,spiked_known_floor,1.5775391003612218,0.021983544805666205,0.5079131879379623
tangent_spike,32,19,oracle,1.5555555555555556,0.0,0.0
tangent_spike,32,20,projection,1.5555555555555556,0.0,0.8333333333333334
tangent_spike,32,20,empirical,1.8665944351090706,0.3110388795535152,0.45296786136778916
tangent_spike,32,20,oas,1.6544824186330236,0.09892686307746792,0.4157788432528693
tangent_spike,32,20,spiked_known_floor,1.603319985781438,0.04776443022588242,0.2946912393276919
tangent_spike,32,20,oracle,1.5555555555555556,0.0,0.0
tangent_spike,32,21,projection,1.5555555555555556,0.0,0.8333333333333334
tangent_spike,32,21,empirical,2.0317405136908744,0.4761849581353186,0.457110862314035
tangent_spike,32,21,oas,1.6614147099587735,0.10585915440321796,0.3913006830554002
tangent_spike,32,21,spiked_known_floor,1.6045583159579273,0.04900276040237172,0.2989015495842607
tangent_spike,32,21,oracle,1.5555555555555556,0.0,0.0
tangent_spike,32,22,projection,1.5555555555555556,0.0,0.8333333333333334
tangent_spike,32,22,empirical,1.8580095826307377,0.30245402707518193,0.5638824899420324
tangent_spike,32,22,oas,1.6879973627905256,0.13244180723497012,0.38089887625360386
tangent_spike,32,22,spiked_known_floor,1.661312122394756,0.1057565668392004,0.3453960375400979
tangent_spike,32,22,oracle,1.5555555555555556,0.0,0.0
tangent_spike,32,23,projection,1.5555555555555556,0.0,0.8333333333333334
tangent_spike,32,23,empirical,1.910591914203458,0.35503635864790234,0.4826818102024177
tangent_spike,32,23,oas,1.6876098985829746,0.1320543430274191,0.39577766748817994
tangent_spike,32,23,spiked_known_floor,1.6448201794645425,0.08926462390898682,0.3061307111301174
tangent_spike,32,23,oracle,1.5555555555555556,0.0,0.0
tangent_spike,32,24,projection,1.5555555555555556,0.0,0.8333333333333334
tangent_spike,32,24,empirical,1.8891872822043214,0.3336317266487659,0.5058433210138029
tangent_spike,32,24,oas,1.6027952811840005,0.047239725628445,0.5520332183369906
tangent_spike,32,24,spiked_known_floor,1.5725967348875818,0.017041179332026382,0.42088939898080097
tangent_spike,32,24,oracle,1.5555555555555556,0.0,0.0
tangent_spike,32,25,projection,1.5555555555555556,0.0,0.8333333333333334
tangent_spike,32,25,empirical,1.915612974658948,0.3600574191033927,0.47212404231862454
tangent_spike,32,25,oas,1.6398616326538968,0.08430607709834131,0.494214413954192
tangent_spike,32,25,spiked_known_floor,1.6222023905750869,0.06664683501953125,0.36322059140041535
tangent_spike,32,25,oracle,1.5555555555555556,0.0,0.0
tangent_spike,32,26,projection,1.5555555555555556,0.0,0.8333333333333334
tangent_spike,32,26,empirical,1.8233925327671017,0.2678369772115459,0.5005416967898569
tangent_spike,32,26,oas,1.61397877196804,0.05842321641248459,0.5227287098984791
tangent_spike,32,26,spiked_known_floor,1.5860687416712311,0.030513186115675724,0.4185364993351927
tangent_spike,32,26,oracle,1.5555555555555556,0.0,0.0
tangent_spike,32,27,projection,1.5555555555555556,0.0,0.8333333333333334
tangent_spike,32,27,empirical,2.110309983926391,0.5547544283708357,0.4812604852048339
tangent_spike,32,27,oas,1.6496655614521432,0.09411000589658752,0.45775192491161215
tangent_spike,32,27,spiked_known_floor,1.607350957786822,0.05179540223126652,0.3285029377875705
tangent_spike,32,27,oracle,1.5555555555555556,0.0,0.0
tangent_spike,32,28,projection,1.5555555555555556,0.0,0.8333333333333334
tangent_spike,32,28,empirical,1.8206352475745393,0.26507969201898374,0.514858944042463
tangent_spike,32,28,oas,1.6460341274446848,0.09047857188912917,0.40083212572242805
tangent_spike,32,28,spiked_known_floor,1.5940861818617373,0.038530626306181696,0.30757339260259353
tangent_spike,32,28,oracle,1.5555555555555556,0.0,0.0
tangent_spike,32,29,projection,1.5555555555555556,0.0,0.8333333333333334
tangent_spike,32,29,empirical,1.9306880766637846,0.37513252110822914,0.6014440183508171
tangent_spike,32,29,oas,1.6604016437265896,0.10484608817103414,0.36921968736597227
tangent_spike,32,29,spiked_known_floor,1.6303916274428636,0.07483607188730794,0.38332009420255936
tangent_spike,32,29,oracle,1.5555555555555556,0.0,0.0
tangent_spike,32,30,projection,1.5555555555555556,0.0,0.8333333333333334
tangent_spike,32,30,empirical,2.101656940942799,0.5461013853872435,0.6171696012364768
tangent_spike,32,30,oas,1.7640802275218184,0.20852467196626273,0.4173944351829071
tangent_spike,32,30,spiked_known_floor,1.6874296689706227,0.13187411341506725,0.40459331179832025
tangent_spike,32,30,oracle,1.5555555555555556,0.0,0.0
tangent_spike,32,31,projection,1.5555555555555556,0.0,0.8333333333333334
tangent_spike,32,31,empirical,1.991435350832969,0.4358797952774134,0.587822434438713
tangent_spike,32,31,oas,1.6385172251973406,0.08296166964178488,0.6053366078400838
tangent_spike,32,31,spiked_known_floor,1.6198764543142277,0.0643208987586721,0.5065898865271082
tangent_spike,32,31,oracle,1.5555555555555556,0.0,0.0
tangent_spike,32,32,projection,1.5555555555555556,0.0,0.8333333333333334
tangent_spike,32,32,empirical,1.8325701634712834,0.2770146079157277,0.4913720895447809
tangent_spike,32,32,oas,1.649516514175958,0.09396095862040264,0.39075293117518745
tangent_spike,32,32,spiked_known_floor,1.6003185749887678,0.04476301943321224,0.31047890165248637
tangent_spike,32,32,oracle,1.5555555555555556,0.0,0.0
tangent_spike,32,33,projection,1.5555555555555556,0.0,0.8333333333333334
tangent_spike,32,33,empirical,1.8829299814003053,0.32737442584474974,0.47563322509363054
tangent_spike,32,33,oas,1.6131097847381286,0.05755422918257294,0.5299856565762352
tangent_spike,32,33,spiked_known_floor,1.5853872483541596,0.02983169279860405,0.39457349991146873
tangent_spike,32,33,oracle,1.5555555555555556,0.0,0.0
tangent_spike,32,34,projection,1.5555555555555556,0.0,0.8333333333333334
tangent_spike,32,34,empirical,2.1182536141994444,0.5626980586438886,0.6867046750336493
tangent_spike,32,34,oas,1.7321767601997358,0.1766212046441802,0.45194850303310646
tangent_spike,32,34,spiked_known_floor,1.6458101209216665,0.09025456536611083,0.4869421304885945
tangent_spike,32,34,oracle,1.5555555555555556,0.0,0.0
tangent_spike,32,35,projection,1.5555555555555556,0.0,0.8333333333333334
tangent_spike,32,35,empirical,1.8494116003781533,0.29385604482259786,0.5389867531182825
tangent_spike,32,35,oas,1.5844646581176605,0.02890910256210498,0.640303340671944
tangent_spike,32,35,spiked_known_floor,1.5712838625365206,0.015728306980964973,0.5137840924614779
tangent_spike,32,35,oracle,1.5555555555555556,0.0,0.0
tangent_spike,32,36,projection,1.5555555555555556,0.0,0.8333333333333334
tangent_spike,32,36,empirical,1.8263605671189929,0.27080501156343745,0.43398583874225305
tangent_spike,32,36,oas,1.6095036211710534,0.05394806561549773,0.5139349343214208
tangent_spike,32,36,spiked_known_floor,1.5931164100432982,0.03756085448774243,0.34441415591671626
tangent_spike,32,36,oracle,1.5555555555555556,0.0,0.0
tangent_spike,32,37,projection,1.5555555555555556,0.0,0.8333333333333334
tangent_spike,32,37,empirical,1.9358629721231522,0.38030741656759676,0.4601477138676504
tangent_spike,32,37,oas,1.6537817584304877,0.09822620287493217,0.42031609505155987
tangent_spike,32,37,spiked_known_floor,1.611116542928301,0.05556098737274547,0.3131140012065332
tangent_spike,32,37,oracle,1.5555555555555556,0.0,0.0
tangent_spike,32,38,projection,1.5555555555555556,0.0,0.8333333333333334
tangent_spike,32,38,empirical,1.7999571562900363,0.24440160073448075,0.5289353106658374
tangent_spike,32,38,oas,1.593477969885304,0.037922414329748605,0.6159107790416617
tangent_spike,32,38,spiked_known_floor,1.5706986436771921,0.015143088121636446,0.5053175094182896
tangent_spike,32,38,oracle,1.5555555555555556,0.0,0.0
tangent_spike,32,39,projection,1.5555555555555556,0.0,0.8333333333333334
tangent_spike,32,39,empirical,2.067446409352422,0.5118908537968665,0.48159826658390137
tangent_spike,32,39,oas,1.6547982361434077,0.0992426805878522,0.43307419106176104
tangent_spike,32,39,spiked_known_floor,1.607647191838658,0.05209163628310242,0.318049510137445
tangent_spike,32,39,oracle,1.5555555555555556,0.0,0.0
tangent_spike,32,40,projection,1.5555555555555556,0.0,0.8333333333333334
tangent_spike,32,40,empirical,2.1006432351183024,0.5450876795627466,0.5040705658592145
tangent_spike,32,40,oas,1.695476794866576,0.1399212393110204,0.4941712998240943
tangent_spike,32,40,spiked_known_floor,1.6411862006885152,0.08563064513295962,0.38511795628970574
tangent_spike,32,40,oracle,1.5555555555555556,0.0,0.0
tangent_spike,32,41,projection,1.5555555555555556,0.0,0.8333333333333334
tangent_spike,32,41,empirical,1.7494608596219878,0.19390530406643208,0.5839858068635757
tangent_spike,32,41,oas,1.63321639798467,0.07766084242911454,0.3886481804634776
tangent_spike,32,41,spiked_known_floor,1.6114391794873297,0.05588362393177415,0.3879275618647405
tangent_spike,32,41,oracle,1.5555555555555556,0.0,0.0
tangent_spike,32,42,projection,1.5555555555555556,0.0,0.8333333333333334
tangent_spike,32,42,empirical,1.9500448779379047,0.39448932238234924,0.47472312148690815
tangent_spike,32,42,oas,1.6692530531686078,0.11369749761305226,0.4305491900204337
tangent_spike,32,42,spiked_known_floor,1.6049698922811593,0.04941433672560386,0.3087743016863367
tangent_spike,32,42,oracle,1.5555555555555556,0.0,0.0
tangent_spike,32,43,projection,1.5555555555555556,0.0,0.8333333333333334
tangent_spike,32,43,empirical,1.9161859149362281,0.3606303593806727,0.4446541982763026
tangent_spike,32,43,oas,1.656101819417473,0.10054626386191728,0.310433279424149
tangent_spike,32,43,spiked_known_floor,1.609424789037236,0.05386923348168033,0.2376780844338985
tangent_spike,32,43,oracle,1.5555555555555556,0.0,0.0
tangent_spike,32,44,projection,1.5555555555555556,0.0,0.8333333333333334
tangent_spike,32,44,empirical,1.9285641452803202,0.37300858972476464,0.4234239851955636
tangent_spike,32,44,oas,1.6485039957483614,0.0929484401928058,0.3803220502478178
tangent_spike,32,44,spiked_known_floor,1.5915890408430817,0.03603348528752606,0.2625064208907603
tangent_spike,32,44,oracle,1.5555555555555556,0.0,0.0
tangent_spike,32,45,projection,1.5555555555555556,0.0,0.8333333333333334
tangent_spike,32,45,empirical,1.8285654575819972,0.2730099020264415,0.48063856432463775
tangent_spike,32,45,oas,1.6127084915051348,0.05715293594957933,0.4789550478380784
tangent_spike,32,45,spiked_known_floor,1.5955477534763947,0.03999219792083909,0.34009228935128766
tangent_spike,32,45,oracle,1.5555555555555556,0.0,0.0
tangent_spike,32,46,projection,1.5555555555555556,0.0,0.8333333333333334
tangent_spike,32,46,empirical,1.830755668592089,0.27520011303653336,0.6242973853308693
tangent_spike,32,46,oas,1.6611174983037869,0.10556194274823125,0.39732826401090754
tangent_spike,32,46,spiked_known_floor,1.6218850809519292,0.06632952539637349,0.4220401998225341
tangent_spike,32,46,oracle,1.5555555555555556,0.0,0.0
tangent_spike,32,47,projection,1.5555555555555556,0.0,0.8333333333333334
tangent_spike,32,47,empirical,1.9604208521377489,0.4048652965821933,0.4756583352501326
tangent_spike,32,47,oas,1.654747602063284,0.09919204650772867,0.4454391916612002
tangent_spike,32,47,spiked_known_floor,1.622453352833804,0.06689779727824852,0.32568234275362956
tangent_spike,32,47,oracle,1.5555555555555556,0.0,0.0
tangent_spike,32,48,projection,1.5555555555555556,0.0,0.8333333333333334
tangent_spike,32,48,empirical,1.972093546549591,0.4165379909940352,0.539323640475423
tangent_spike,32,48,oas,1.6648302767855119,0.1092747212299564,0.5106215303674287
tangent_spike,32,48,spiked_known_floor,1.6310444992428224,0.07548894368726676,0.41754257148672863
tangent_spike,32,48,oracle,1.5555555555555556,0.0,0.0
tangent_spike,32,49,projection,1.5555555555555556,0.0,0.8333333333333334
tangent_spike,32,49,empirical,1.8081450328400972,0.25258947728454145,0.43839787069829145
tangent_spike,32,49,oas,1.6213523231332039,0.06579676757764821,0.48258520165935365
tangent_spike,32,49,spiked_known_floor,1.591763252738011,0.036207697182455346,0.36628855713668357
tangent_spike,32,49,oracle,1.5555555555555556,0.0,0.0
tangent_spike,32,50,projection,1.5555555555555556,0.0,0.8333333333333334
tangent_spike,32,50,empirical,1.949756717845876,0.3942011622903205,0.48737991078314385
tangent_spike,32,50,oas,1.6596065751185773,0.10405101956302182,0.477376906666708
tangent_spike,32,50,spiked_known_floor,1.6142568415324279,0.05870128597687227,0.36547588757622473
tangent_spike,32,50,oracle,1.5555555555555556,0.0,0.0
tangent_spike,32,51,projection,1.5555555555555556,0.0,0.8333333333333334
tangent_spike,32,51,empirical,1.7849083429575456,0.22935278740199022,0.5528283030071279
tangent_spike,32,51,oas,1.6396990848448045,0.08414352928924906,0.36855196480418634
tangent_spike,32,51,spiked_known_floor,1.5851763063856423,0.029620750830086764,0.33286030458332444
tangent_spike,32,51,oracle,1.5555555555555556,0.0,0.0
tangent_spike,32,52,projection,1.5555555555555556,0.0,0.8333333333333334
tangent_spike,32,52,empirical,1.9759929535465146,0.420437397990959,0.5029901369650999
tangent_spike,32,52,oas,1.6521263209397559,0.09657076538420037,0.47883102040714287
tangent_spike,32,52,spiked_known_floor,1.6262858887603842,0.07073033320482852,0.3502887082179118
tangent_spike,32,52,oracle,1.5555555555555556,0.0,0.0
tangent_spike,32,53,projection,1.5555555555555556,0.0,0.8333333333333334
tangent_spike,32,53,empirical,1.7748728736482253,0.21931731809266988,0.47043902757631817
tangent_spike,32,53,oas,1.5965879884029281,0.04103243284737258,0.5488360545265013
tangent_spike,32,53,spiked_known_floor,1.5895055845723522,0.033950029016796696,0.39663929610978815
tangent_spike,32,53,oracle,1.5555555555555556,0.0,0.0
tangent_spike,32,54,projection,1.5555555555555556,0.0,0.8333333333333334
tangent_spike,32,54,empirical,2.573079168440472,1.0175236128849166,0.7564287961080303
tangent_spike,32,54,oas,1.8274915581716806,0.2719360026161251,0.5232326711657049
tangent_spike,32,54,spiked_known_floor,1.6981426790745777,0.14258712351902225,0.563775822744034
tangent_spike,32,54,oracle,1.5555555555555556,0.0,0.0
tangent_spike,32,55,projection,1.5555555555555556,0.0,0.8333333333333334
tangent_spike,32,55,empirical,1.995471850256295,0.4399162947007393,0.45554178977503823
tangent_spike,32,55,oas,1.6466277675488301,0.09107221199327463,0.45437081040739474
tangent_spike,32,55,spiked_known_floor,1.6053585185396981,0.04980296298414257,0.34627484287486054
tangent_spike,32,55,oracle,1.5555555555555556,0.0,0.0
tangent_spike,32,56,projection,1.5555555555555556,0.0,0.8333333333333334
tangent_spike,32,56,empirical,2.0277080120920363,0.4721524565364807,0.4998330509626207
tangent_spike,32,56,oas,1.710768922798629,0.15521336724307327,0.33365698759594364
tangent_spike,32,56,spiked_known_floor,1.6313909666523199,0.07583541109676431,0.2990990327527075
tangent_spike,32,56,oracle,1.5555555555555556,0.0,0.0
tangent_spike,32,57,projection,1.5555555555555556,0.0,0.8333333333333334
tangent_spike,32,57,empirical,1.7658482637644826,0.21029270820892706,0.5264853500950685
tangent_spike,32,57,oas,1.5975403149630985,0.04198475940754284,0.5978092845208941
tangent_spike,32,57,spiked_known_floor,1.5897168086481888,0.0341612530926333,0.4780876806355235
tangent_spike,32,57,oracle,1.5555555555555556,0.0,0.0
tangent_spike,32,58,projection,1.5555555555555556,0.0,0.8333333333333334
tangent_spike,32,58,empirical,1.8869799653466943,0.3314244097911388,0.5921998546682995
tangent_spike,32,58,oas,1.598935454061354,0.04337989850579866,0.6598915567116682
tangent_spike,32,58,spiked_known_floor,1.587099435400603,0.03154387984504747,0.5562534479841226
tangent_spike,32,58,oracle,1.5555555555555556,0.0,0.0
tangent_spike,32,59,projection,1.5555555555555556,0.0,0.8333333333333334
tangent_spike,32,59,empirical,1.907225762468002,0.35167020691244644,0.47255165424575124
tangent_spike,32,59,oas,1.6722145723322663,0.11665901677671081,0.2968448833155177
tangent_spike,32,59,spiked_known_floor,1.5923643298828367,0.03680877432728124,0.23236767503652733
tangent_spike,32,59,oracle,1.5555555555555556,0.0,0.0
tangent_spike,32,60,projection,1.5555555555555556,0.0,0.8333333333333334
tangent_spike,32,60,empirical,1.9573705246437554,0.40181496908819975,0.6508359718541202
tangent_spike,32,60,oas,1.7374174803268418,0.18186192477128627,0.43819778708424334
tangent_spike,32,60,spiked_known_floor,1.703740535720577,0.14818498016502146,0.44985788258897336
tangent_spike,32,60,oracle,1.5555555555555556,0.0,0.0
tangent_spike,32,61,projection,1.5555555555555556,0.0,0.8333333333333334
tangent_spike,32,61,empirical,2.040727748233942,0.48517219267838624,0.6670525252193436
tangent_spike,32,61,oas,1.7477242836977072,0.19216872814215155,0.43074220660611306
tangent_spike,32,61,spiked_known_floor,1.6579077848846095,0.10235222932905404,0.4512009883919315
tangent_spike,32,61,oracle,1.5555555555555556,0.0,0.0
tangent_spike,32,62,projection,1.5555555555555556,0.0,0.8333333333333334
tangent_spike,32,62,empirical,1.8331731118165644,0.27761755626100876,0.5334853656341555
tangent_spike,32,62,oas,1.6707310322918525,0.11517547673629697,0.40679740421255817
tangent_spike,32,62,spiked_known_floor,1.6588990260266876,0.10334347047113218,0.34098454141400025
tangent_spike,32,62,oracle,1.5555555555555556,0.0,0.0
tangent_spike,32,63,projection,1.5555555555555556,0.0,0.8333333333333334
tangent_spike,32,63,empirical,1.9192420412355036,0.3636864856799479,0.5677963154210771
tangent_spike,32,63,oas,1.6722334943758146,0.11667793882025913,0.35646544768401517
tangent_spike,32,63,spiked_known_floor,1.6134767005883281,0.057921145032772424,0.33445714246359054
tangent_spike,32,63,oracle,1.5555555555555556,0.0,0.0
tangent_spike,32,64,projection,1.5555555555555556,0.0,0.8333333333333334
tangent_spike,32,64,empirical,2.023431369289817,0.4678758137342613,0.439135855676446
tangent_spike,32,64,oas,1.6707744095139094,0.1152188539583537,0.41447730270429445
tangent_spike,32,64,spiked_known_floor,1.6131705527160434,0.05761499716048794,0.26883605827212276
tangent_spike,32,64,oracle,1.5555555555555556,0.0,0.0
tangent_spike,32,65,projection,1.5555555555555556,0.0,0.8333333333333334
tangent_spike,32,65,empirical,2.029351589776458,0.47379603422090244,0.4950464437808071
tangent_spike,32,65,oas,1.6803957268924352,0.1248401713368797,0.39273102253879966
tangent_spike,32,65,spiked_known_floor,1.644507193089055,0.08895163753349938,0.2901647920942306
tangent_spike,32,65,oracle,1.5555555555555556,0.0,0.0
tangent_spike,32,66,projection,1.5555555555555556,0.0,0.8333333333333334
tangent_spike,32,66,empirical,1.8223495638069183,0.26679400825136285,0.5168749447494007
tangent_spike,32,66,oas,1.6001077472576999,0.04455219170214447,0.5796832243714377
tangent_spike,32,66,spiked_known_floor,1.5842718524549775,0.028716296899421782,0.4539738320808923
tangent_spike,32,66,oracle,1.5555555555555556,0.0,0.0
tangent_spike,32,67,projection,1.5555555555555556,0.0,0.8333333333333334
tangent_spike,32,67,empirical,1.8937378291052869,0.3381822735497313,0.44339824501014385
tangent_spike,32,67,oas,1.6418778513735923,0.08632229581803683,0.41931774501580255
tangent_spike,32,67,spiked_known_floor,1.577591404897298,0.022035849341742457,0.3022398778217076
tangent_spike,32,67,oracle,1.5555555555555556,0.0,0.0
tangent_spike,32,68,projection,1.5555555555555556,0.0,0.8333333333333334
tangent_spike,32,68,empirical,1.788824701707835,0.2332691461522795,0.5728315099942336
tangent_spike,32,68,oas,1.5758692066034778,0.020313651047922356,0.6804674607562397
tangent_spike,32,68,spiked_known_floor,1.5696974127075356,0.014141857151980013,0.5414288310870938
tangent_spike,32,68,oracle,1.5555555555555556,0.0,0.0
tangent_spike,32,69,projection,1.5555555555555556,0.0,0.8333333333333334
tangent_spike,32,69,empirical,1.9012329625177256,0.34567740696217003,0.4759260963468082
tangent_spike,32,69,oas,1.6473151288515453,0.0917595732959897,0.4431890835430535
tangent_spike,32,69,spiked_known_floor,1.6264612420348667,0.07090568647931121,0.29068332792279944
tangent_spike,32,69,oracle,1.5555555555555556,0.0,0.0
tangent_spike,32,70,projection,1.5555555555555556,0.0,0.8333333333333334
tangent_spike,32,70,empirical,2.028160170628693,0.47260461507313756,0.6143938426372029
tangent_spike,32,70,oas,1.7064888327999252,0.1509332772443697,0.40793704333472963
tangent_spike,32,70,spiked_known_floor,1.6396483977610323,0.08409284220547682,0.3910394051898822
tangent_spike,32,70,oracle,1.5555555555555556,0.0,0.0
tangent_spike,32,71,projection,1.5555555555555556,0.0,0.8333333333333334
tangent_spike,32,71,empirical,1.8485158110871969,0.29296025553164123,0.516112223630207
tangent_spike,32,71,oas,1.6272124232553788,0.07165686769982328,0.4937160054961611
tangent_spike,32,71,spiked_known_floor,1.5945853047464105,0.03902974919085478,0.39042418697308934
tangent_spike,32,71,oracle,1.5555555555555556,0.0,0.0
tangent_spike,32,72,projection,1.5555555555555556,0.0,0.8333333333333334
tangent_spike,32,72,empirical,2.0624673749634694,0.5069118194079139,0.6953129701628279
tangent_spike,32,72,oas,1.743983959543797,0.18842840398824132,0.46520713603086866
tangent_spike,32,72,spiked_known_floor,1.6316235872716276,0.07606803171607208,0.5077767948114318
tangent_spike,32,72,oracle,1.5555555555555556,0.0,0.0
tangent_spike,32,73,projection,1.5555555555555556,0.0,0.8333333333333334
tangent_spike,32,73,empirical,1.821641373127407,0.2660858175718517,0.8751858878094652
tangent_spike,32,73,oas,1.6642743281391843,0.10871877258362866,0.5894082860198246
tangent_spike,32,73,spiked_known_floor,1.5867152936340352,0.031159738078479524,0.6642670619523984
tangent_spike,32,73,oracle,1.5555555555555556,0.0,0.0
tangent_spike,32,74,projection,1.5555555555555556,0.0,0.8333333333333334
tangent_spike,32,74,empirical,1.9654468596271084,0.40989130407155294,0.44001224818012347
tangent_spike,32,74,oas,1.6663623281100484,0.11080677255449282,0.4004190771967218
tangent_spike,32,74,spiked_known_floor,1.607505157142497,0.05194960158694131,0.2775388285080124
tangent_spike,32,74,oracle,1.5555555555555556,0.0,0.0
tangent_spike,32,75,projection,1.5555555555555556,0.0,0.8333333333333334
tangent_spike,32,75,empirical,1.9167748981690613,0.36121934261350575,0.4575855685332557
tangent_spike,32,75,oas,1.69186883814567,0.13631328259011438,0.42497674027385796
tangent_spike,32,75,spiked_known_floor,1.6336999518214856,0.07814439626593009,0.3265013035911901
tangent_spike,32,75,oracle,1.5555555555555556,0.0,0.0
tangent_spike,32,76,projection,1.5555555555555556,0.0,0.8333333333333334
tangent_spike,32,76,empirical,1.9990113684163822,0.44345581286082675,0.4729933791837137
tangent_spike,32,76,oas,1.6851611221957234,0.12960556664016784,0.36384482717148603
tangent_spike,32,76,spiked_known_floor,1.6312220058504168,0.07566645029486116,0.29174287175108915
tangent_spike,32,76,oracle,1.5555555555555556,0.0,0.0
tangent_spike,32,77,projection,1.5555555555555556,0.0,0.8333333333333334
tangent_spike,32,77,empirical,1.9014300368201988,0.3458744812646431,0.5736197676564392
tangent_spike,32,77,oas,1.6694599008005575,0.11390434524500195,0.45692434751799293
tangent_spike,32,77,spiked_known_floor,1.6368479576246562,0.08129240206910056,0.3989890277820825
tangent_spike,32,77,oracle,1.5555555555555556,0.0,0.0
tangent_spike,32,78,projection,1.5555555555555556,0.0,0.8333333333333334
tangent_spike,32,78,empirical,1.9356366935547804,0.3800811379992247,0.5604183326490474
tangent_spike,32,78,oas,1.7095078312592387,0.15395227570368297,0.39172406643126134
tangent_spike,32,78,spiked_known_floor,1.6505918445190306,0.09503628896347509,0.36381581756788867
tangent_spike,32,78,oracle,1.5555555555555556,0.0,0.0
tangent_spike,32,79,projection,1.5555555555555556,0.0,0.8333333333333334
tangent_spike,32,79,empirical,2.0121839219899806,0.45662836643442506,0.4484882284085356
tangent_spike,32,79,oas,1.65659180400084,0.10103624844528442,0.4487907794103913
tangent_spike,32,79,spiked_known_floor,1.619087616071244,0.06353206051568844,0.31556407387940294
tangent_spike,32,79,oracle,1.5555555555555556,0.0,0.0
tangent_spike,32,80,projection,1.5555555555555556,0.0,0.8333333333333334
tangent_spike,32,80,empirical,2.0239531751690034,0.46839761961344784,0.6178669989344497
tangent_spike,32,80,oas,1.7045083556994955,0.14895280014394,0.4467104468009177
tangent_spike,32,80,spiked_known_floor,1.6535946059530384,0.09803905039748291,0.4171147009437676
tangent_spike,32,80,oracle,1.5555555555555556,0.0,0.0
tangent_spike,32,81,projection,1.5555555555555556,0.0,0.8333333333333334
tangent_spike,32,81,empirical,2.248434417612038,0.6928788620564822,0.5100219801973168
tangent_spike,32,81,oas,1.7382206834433391,0.18266512788778358,0.4951184120150274
tangent_spike,32,81,spiked_known_floor,1.6327933370148144,0.07723778145925889,0.4066937670053983
tangent_spike,32,81,oracle,1.5555555555555556,0.0,0.0
tangent_spike,32,82,projection,1.5555555555555556,0.0,0.8333333333333334
tangent_spike,32,82,empirical,1.9408546599056027,0.38529910435004716,0.4735082590213411
tangent_spike,32,82,oas,1.6652075886809001,0.10965203312534448,0.42348962105090965
tangent_spike,32,82,spiked_known_floor,1.6403601639587906,0.08480460840323503,0.30635844981746635
tangent_spike,32,82,oracle,1.5555555555555556,0.0,0.0
tangent_spike,32,83,projection,1.5555555555555556,0.0,0.8333333333333334
tangent_spike,32,83,empirical,1.9748110624044461,0.4192555068488908,0.5458234853121897
tangent_spike,32,83,oas,1.6747243767116975,0.11916882115614198,0.49044479313392464
tangent_spike,32,83,spiked_known_floor,1.630672401109221,0.07511684555366557,0.40427320193183186
tangent_spike,32,83,oracle,1.5555555555555556,0.0,0.0
tangent_spike,32,84,projection,1.5555555555555556,0.0,0.8333333333333334
tangent_spike,32,84,empirical,2.1055435490336856,0.5499879934781303,0.49826091910155634
tangent_spike,32,84,oas,1.6804031503680268,0.1248475948124714,0.42797044943550233
tangent_spike,32,84,spiked_known_floor,1.634491555087976,0.07893599953242032,0.31847465857219837
tangent_spike,32,84,oracle,1.5555555555555556,0.0,0.0
tangent_spike,32,85,projection,1.5555555555555556,0.0,0.8333333333333334
tangent_spike,32,85,empirical,1.9683804461362877,0.4128248905807321,0.5274982402939749
tangent_spike,32,85,oas,1.6740862847276539,0.11853072917209828,0.4395133590547588
tangent_spike,32,85,spiked_known_floor,1.6480727911628696,0.092517235607314,0.36519163256568166
tangent_spike,32,85,oracle,1.5555555555555556,0.0,0.0
tangent_spike,32,86,projection,1.5555555555555556,0.0,0.8333333333333334
tangent_spike,32,86,empirical,1.9241253651400245,0.3685698095844689,0.4293715779595518
tangent_spike,32,86,oas,1.654431575605476,0.0988760200499203,0.39812514589720066
tangent_spike,32,86,spiked_known_floor,1.607995883473537,0.052440327917981526,0.27270986537911895
tangent_spike,32,86,oracle,1.5555555555555556,0.0,0.0
tangent_spike,32,87,projection,1.5555555555555556,0.0,0.8333333333333334
tangent_spike,32,87,empirical,1.938514352992468,0.38295879743691236,0.5567494084880827
tangent_spike,32,87,oas,1.6947678862171072,0.1392123306615517,0.411418320371639
tangent_spike,32,87,spiked_known_floor,1.630081420795127,0.07452586523957151,0.3650163239708654
tangent_spike,32,87,oracle,1.5555555555555556,0.0,0.0
tangent_spike,32,88,projection,1.5555555555555556,0.0,0.8333333333333334
tangent_spike,32,88,empirical,1.8945183605442781,0.3389628049887226,0.6664621493950534
tangent_spike,32,88,oas,1.582466379775533,0.02691082421997731,0.7221381253275458
tangent_spike,32,88,spiked_known_floor,1.5841870046848323,0.028631449129276756,0.658376405197098
tangent_spike,32,88,oracle,1.5555555555555556,0.0,0.0
tangent_spike,32,89,projection,1.5555555555555556,0.0,0.8333333333333334
tangent_spike,32,89,empirical,1.9926613992690447,0.437105843713489,0.4922528954863832
tangent_spike,32,89,oas,1.6261673958932337,0.0706118403376781,0.540568143952074
tangent_spike,32,89,spiked_known_floor,1.5905047471393154,0.0349491915837599,0.4142515937013187
tangent_spike,32,89,oracle,1.5555555555555556,0.0,0.0
tangent_spike,32,90,projection,1.5555555555555556,0.0,0.8333333333333334
tangent_spike,32,90,empirical,2.139530166042733,0.5839746104871776,0.6356022372730509
tangent_spike,32,90,oas,1.7740728412956746,0.21851728574011908,0.4257370760072022
tangent_spike,32,90,spiked_known_floor,1.6888782512166822,0.13332269566112656,0.4268333323211015
tangent_spike,32,90,oracle,1.5555555555555556,0.0,0.0
tangent_spike,32,91,projection,1.5555555555555556,0.0,0.8333333333333334
tangent_spike,32,91,empirical,1.9337011337126273,0.3781455781570718,0.5629865076682142
tangent_spike,32,91,oas,1.6831184149087364,0.12756285935318085,0.4371119566303135
tangent_spike,32,91,spiked_known_floor,1.615839204098598,0.060283648543042606,0.3816483310853522
tangent_spike,32,91,oracle,1.5555555555555556,0.0,0.0
tangent_spike,32,92,projection,1.5555555555555556,0.0,0.8333333333333334
tangent_spike,32,92,empirical,1.8023886235126458,0.2468330679570903,0.6246712680327984
tangent_spike,32,92,oas,1.5781293382859178,0.02257378273036217,0.6951323470920882
tangent_spike,32,92,spiked_known_floor,1.5877945598531251,0.03223900429756957,0.586712049998232
tangent_spike,32,92,oracle,1.5555555555555556,0.0,0.0
tangent_spike,32,93,projection,1.5555555555555556,0.0,0.8333333333333334
tangent_spike,32,93,empirical,1.7930478410149553,0.2374922854593997,0.6168226292145248
tangent_spike,32,93,oas,1.5712286367325594,0.01567308117700382,0.7151322002089598
tangent_spike,32,93,spiked_known_floor,1.5649209314532355,0.009365375897679986,0.60235520326168
tangent_spike,32,93,oracle,1.5555555555555556,0.0,0.0
tangent_spike,32,94,projection,1.5555555555555556,0.0,0.8333333333333334
tangent_spike,32,94,empirical,1.8581697363974266,0.30261418084187097,0.4359265164693879
tangent_spike,32,94,oas,1.660539753436943,0.10498419788138748,0.3029777639978807
tangent_spike,32,94,spiked_known_floor,1.5828578391656636,0.027302283610107968,0.19136397007400432
tangent_spike,32,94,oracle,1.5555555555555556,0.0,0.0
tangent_spike,32,95,projection,1.5555555555555556,0.0,0.8333333333333334
tangent_spike,32,95,empirical,1.8172037530452683,0.2616481974897126,0.6059249611608649
tangent_spike,32,95,oas,1.6500521973092566,0.09449664175370082,0.41322315972386153
tangent_spike,32,95,spiked_known_floor,1.5769899972446804,0.02143444168912478,0.40261128122808937
tangent_spike,32,95,oracle,1.5555555555555556,0.0,0.0
tangent_spike,32,96,projection,1.5555555555555556,0.0,0.8333333333333334
tangent_spike,32,96,empirical,1.9377062950709965,0.3821507395154409,0.5664241825243338
tangent_spike,32,96,oas,1.70199679163031,0.14644123607475434,0.40120320050402647
tangent_spike,32,96,spiked_known_floor,1.6497022038292197,0.09414664827366412,0.38145566032292816
tangent_spike,32,96,oracle,1.5555555555555556,0.0,0.0
tangent_spike,32,97,projection,1.5555555555555556,0.0,0.8333333333333334
tangent_spike,32,97,empirical,1.8685528376736482,0.3129972821180928,0.5444143530601535
tangent_spike,32,97,oas,1.6336579180710842,0.07810236251552849,0.5088990734083703
tangent_spike,32,97,spiked_known_floor,1.582051918096807,0.02649636254125137,0.4442079770401748
tangent_spike,32,97,oracle,1.5555555555555556,0.0,0.0
tangent_spike,32,98,projection,1.5555555555555556,0.0,0.8333333333333334
tangent_spike,32,98,empirical,2.107071093575895,0.5515155380203391,0.5135491656179797
tangent_spike,32,98,oas,1.7036155408427225,0.14805998528716702,0.3828711299528273
tangent_spike,32,98,spiked_known_floor,1.6242506772328187,0.0686951216772631,0.29684983305665474
tangent_spike,32,98,oracle,1.5555555555555556,0.0,0.0
tangent_spike,32,99,projection,1.5555555555555556,0.0,0.8333333333333334
tangent_spike,32,99,empirical,1.8909464753734342,0.3353909198178787,0.46458058759477705
tangent_spike,32,99,oas,1.6111481143738078,0.055592558818252175,0.5356290673136425
tangent_spike,32,99,spiked_known_floor,1.596083218451969,0.04052766289641365,0.4002894103910099
tangent_spike,32,99,oracle,1.5555555555555556,0.0,0.0
tangent_spike,32,100,projection,1.5555555555555556,0.0,0.8333333333333334
tangent_spike,32,100,empirical,1.8477242650190098,0.29216870946345413,0.5742784180206927
tangent_spike,32,100,oas,1.6055433005457358,0.04998774499018008,0.6125227086070956
tangent_spike,32,100,spiked_known_floor,1.5939169408171339,0.03836138526157845,0.5261766116636921
tangent_spike,32,100,oracle,1.5555555555555556,0.0,0.0
tangent_spike,32,101,projection,1.5555555555555556,0.0,0.8333333333333334
tangent_spike,32,101,empirical,2.234313767592956,0.6787582120374002,0.5294766141091306
tangent_spike,32,101,oas,1.6990636575610785,0.1435081020055228,0.46128326719526713
tangent_spike,32,101,spiked_known_floor,1.6374564220637848,0.08190086650822932,0.36338684256063986
tangent_spike,32,101,oracle,1.5555555555555556,0.0,0.0
tangent_spike,32,102,projection,1.5555555555555556,0.0,0.8333333333333334
tangent_spike,32,102,empirical,2.2040419477075286,0.6484863921519728,0.49762132697769523
tangent_spike,32,102,oas,1.662664023080137,0.10710846752458147,0.41026129909904
tangent_spike,32,102,spiked_known_floor,1.6155719547894973,0.06001639923394161,0.34191901695618765
tangent_spike,32,102,oracle,1.5555555555555556,0.0,0.0
tangent_spike,32,103,projection,1.5555555555555556,0.0,0.8333333333333334
tangent_spike,32,103,empirical,1.9093688516228728,0.3538132960673171,0.5946014607345368
tangent_spike,32,103,oas,1.5975559309811715,0.0420003754256159,0.6662824368210726
tangent_spike,32,103,spiked_known_floor,1.5740210164341109,0.018465460878555343,0.576371978710278
tangent_spike,32,103,oracle,1.5555555555555556,0.0,0.0
tangent_spike,32,104,projection,1.5555555555555556,0.0,0.8333333333333334
tangent_spike,32,104,empirical,1.949193335384991,0.3936377798294356,0.5550741698238933
tangent_spike,32,104,oas,1.6279312883107613,0.07237573275520574,0.5846525200657439
tangent_spike,32,104,spiked_known_floor,1.6059649995539473,0.05040944399839177,0.46708456063455744
tangent_spike,32,104,oracle,1.5555555555555556,0.0,0.0
tangent_spike,32,105,projection,1.5555555555555556,0.0,0.8333333333333334
tangent_spike,32,105,empirical,1.8373438347595703,0.28178827920401467,0.4776881928948122
tangent_spike,32,105,oas,1.6059803919191145,0.05042483636355889,0.5309020313840571
tangent_spike,32,105,spiked_known_floor,1.5707158611391767,0.015160305583621204,0.38397099956475067
tangent_spike,32,105,oracle,1.5555555555555556,0.0,0.0
tangent_spike,32,106,projection,1.5555555555555556,0.0,0.8333333333333334
tangent_spike,32,106,empirical,1.8953262058394869,0.3397706502839313,0.4421110552025726
tangent_spike,32,106,oas,1.6410424381722746,0.08548688261671898,0.4543451392465705
tangent_spike,32,106,spiked_known_floor,1.6122755663310229,0.05672001077546735,0.3184756401353497
tangent_spike,32,106,oracle,1.5555555555555556,0.0,0.0
tangent_spike,32,107,projection,1.5555555555555556,0.0,0.8333333333333334
tangent_spike,32,107,empirical,1.8177962878284621,0.26224073227290645,0.47835791939000877
tangent_spike,32,107,oas,1.63111476907815,0.07555921352259454,0.43720948578293223
tangent_spike,32,107,spiked_known_floor,1.599195420603665,0.04363986504810937,0.3172892922241213
tangent_spike,32,107,oracle,1.5555555555555556,0.0,0.0
tangent_spike,32,108,projection,1.5555555555555556,0.0,0.8333333333333334
tangent_spike,32,108,empirical,1.8594347917377307,0.303879236182175,0.5360447058790048
tangent_spike,32,108,oas,1.6523225275869557,0.09676697203140021,0.4894912291515776
tangent_spike,32,108,spiked_known_floor,1.6269809062000014,0.07142535064444594,0.39909907528685556
tangent_spike,32,108,oracle,1.5555555555555556,0.0,0.0
tangent_spike,32,109,projection,1.5555555555555556,0.0,0.8333333333333334
tangent_spike,32,109,empirical,1.8765567465723905,0.3210011910168349,0.49534820931844475
tangent_spike,32,109,oas,1.6563994113961487,0.10084385584059294,0.4112242387732723
tangent_spike,32,109,spiked_known_floor,1.6254274766626857,0.06987192110713028,0.319655209212179
tangent_spike,32,109,oracle,1.5555555555555556,0.0,0.0
tangent_spike,32,110,projection,1.5555555555555556,0.0,0.8333333333333334
tangent_spike,32,110,empirical,1.7221461737745172,0.16659061821896148,0.4551555020090074
tangent_spike,32,110,oas,1.5926804842184508,0.03712492866289541,0.5284721876302653
tangent_spike,32,110,spiked_known_floor,1.5662867804006195,0.010731224845064065,0.3908642011157763
tangent_spike,32,110,oracle,1.5555555555555556,0.0,0.0
tangent_spike,32,111,projection,1.5555555555555556,0.0,0.8333333333333334
tangent_spike,32,111,empirical,1.8550125626908214,0.29945700713526585,0.41884358861512
tangent_spike,32,111,oas,1.6477755807195473,0.09222002516399168,0.4052885906521509
tangent_spike,32,111,spiked_known_floor,1.597930115580783,0.04237456002522727,0.29963482220262233
tangent_spike,32,111,oracle,1.5555555555555556,0.0,0.0
tangent_spike,32,112,projection,1.5555555555555556,0.0,0.8333333333333334
tangent_spike,32,112,empirical,1.9570571181088623,0.4015015625533066,0.5310685895539855
tangent_spike,32,112,oas,1.6891691199169019,0.13361356436134633,0.4192751258263494
tangent_spike,32,112,spiked_known_floor,1.6428630534529927,0.08730749789743711,0.3389736030554385
tangent_spike,32,112,oracle,1.5555555555555556,0.0,0.0
tangent_spike,32,113,projection,1.5555555555555556,0.0,0.8333333333333334
tangent_spike,32,113,empirical,2.0076624176367956,0.45210686208123985,0.4653771011071934
tangent_spike,32,113,oas,1.6993754576640834,0.1438199021085278,0.3579195946569241
tangent_spike,32,113,spiked_known_floor,1.6379200968465328,0.0823645412909772,0.28162287806770225
tangent_spike,32,113,oracle,1.5555555555555556,0.0,0.0
tangent_spike,32,114,projection,1.5555555555555556,0.0,0.8333333333333334
tangent_spike,32,114,empirical,1.9952646978977921,0.43970914234223657,0.49391177433592454
tangent_spike,32,114,oas,1.7121602697933966,0.15660471423784111,0.3682911404174942
tangent_spike,32,114,spiked_known_floor,1.6421670049357464,0.08661144938019082,0.3207222777810573
tangent_spike,32,114,oracle,1.5555555555555556,0.0,0.0
tangent_spike,32,115,projection,1.5555555555555556,0.0,0.8333333333333334
tangent_spike,32,115,empirical,1.7850668005123802,0.22951124495682476,0.4649896090751511
tangent_spike,32,115,oas,1.628746220192702,0.07319066463714657,0.4319943443432488
tangent_spike,32,115,spiked_known_floor,1.6050147834725872,0.049459227917031605,0.28972017194937694
tangent_spike,32,115,oracle,1.5555555555555556,0.0,0.0
tangent_spike,32,116,projection,1.5555555555555556,0.0,0.8333333333333334
tangent_spike,32,116,empirical,1.8168927860743689,0.26133723051881325,0.4767456331496647
tangent_spike,32,116,oas,1.638092982998557,0.08253742744300169,0.4086757585142607
tangent_spike,32,116,spiked_known_floor,1.6216969454949437,0.06614138993938828,0.2859908979378358
tangent_spike,32,116,oracle,1.5555555555555556,0.0,0.0
tangent_spike,32,117,projection,1.5555555555555556,0.0,0.8333333333333334
tangent_spike,32,117,empirical,1.906633435361222,0.35107787980566624,0.5075414783050921
tangent_spike,32,117,oas,1.6587462103483028,0.10319065479274735,0.47511064569487105
tangent_spike,32,117,spiked_known_floor,1.617003329522926,0.06144777396737053,0.377598147869926
tangent_spike,32,117,oracle,1.5555555555555556,0.0,0.0
tangent_spike,32,118,projection,1.5555555555555556,0.0,0.8333333333333334
tangent_spike,32,118,empirical,2.0617567438911646,0.5062011883356088,0.5319266578530105
tangent_spike,32,118,oas,1.7120273596303721,0.1564718040748167,0.3620995539610768
tangent_spike,32,118,spiked_known_floor,1.668265044761282,0.11270948920572652,0.31063192376237897
tangent_spike,32,118,oracle,1.5555555555555556,0.0,0.0
tangent_spike,32,119,projection,1.5555555555555556,0.0,0.8333333333333334
tangent_spike,32,119,empirical,1.9500875506811173,0.3945319951255615,0.4281889073419763
tangent_spike,32,119,oas,1.6570979430215114,0.10154238746595584,0.3783299986898611
tangent_spike,32,119,spiked_known_floor,1.6076314817971078,0.0520759262415523,0.25843866981782565
tangent_spike,32,119,oracle,1.5555555555555556,0.0,0.0
tangent_spike,32,120,projection,1.5555555555555556,0.0,0.8333333333333334
tangent_spike,32,120,empirical,1.9515167755055347,0.3959612199499792,0.5547320879793377
tangent_spike,32,120,oas,1.6858210291588742,0.1302654736033188,0.4394670783368595
tangent_spike,32,120,spiked_known_floor,1.649092602600031,0.09353704704447546,0.3817821167595535
tangent_spike,32,120,oracle,1.5555555555555556,0.0,0.0
tangent_spike,32,121,projection,1.5555555555555556,0.0,0.8333333333333334
tangent_spike,32,121,empirical,1.8836637376338008,0.3281081820782455,0.4562095552804446
tangent_spike,32,121,oas,1.6486714148120603,0.09311585925650481,0.44118204985670784
tangent_spike,32,121,spiked_known_floor,1.6240218742986485,0.06846631874309306,0.3454301774651202
tangent_spike,32,121,oracle,1.5555555555555556,0.0,0.0
tangent_spike,32,122,projection,1.5555555555555556,0.0,0.8333333333333334
tangent_spike,32,122,empirical,2.028840095700699,0.4732845401451432,0.44993426958978816
tangent_spike,32,122,oas,1.6801529819831904,0.12459742642763492,0.3785778133511981
tangent_spike,32,122,spiked_known_floor,1.6097956797259192,0.05424012417036355,0.26491356074589306
tangent_spike,32,122,oracle,1.5555555555555556,0.0,0.0
tangent_spike,32,123,projection,1.5555555555555556,0.0,0.8333333333333334
tangent_spike,32,123,empirical,2.0654053127666545,0.5098497572110988,0.4233102721546917
tangent_spike,32,123,oas,1.684590083705979,0.12903452815042343,0.41963819302451094
tangent_spike,32,123,spiked_known_floor,1.5999889381505639,0.04443338259500819,0.30351020555084507
tangent_spike,32,123,oracle,1.5555555555555556,0.0,0.0
tangent_spike,32,124,projection,1.5555555555555556,0.0,0.8333333333333334
tangent_spike,32,124,empirical,1.886664679900779,0.3311091243452234,0.484112025795802
tangent_spike,32,124,oas,1.6234688168221494,0.06791326126659403,0.5125818905885805
tangent_spike,32,124,spiked_known_floor,1.5991703780210549,0.04361482246549943,0.39702415545753283
tangent_spike,32,124,oracle,1.5555555555555556,0.0,0.0
tangent_spike,32,125,projection,1.5555555555555556,0.0,0.8333333333333334
tangent_spike,32,125,empirical,1.9143481983146613,0.3587926427591055,0.481136943848967
tangent_spike,32,125,oas,1.6694560032256003,0.11390044767004476,0.3866526801540135
tangent_spike,32,125,spiked_known_floor,1.6333713199139936,0.07781576435843818,0.30358461935360503
tangent_spike,32,125,oracle,1.5555555555555556,0.0,0.0
tangent_spike,32,126,projection,1.5555555555555556,0.0,0.8333333333333334
tangent_spike,32,126,empirical,1.995880471548575,0.4403249159930194,0.4684472676699662
tangent_spike,32,126,oas,1.6450606144358644,0.08950505888030878,0.47329193049949864
tangent_spike,32,126,spiked_known_floor,1.6119370269369497,0.0563814713813942,0.3627268354002093
tangent_spike,32,126,oracle,1.5555555555555556,0.0,0.0
tangent_spike,32,127,projection,1.5555555555555556,0.0,0.8333333333333334
tangent_spike,32,127,empirical,2.14698110509667,0.5914255495411144,0.549872018182432
tangent_spike,32,127,oas,1.6883961122108686,0.13284055665531316,0.5227995080059865
tangent_spike,32,127,spiked_known_floor,1.6264676138851095,0.07091205832955388,0.421007470270293
tangent_spike,32,127,oracle,1.5555555555555556,0.0,0.0
tangent_spike,32,128,projection,1.5555555555555556,0.0,0.8333333333333334
tangent_spike,32,128,empirical,1.915344224918388,0.3597886693628325,0.5340181517192947
tangent_spike,32,128,oas,1.697134247414304,0.14157869185874858,0.364608446986241
tangent_spike,32,128,spiked_known_floor,1.6188038533565356,0.06324829780098012,0.3421782194915988
tangent_spike,32,128,oracle,1.5555555555555556,0.0,0.0
tangent_spike,32,129,projection,1.5555555555555556,0.0,0.8333333333333334
tangent_spike,32,129,empirical,1.747619532623104,0.19206397706754852,0.9455940811904459
tangent_spike,32,129,oas,1.6378247068902163,0.08226915133466067,0.6650928707188323
tangent_spike,32,129,spiked_known_floor,1.5808171834444296,0.025261627888873914,0.7476703696714785
tangent_spike,32,129,oracle,1.5555555555555556,0.0,0.0
tangent_spike,32,130,projection,1.5555555555555556,0.0,0.8333333333333334
tangent_spike,32,130,empirical,1.9619821351527966,0.4064265795972409,0.6380447329307855
tangent_spike,32,130,oas,1.695047377420317,0.13949182186476125,0.3948907334535063
tangent_spike,32,130,spiked_known_floor,1.637555002580009,0.08199944702445348,0.42186452900130883
tangent_spike,32,130,oracle,1.5555555555555556,0.0,0.0
tangent_spike,32,131,projection,1.5555555555555556,0.0,0.8333333333333334
tangent_spike,32,131,empirical,1.9942188710227202,0.43866331546716475,0.5827768461779188
tangent_spike,32,131,oas,1.6671717261172265,0.11161617056167104,0.5267666102845107
tangent_spike,32,131,spiked_known_floor,1.6542479617101977,0.09869240615464221,0.43175487558257303
tangent_spike,32,131,oracle,1.5555555555555556,0.0,0.0
tangent_spike,32,132,projection,1.5555555555555556,0.0,0.8333333333333334
tangent_spike,32,132,empirical,2.058759375623571,0.5032038200680156,0.4495151239336827
tangent_spike,32,132,oas,1.6738951287224968,0.11833957316694137,0.3759014674824242
tangent_spike,32,132,spiked_known_floor,1.6071550020398184,0.05159944648426288,0.25665510537912684
tangent_spike,32,132,oracle,1.5555555555555556,0.0,0.0
tangent_spike,32,133,projection,1.5555555555555556,0.0,0.8333333333333334
tangent_spike,32,133,empirical,1.8161250908672908,0.260569535311735,0.5893105407795658
tangent_spike,32,133,oas,1.6479976626175126,0.09244210706195702,0.43389609763426135
tangent_spike,32,133,spiked_known_floor,1.5691292122232798,0.013573656667724273,0.37581726410410704
tangent_spike,32,133,oracle,1.5555555555555556,0.0,0.0
tangent_spike,32,134,projection,1.5555555555555556,0.0,0.8333333333333334
tangent_spike,32,134,empirical,1.9587405177669244,0.4031849622113689,0.5653481020061438
tangent_spike,32,134,oas,1.6516706776646952,0.09611512210913967,0.5513815684499858
tangent_spike,32,134,spiked_known_floor,1.6337497954798423,0.07819423992428676,0.47186132134274206
tangent_spike,32,134,oracle,1.5555555555555556,0.0,0.0
tangent_spike,32,135,projection,1.5555555555555556,0.0,0.8333333333333334
tangent_spike,32,135,empirical,1.9267322655465402,0.3711767099909848,0.5903934804529433
tangent_spike,32,135,oas,1.6379729358411146,0.08241738028555906,0.6032278653391153
tangent_spike,32,135,spiked_known_floor,1.5936857863199303,0.038130230764374856,0.5102994170725855
tangent_spike,32,135,oracle,1.5555555555555556,0.0,0.0
tangent_spike,32,136,projection,1.5555555555555556,0.0,0.8333333333333334
tangent_spike,32,136,empirical,1.8245561782083248,0.2690006226527694,0.6052092962987429
tangent_spike,32,136,oas,1.5772082378541272,0.021652682298571636,0.6961065337067444
tangent_spike,32,136,spiked_known_floor,1.5776457149871495,0.02209015943159384,0.5781630551171899
tangent_spike,32,136,oracle,1.5555555555555556,0.0,0.0
tangent_spike,32,137,projection,1.5555555555555556,0.0,0.8333333333333334
tangent_spike,32,137,empirical,2.1036240605458207,0.5480685049902648,0.5226501925731372
tangent_spike,32,137,oas,1.7071889278154933,0.15163337225993767,0.40102804646716694
tangent_spike,32,137,spiked_known_floor,1.6393460229942336,0.08379046743867817,0.3164681543205939
tangent_spike,32,137,oracle,1.5555555555555556,0.0,0.0
tangent_spike,32,138,projection,1.5555555555555556,0.0,0.8333333333333334
tangent_spike,32,138,empirical,1.7688825203682657,0.2133269648127101,0.4370155989948881
tangent_spike,32,138,oas,1.614070626769653,0.058515071214097304,0.49005499033198224
tangent_spike,32,138,spiked_known_floor,1.572052361020276,0.016496805464720307,0.3448627792945332
tangent_spike,32,138,oracle,1.5555555555555556,0.0,0.0
tangent_spike,32,139,projection,1.5555555555555556,0.0,0.8333333333333334
tangent_spike,32,139,empirical,1.8079185100310644,0.25236295447550905,0.5662554978296461
tangent_spike,32,139,oas,1.584690819256592,0.029135263701036404,0.6551742811919455
tangent_spike,32,139,spiked_known_floor,1.574761368483716,0.019205812928160444,0.5463521970928891
tangent_spike,32,139,oracle,1.5555555555555556,0.0,0.0
tangent_spike,32,140,projection,1.5555555555555556,0.0,0.8333333333333334
tangent_spike,32,140,empirical,1.8114886472796878,0.2559330917241324,0.5138196991078284
tangent_spike,32,140,oas,1.5953703838230446,0.03981482826748907,0.6019171937196879
tangent_spike,32,140,spiked_known_floor,1.5773335709037912,0.021778015348235744,0.4771299914130182
tangent_spike,32,140,oracle,1.5555555555555556,0.0,0.0
tangent_spike,32,141,projection,1.5555555555555556,0.0,0.8333333333333334
tangent_spike,32,141,empirical,1.857124584912752,0.30156902935719654,0.5009074518469319
tangent_spike,32,141,oas,1.6198538110994454,0.0642982555438898,0.5381469254528105
tangent_spike,32,141,spiked_known_floor,1.5997531507037852,0.04419759514822971,0.420081711280982
tangent_spike,32,141,oracle,1.5555555555555556,0.0,0.0
tangent_spike,32,142,projection,1.5555555555555556,0.0,0.8333333333333334
tangent_spike,32,142,empirical,1.7682242650216846,0.212668709466129,0.4312345463434053
tangent_spike,32,142,oas,1.6081803559998038,0.052624800444248256,0.4893973342447433
tangent_spike,32,142,spiked_known_floor,1.5967548476490159,0.04119929209346033,0.3541672853551723
tangent_spike,32,142,oracle,1.5555555555555556,0.0,0.0
tangent_spike,32,143,projection,1.5555555555555556,0.0,0.8333333333333334
tangent_spike,32,143,empirical,1.8722652835447076,0.31670972798915203,0.506229382542317
tangent_spike,32,143,oas,1.6100058007261664,0.05445024517061096,0.5621327397800461
tangent_spike,32,143,spiked_known_floor,1.6029964168409245,0.04744086128536903,0.4347002470389619
tangent_spike,32,143,oracle,1.5555555555555556,0.0,0.0
tangent_spike,32,144,projection,1.5555555555555556,0.0,0.8333333333333334
tangent_spike,32,144,empirical,1.8855138440436758,0.3299582884881204,0.5028776828509006
tangent_spike,32,144,oas,1.611158239809297,0.05560268425374147,0.545180062969877
tangent_spike,32,144,spiked_known_floor,1.5864400110254906,0.030884455469935197,0.4098738658993623
tangent_spike,32,144,oracle,1.5555555555555556,0.0,0.0
tangent_spike,32,145,projection,1.5555555555555556,0.0,0.8333333333333334
tangent_spike,32,145,empirical,1.7559739612441687,0.20041840568861316,0.5262756105616556
tangent_spike,32,145,oas,1.602953186469247,0.047397630913691494,0.5752515488502127
tangent_spike,32,145,spiked_known_floor,1.5930486525742582,0.0374930970187026,0.44172812181478854
tangent_spike,32,145,oracle,1.5555555555555556,0.0,0.0
tangent_spike,32,146,projection,1.5555555555555556,0.0,0.8333333333333334
tangent_spike,32,146,empirical,1.98936298913731,0.43380743358175444,0.4943944890976217
tangent_spike,32,146,oas,1.6338002062788868,0.07824465072333112,0.5279877196399958
tangent_spike,32,146,spiked_known_floor,1.5840378670542306,0.028482311498674875,0.4150888699554096
tangent_spike,32,146,oracle,1.5555555555555556,0.0,0.0
tangent_spike,32,147,projection,1.5555555555555556,0.0,0.8333333333333334
tangent_spike,32,147,empirical,2.0106178428926573,0.45506228733710175,0.4908905685297457
tangent_spike,32,147,oas,1.6689461494687743,0.11339059391321865,0.497977194152688
tangent_spike,32,147,spiked_known_floor,1.616647136291479,0.06109158073592332,0.39058743891347175
tangent_spike,32,147,oracle,1.5555555555555556,0.0,0.0
tangent_spike,32,148,projection,1.5555555555555556,0.0,0.8333333333333334
tangent_spike,32,148,empirical,1.7644412793324369,0.2088857237768815,0.42735872382835366
tangent_spike,32,148,oas,1.624803628122451,0.06924807256689532,0.4082559045089486
tangent_spike,32,148,spiked_known_floor,1.5976158418399697,0.04206028628441421,0.29538103121184667
tangent_spike,32,148,oracle,1.5555555555555556,0.0,0.0
tangent_spike,32,149,projection,1.5555555555555556,0.0,0.8333333333333334
tangent_spike,32,149,empirical,1.8779571922829712,0.32240163672741556,0.5431079969878748
tangent_spike,32,149,oas,1.6302131840691094,0.07465762851355394,0.5508362944771082
tangent_spike,32,149,spiked_known_floor,1.6004420844499654,0.04488652889440972,0.46013311571812743
tangent_spike,32,149,oracle,1.5555555555555556,0.0,0.0
tangent_spike,32,150,projection,1.5555555555555556,0.0,0.8333333333333334
tangent_spike,32,150,empirical,1.8128431352692607,0.25728757971370525,0.4515402604635086
tangent_spike,32,150,oas,1.6267578363528954,0.07120228079733983,0.3534260001368135
tangent_spike,32,150,spiked_known_floor,1.5638842094178413,0.008328653862285762,0.24804689200161123
tangent_spike,32,150,oracle,1.5555555555555556,0.0,0.0
tangent_spike,32,151,projection,1.5555555555555556,0.0,0.8333333333333334
tangent_spike,32,151,empirical,1.8885069195939606,0.332951364038405,0.5019397424363333
tangent_spike,32,151,oas,1.6617167570840057,0.1061612015284502,0.4275138869587564
tangent_spike,32,151,spiked_known_floor,1.6285230423157944,0.07296748676023879,0.3291496854661184
tangent_spike,32,151,oracle,1.5555555555555556,0.0,0.0
tangent_spike,32,152,projection,1.5555555555555556,0.0,0.8333333333333334
tangent_spike,32,152,empirical,1.881764631239401,0.3262090756838454,0.47462715029760844
tangent_spike,32,152,oas,1.681961276270804,0.1264057207152485,0.4104904042676707
tangent_spike,32,152,spiked_known_floor,1.6541829366957004,0.09862738114014498,0.3255701849394595
tangent_spike,32,152,oracle,1.5555555555555556,0.0,0.0
tangent_spike,32,153,projection,1.5555555555555556,0.0,0.8333333333333334
tangent_spike,32,153,empirical,1.8329582775279525,0.2774027219723969,0.606350814848907
tangent_spike,32,153,oas,1.6707112267297246,0.11515567117416897,0.41031724748244996
tangent_spike,32,153,spiked_known_floor,1.6621888367208826,0.10663328116532715,0.38184629350401716
tangent_spike,32,153,oracle,1.5555555555555556,0.0,0.0
tangent_spike,32,154,projection,1.5555555555555556,0.0,0.8333333333333334
tangent_spike,32,154,empirical,1.8817871389551106,0.32623158339955505,0.426360484759676
tangent_spike,32,154,oas,1.6183643930298586,0.06280883747430303,0.4809446582347021
tangent_spike,32,154,spiked_known_floor,1.5900981051405607,0.034542549585005224,0.3129755008410596
tangent_spike,32,154,oracle,1.5555555555555556,0.0,0.0
tangent_spike,32,155,projection,1.5555555555555556,0.0,0.8333333333333334
tangent_spike,32,155,empirical,1.8485014193246958,0.29294586376914045,0.4800476764048165
tangent_spike,32,155,oas,1.610570144510576,0.0550145889550205,0.5231709447826441
tangent_spike,32,155,spiked_known_floor,1.5851905672433142,0.029635011687758648,0.389917911246698
tangent_spike,32,155,oracle,1.5555555555555556,0.0,0.0
tangent_spike,32,156,projection,1.5555555555555556,0.0,0.8333333333333334
tangent_spike,32,156,empirical,1.7612554997390384,0.20569994418348278,0.4384974558372579
tangent_spike,32,156,oas,1.5834717929528095,0.027916237397253827,0.548064338401197
tangent_spike,32,156,spiked_known_floor,1.563035718244462,0.007480162688906504,0.4019310942755912
tangent_spike,32,156,oracle,1.5555555555555556,0.0,0.0
tangent_spike,32,157,projection,1.5555555555555556,0.0,0.8333333333333334
tangent_spike,32,157,empirical,1.944938566457961,0.3893830109024054,0.44509241109825304
tangent_spike,32,157,oas,1.636058126599539,0.08050257104398367,0.47230735771864557
tangent_spike,32,157,spiked_known_floor,1.588724687802218,0.03316913224666242,0.3541780190506321
tangent_spike,32,157,oracle,1.5555555555555556,0.0,0.0
tangent_spike,32,158,projection,1.5555555555555556,0.0,0.8333333333333334
tangent_spike,32,158,empirical,1.851470431156958,0.29591487560140245,0.5238483648763159
tangent_spike,32,158,oas,1.5950330712482406,0.03947751569268491,0.6197015832924199
tangent_spike,32,158,spiked_known_floor,1.5797868386029408,0.024231283047385175,0.4889825735462641
tangent_spike,32,158,oracle,1.5555555555555556,0.0,0.0
tangent_spike,32,159,projection,1.5555555555555556,0.0,0.8333333333333334
tangent_spike,32,159,empirical,1.8538848993339734,0.2983293437784178,0.4901289191305304
tangent_spike,32,159,oas,1.6520075175418567,0.09645196198630109,0.39013675140087783
tangent_spike,32,159,spiked_known_floor,1.6008401147223,0.04528455916674425,0.29231803040557797
tangent_spike,32,159,oracle,1.5555555555555556,0.0,0.0
tangent_spike,32,160,projection,1.5555555555555556,0.0,0.8333333333333334
tangent_spike,32,160,empirical,1.9077193543639912,0.3521637988084355,0.4488730005074379
tangent_spike,32,160,oas,1.6420328850185504,0.08647732946299493,0.39478871916571595
tangent_spike,32,160,spiked_known_floor,1.5884352502495167,0.0328796946939611,0.26918463660538045
tangent_spike,32,160,oracle,1.5555555555555556,0.0,0.0
tangent_spike,32,161,projection,1.5555555555555556,0.0,0.8333333333333334
tangent_spike,32,161,empirical,1.9400774608323674,0.3845219052768117,0.49472774496193894
tangent_spike,32,161,oas,1.668217667533115,0.11266211197755956,0.4855891566588378
tangent_spike,32,161,spiked_known_floor,1.6229250049161474,0.06736944936059192,0.38132373476232423
tangent_spike,32,161,oracle,1.5555555555555556,0.0,0.0
tangent_spike,32,162,projection,1.5555555555555556,0.0,0.8333333333333334
tangent_spike,32,162,empirical,1.8794696411114329,0.3239140855558775,0.46576036895992395
tangent_spike,32,162,oas,1.6574101386789424,0.10185458312338681,0.39703346317179866
tangent_spike,32,162,spiked_known_floor,1.646724487911685,0.09116893235612936,0.2974917479557348
tangent_spike,32,162,oracle,1.5555555555555556,0.0,0.0
tangent_spike,32,163,projection,1.5555555555555556,0.0,0.8333333333333334
tangent_spike,32,163,empirical,1.769135677323365,0.2135801217678096,0.4991756617874185
tangent_spike,32,163,oas,1.6045143055611277,0.04895875000557233,0.5233975481013393
tangent_spike,32,163,spiked_known_floor,1.588575533877808,0.03301997832225241,0.3886160223516219
tangent_spike,32,163,oracle,1.5555555555555556,0.0,0.0
tangent_spike,32,164,projection,1.5555555555555556,0.0,0.8333333333333334
tangent_spike,32,164,empirical,1.9343923275882011,0.3788367720326456,0.6059060625056881
tangent_spike,32,164,oas,1.695475181642414,0.13991962608685868,0.3875638622191366
tangent_spike,32,164,spiked_known_floor,1.5813083758173063,0.025752820261750693,0.3943635911423762
tangent_spike,32,164,oracle,1.5555555555555556,0.0,0.0
tangent_spike,32,165,projection,1.5555555555555556,0.0,0.8333333333333334
tangent_spike,32,165,empirical,1.8657979746151183,0.31024241905956257,0.47303478596934206
tangent_spike,32,165,oas,1.6635798923158762,0.10802433676032074,0.3724727737218027
tangent_spike,32,165,spiked_known_floor,1.5979619479837184,0.04240639242816268,0.2840898635121111
tangent_spike,32,165,oracle,1.5555555555555556,0.0,0.0
tangent_spike,32,166,projection,1.5555555555555556,0.0,0.8333333333333334
tangent_spike,32,166,empirical,2.0697381601515468,0.5141826045959912,0.5020988116676756
tangent_spike,32,166,oas,1.7046420675583098,0.14908651200275436,0.42880102190885333
tangent_spike,32,166,spiked_known_floor,1.6386911840685803,0.08313562851302479,0.33623464385595153
tangent_spike,32,166,oracle,1.5555555555555556,0.0,0.0
tangent_spike,32,167,projection,1.5555555555555556,0.0,0.8333333333333334
tangent_spike,32,167,empirical,2.052106897131913,0.4965513415763575,0.4909989386209764
tangent_spike,32,167,oas,1.6810408034992363,0.12548524794368082,0.47784173222137166
tangent_spike,32,167,spiked_known_floor,1.6218162321012914,0.06626067654573596,0.35246404008147536
tangent_spike,32,167,oracle,1.5555555555555556,0.0,0.0
tangent_spike,32,168,projection,1.5555555555555556,0.0,0.8333333333333334
tangent_spike,32,168,empirical,1.7741100866076482,0.21855453105209255,0.4326335058325315
tangent_spike,32,168,oas,1.6357683076835878,0.0802127521280322,0.4032466662307814
tangent_spike,32,168,spiked_known_floor,1.5775394955476518,0.021983939992096364,0.2768340980599538
tangent_spike,32,168,oracle,1.5555555555555556,0.0,0.0
tangent_spike,32,169,projection,1.5555555555555556,0.0,0.8333333333333334
tangent_spike,32,169,empirical,1.8508516427023731,0.29529608714681777,0.5057887519057535
tangent_spike,32,169,oas,1.660762919705748,0.10520736415019259,0.4786264507995092
tangent_spike,32,169,spiked_known_floor,1.6483944592364381,0.09283890368088264,0.3888089153940333
tangent_spike,32,169,oracle,1.5555555555555556,0.0,0.0
tangent_spike,32,170,projection,1.5555555555555556,0.0,0.8333333333333334
tangent_spike,32,170,empirical,1.835955007346917,0.28039945179136144,0.4732180138580179
tangent_spike,32,170,oas,1.6559294496251713,0.1003738940696158,0.34470281581498535
tangent_spike,32,170,spiked_known_floor,1.5851641095732363,0.029608554017680724,0.26317418492691697
tangent_spike,32,170,oracle,1.5555555555555556,0.0,0.0
tangent_spike,32,171,projection,1.5555555555555556,0.0,0.8333333333333334
tangent_spike,32,171,empirical,1.985075805180688,0.42952024962513247,0.49262860392447244
tangent_spike,32,171,oas,1.6467533870958746,0.09119783154031891,0.46394761517641814
tangent_spike,32,171,spiked_known_floor,1.6326159267344043,0.07706037117884863,0.354469729804306
tangent_spike,32,171,oracle,1.5555555555555556,0.0,0.0
tangent_spike,32,172,projection,1.5555555555555556,0.0,0.8333333333333334
tangent_spike,32,172,empirical,1.8022310338121816,0.246675478256626,0.47254410193845126
tangent_spike,32,172,oas,1.6317575291094566,0.07620197355390115,0.459711504323818
tangent_spike,32,172,spiked_known_floor,1.609321629081439,0.053766073525883286,0.3664188005438253
tangent_spike,32,172,oracle,1.5555555555555556,0.0,0.0
tangent_spike,32,173,projection,1.5555555555555556,0.0,0.8333333333333334
tangent_spike,32,173,empirical,1.8704310312223456,0.3148754756667901,0.7112101013466062
tangent_spike,32,173,oas,1.6765544759572706,0.12099892040171516,0.47350781264674896
tangent_spike,32,173,spiked_known_floor,1.5879020565350965,0.032346500979540865,0.5142860368822725
tangent_spike,32,173,oracle,1.5555555555555556,0.0,0.0
tangent_spike,32,174,projection,1.5555555555555556,0.0,0.8333333333333334
tangent_spike,32,174,empirical,2.005682138585055,0.45012658302949976,0.489760310511172
tangent_spike,32,174,oas,1.6608535462813592,0.10529799072580366,0.40622514716155506
tangent_spike,32,174,spiked_known_floor,1.5766095888214267,0.0210540332658712,0.3068840367358954
tangent_spike,32,174,oracle,1.5555555555555556,0.0,0.0
tangent_spike,32,175,projection,1.5555555555555556,0.0,0.8333333333333334
tangent_spike,32,175,empirical,1.905133620790786,0.34957806523523055,0.6116201107034775
tangent_spike,32,175,oas,1.6884496192727882,0.13289406371723264,0.4023869669305065
tangent_spike,32,175,spiked_known_floor,1.6254607662058147,0.0699052106502591,0.39169819075881973
tangent_spike,32,175,oracle,1.5555555555555556,0.0,0.0
tangent_spike,32,176,projection,1.5555555555555556,0.0,0.8333333333333334
tangent_spike,32,176,empirical,2.0090191842378116,0.45346362868225604,0.4756463462237772
tangent_spike,32,176,oas,1.658812873328409,0.10325731777285353,0.4940440579554759
tangent_spike,32,176,spiked_known_floor,1.6128454569277682,0.05728990137221254,0.36189805714692186
tangent_spike,32,176,oracle,1.5555555555555556,0.0,0.0
tangent_spike,32,177,projection,1.5555555555555556,0.0,0.8333333333333334
tangent_spike,32,177,empirical,2.104574259285233,0.5490187037296773,0.4848596280672283
tangent_spike,32,177,oas,1.6365675562060553,0.08101200065049978,0.5111448454549419
tangent_spike,32,177,spiked_known_floor,1.6039096067273577,0.048354051171802255,0.3922949493423648
tangent_spike,32,177,oracle,1.5555555555555556,0.0,0.0
tangent_spike,32,178,projection,1.5555555555555556,0.0,0.8333333333333334
tangent_spike,32,178,empirical,1.7616869594226,0.20613140386704434,0.4848048521391488
tangent_spike,32,178,oas,1.6347015349773237,0.07914597942176821,0.4138599625347432
tangent_spike,32,178,spiked_known_floor,1.6394734408168496,0.08391788526129416,0.3284107259171223
tangent_spike,32,178,oracle,1.5555555555555556,0.0,0.0
tangent_spike,32,179,projection,1.5555555555555556,0.0,0.8333333333333334
tangent_spike,32,179,empirical,1.809215939757012,0.2536603842014564,0.44454891982690964
tangent_spike,32,179,oas,1.6343394781525957,0.07878392259704022,0.3498756255213475
tangent_spike,32,179,spiked_known_floor,1.5916151016856828,0.03605954613012727,0.2541948477972937
tangent_spike,32,179,oracle,1.5555555555555556,0.0,0.0
tangent_spike,32,180,projection,1.5555555555555556,0.0,0.8333333333333334
tangent_spike,32,180,empirical,1.747278670202449,0.19172311464689343,0.4917473954193818
tangent_spike,32,180,oas,1.5901409380152427,0.03458538245968715,0.5559880271108456
tangent_spike,32,180,spiked_known_floor,1.5780571847514908,0.022501629195935423,0.4310349420168182
tangent_spike,32,180,oracle,1.5555555555555556,0.0,0.0
tangent_spike,32,181,projection,1.5555555555555556,0.0,0.8333333333333334
tangent_spike,32,181,empirical,2.2485291964626075,0.6929736409070522,0.49150711911781597
tangent_spike,32,181,oas,1.7444475819096814,0.18889202635412572,0.38116198132643403
tangent_spike,32,181,spiked_known_floor,1.6480901240810217,0.0925345685254661,0.2678294732617635
tangent_spike,32,181,oracle,1.5555555555555556,0.0,0.0
tangent_spike,32,182,projection,1.5555555555555556,0.0,0.8333333333333334
tangent_spike,32,182,empirical,1.9112998814824635,0.35574432592690797,0.4698626705821249
tangent_spike,32,182,oas,1.6336211076638107,0.07806555210825508,0.4299265367217729
tangent_spike,32,182,spiked_known_floor,1.5823268498176566,0.026771294262101047,0.30606880230471073
tangent_spike,32,182,oracle,1.5555555555555556,0.0,0.0
tangent_spike,32,183,projection,1.5555555555555556,0.0,0.8333333333333334
tangent_spike,32,183,empirical,1.8298310563293734,0.27427550077381796,0.5089522485676078
tangent_spike,32,183,oas,1.613455459738809,0.05789990418325346,0.5763118709074074
tangent_spike,32,183,spiked_known_floor,1.610483510581465,0.05492795502590952,0.473235730533858
tangent_spike,32,183,oracle,1.5555555555555556,0.0,0.0
tangent_spike,32,184,projection,1.5555555555555556,0.0,0.8333333333333334
tangent_spike,32,184,empirical,1.873234100454505,0.31767854489894964,0.5438246631943078
tangent_spike,32,184,oas,1.5956375014736048,0.04008194591804947,0.6164758342716211
tangent_spike,32,184,spiked_known_floor,1.5740665299842738,0.01851097442871812,0.48763285629935277
tangent_spike,32,184,oracle,1.5555555555555556,0.0,0.0
tangent_spike,32,185,projection,1.5555555555555556,0.0,0.8333333333333334
tangent_spike,32,185,empirical,1.897558596464879,0.3420030409093232,0.5166321117577056
tangent_spike,32,185,oas,1.6622920265040289,0.1067364709484732,0.35939405577772265
tangent_spike,32,185,spiked_known_floor,1.6057122437737337,0.05015668821817821,0.2945938416285845
tangent_spike,32,185,oracle,1.5555555555555556,0.0,0.0
tangent_spike,32,186,projection,1.5555555555555556,0.0,0.8333333333333334
tangent_spike,32,186,empirical,1.9877600278579024,0.43220447230234676,0.5702340180188832
tangent_spike,32,186,oas,1.7061144032245448,0.15055884766898914,0.41532531776109155
tangent_spike,32,186,spiked_known_floor,1.6813359957200116,0.12578044016445605,0.3900690693924032
tangent_spike,32,186,oracle,1.5555555555555556,0.0,0.0
tangent_spike,32,187,projection,1.5555555555555556,0.0,0.8333333333333334
tangent_spike,32,187,empirical,2.0108195777630846,0.45526402220752893,0.4539718937283304
tangent_spike,32,187,oas,1.6542707560699772,0.09871520051442159,0.40622840722010306
tangent_spike,32,187,spiked_known_floor,1.5868198577562806,0.031264302200725055,0.27690665921459484
tangent_spike,32,187,oracle,1.5555555555555556,0.0,0.0
tangent_spike,32,188,projection,1.5555555555555556,0.0,0.8333333333333334
tangent_spike,32,188,empirical,1.8899020825118984,0.334346526956343,0.560417029543833
tangent_spike,32,188,oas,1.600515368110039,0.04495981255448352,0.6177222500327783
tangent_spike,32,188,spiked_known_floor,1.5987391287959083,0.04318357324035271,0.5040316795484895
tangent_spike,32,188,oracle,1.5555555555555556,0.0,0.0
tangent_spike,32,189,projection,1.5555555555555556,0.0,0.8333333333333334
tangent_spike,32,189,empirical,1.8741615657001784,0.31860601014462303,0.5085890187607228
tangent_spike,32,189,oas,1.668801426431567,0.11324587087601151,0.35327198350366246
tangent_spike,32,189,spiked_known_floor,1.60135188113831,0.045796325582754566,0.2819098253760906
tangent_spike,32,189,oracle,1.5555555555555556,0.0,0.0
tangent_spike,32,190,projection,1.5555555555555556,0.0,0.8333333333333334
tangent_spike,32,190,empirical,1.837312935547882,0.28175737999232653,0.439904832254204
tangent_spike,32,190,oas,1.6254362928593076,0.06988073730375192,0.4273186798274409
tangent_spike,32,190,spiked_known_floor,1.594980399075101,0.039424843519545484,0.2832406648036709
tangent_spike,32,190,oracle,1.5555555555555556,0.0,0.0
tangent_spike,32,191,projection,1.5555555555555556,0.0,0.8333333333333334
tangent_spike,32,191,empirical,2.088502767239233,0.5329472116836776,0.47546339014410366
tangent_spike,32,191,oas,1.7179160704777403,0.1623605149221847,0.43604238452198535
tangent_spike,32,191,spiked_known_floor,1.635015118175001,0.07945956261944541,0.32054606438856564
tangent_spike,32,191,oracle,1.5555555555555556,0.0,0.0
tangent_spike,32,192,projection,1.5555555555555556,0.0,0.8333333333333334
tangent_spike,32,192,empirical,1.9119138978142134,0.3563583422586576,0.5464101961632174
tangent_spike,32,192,oas,1.6423301481379362,0.08677459258238064,0.5031354604323496
tangent_spike,32,192,spiked_known_floor,1.6286864741495506,0.07313091859399491,0.38733232296724424
tangent_spike,32,192,oracle,1.5555555555555556,0.0,0.0
tangent_spike,32,193,projection,1.5555555555555556,0.0,0.8333333333333334
tangent_spike,32,193,empirical,1.9684252611216126,0.41286970556605707,0.6422097400778652
tangent_spike,32,193,oas,1.6952959441423197,0.13974038858676402,0.42401214867527587
tangent_spike,32,193,spiked_known_floor,1.6578053195085185,0.102249763952963,0.41304829106856755
tangent_spike,32,193,oracle,1.5555555555555556,0.0,0.0
tangent_spike,32,194,projection,1.5555555555555556,0.0,0.8333333333333334
tangent_spike,32,194,empirical,1.8263390305252034,0.27078347496964783,0.4693572080043383
tangent_spike,32,194,oas,1.6465003875573825,0.09094483200182707,0.348056204666011
tangent_spike,32,194,spiked_known_floor,1.6066494365376283,0.05109388098207265,0.25995813918898725
tangent_spike,32,194,oracle,1.5555555555555556,0.0,0.0
tangent_spike,32,195,projection,1.5555555555555556,0.0,0.8333333333333334
tangent_spike,32,195,empirical,1.9638457596914616,0.40829020413590617,0.4929271799790958
tangent_spike,32,195,oas,1.6600706986171798,0.10451514306162418,0.5272852935454864
tangent_spike,32,195,spiked_known_floor,1.611931240137916,0.05637568458236034,0.41293100192121684
tangent_spike,32,195,oracle,1.5555555555555556,0.0,0.0
tangent_spike,32,196,projection,1.5555555555555556,0.0,0.8333333333333334
tangent_spike,32,196,empirical,1.9364093456364928,0.38085379008093706,0.4981288333641476
tangent_spike,32,196,oas,1.6400814637695025,0.08452590821394698,0.5134393644429147
tangent_spike,32,196,spiked_known_floor,1.6164764934453903,0.0609209378898348,0.4112864799188853
tangent_spike,32,196,oracle,1.5555555555555556,0.0,0.0
tangent_spike,32,197,projection,1.5555555555555556,0.0,0.8333333333333334
tangent_spike,32,197,empirical,1.877940277693611,0.3223847221380552,0.4968399412450342
tangent_spike,32,197,oas,1.6668457826384413,0.11129022708288569,0.38500685311965843
tangent_spike,32,197,spiked_known_floor,1.6296760942864241,0.0741205387308686,0.33122772673636486
tangent_spike,32,197,oracle,1.5555555555555556,0.0,0.0
tangent_spike,32,198,projection,1.5555555555555556,0.0,0.8333333333333334
tangent_spike,32,198,empirical,1.9928345542526078,0.43727899869705245,0.5190515735018969
tangent_spike,32,198,oas,1.6074963588146278,0.05194080325907216,0.5984863852860817
tangent_spike,32,198,spiked_known_floor,1.5902261837801615,0.03467062822460604,0.46393477819482926
tangent_spike,32,198,oracle,1.5555555555555556,0.0,0.0
tangent_spike,32,199,projection,1.5555555555555556,0.0,0.8333333333333334
tangent_spike,32,199,empirical,1.8418222083114795,0.286266652755924,0.5566555427542573
tangent_spike,32,199,oas,1.6172515107638104,0.06169595520825471,0.5798167059491282
tangent_spike,32,199,spiked_known_floor,1.627451992206148,0.0718964366505923,0.4624628422635763
tangent_spike,32,199,oracle,1.5555555555555556,0.0,0.0
tangent_spike,64,0,projection,1.5555555555555556,0.0,0.8333333333333334
tangent_spike,64,0,empirical,1.6964410086766268,0.14088545312107145,0.36085714748006953
tangent_spike,64,0,oas,1.6351468270297282,0.07959127147417283,0.34948462532141256
tangent_spike,64,0,spiked_known_floor,1.6009280672952433,0.045372511739687704,0.28372835336004393
tangent_spike,64,0,oracle,1.5555555555555556,0.0,0.0
tangent_spike,64,1,projection,1.5555555555555556,0.0,0.8333333333333334
tangent_spike,64,1,empirical,1.7591265256549589,0.20357097009940328,0.3838387094045575
tangent_spike,64,1,oas,1.6647527314360246,0.10919717588046914,0.3029109200617196
tangent_spike,64,1,spiked_known_floor,1.5987331876857447,0.04317763213018924,0.2607272840773052
tangent_spike,64,1,oracle,1.5555555555555556,0.0,0.0
tangent_spike,64,2,projection,1.5555555555555556,0.0,0.8333333333333334
tangent_spike,64,2,empirical,1.7592804514557887,0.20372489590023318,0.3381483316043028
tangent_spike,64,2,oas,1.6731461090515607,0.11759055349600521,0.28195807582903903
tangent_spike,64,2,spiked_known_floor,1.6196381871011072,0.06408263154555159,0.213438140302294
tangent_spike,64,2,oracle,1.5555555555555556,0.0,0.0
tangent_spike,64,3,projection,1.5555555555555556,0.0,0.8333333333333334
tangent_spike,64,3,empirical,1.720383789158635,0.16482823360307955,0.343535453343768
tangent_spike,64,3,oas,1.6403677670395316,0.08481221148397595,0.3340335918948498
tangent_spike,64,3,spiked_known_floor,1.6013241781413794,0.045768622585823725,0.24915875156793924
tangent_spike,64,3,oracle,1.5555555555555556,0.0,0.0
tangent_spike,64,4,projection,1.5555555555555556,0.0,0.8333333333333334
tangent_spike,64,4,empirical,1.6975623281945065,0.14200677263895078,0.29360334532573495
tangent_spike,64,4,oas,1.6198033959151894,0.06424784035963388,0.30674358165893667
tangent_spike,64,4,spiked_known_floor,1.5668038339249781,0.011248278369422764,0.18442668384071503
tangent_spike,64,4,oracle,1.5555555555555556,0.0,0.0
tangent_spike,64,5,projection,1.5555555555555556,0.0,0.8333333333333334
tangent_spike,64,5,empirical,1.704917269610527,0.1493617140549715,0.43650678640900464
tangent_spike,64,5,oas,1.6132911616940673,0.057735606138511836,0.500027214698672
tangent_spike,64,5,spiked_known_floor,1.592280411047212,0.036724855491656244,0.39361930513724247
tangent_spike,64,5,oracle,1.5555555555555556,0.0,0.0
tangent_spike,64,6,projection,1.5555555555555556,0.0,0.8333333333333334
tangent_spike,64,6,empirical,1.6870799745446747,0.13152441898911926,0.3639809039372452
tangent_spike,64,6,oas,1.6202030366333966,0.06464748107784109,0.39177837660799436
tangent_spike,64,6,spiked_known_floor,1.594679019035462,0.039123463479906605,0.3011232551928019
tangent_spike,64,6,oracle,1.5555555555555556,0.0,0.0
tangent_spike,64,7,projection,1.5555555555555556,0.0,0.8333333333333334
tangent_spike,64,7,empirical,1.7349418103432344,0.17938625478767883,0.324887247899408
tangent_spike,64,7,oas,1.6584353145873472,0.10287975903179154,0.28197605686403043
tangent_spike,64,7,spiked_known_floor,1.6068653724315145,0.0513098168759589,0.19999315066545265
tangent_spike,64,7,oracle,1.5555555555555556,0.0,0.0
tangent_spike,64,8,projection,1.5555555555555556,0.0,0.8333333333333334
tangent_spike,64,8,empirical,1.6680049033048379,0.11244934774928211,0.30086348299846694
tangent_spike,64,8,oas,1.6088277256859023,0.05327217013034667,0.3218465232163175
tangent_spike,64,8,spiked_known_floor,1.5640588602803753,0.008503304724819857,0.2101706063655544
tangent_spike,64,8,oracle,1.5555555555555556,0.0,0.0
tangent_spike,64,9,projection,1.5555555555555556,0.0,0.8333333333333334
tangent_spike,64,9,empirical,1.6881109835616632,0.1325554280061075,0.33580010325680315
tangent_spike,64,9,oas,1.6268783612615614,0.07132280570600574,0.26205594948659733
tangent_spike,64,9,spiked_known_floor,1.5730296894089515,0.017474133853395937,0.18969035921170685
tangent_spike,64,9,oracle,1.5555555555555556,0.0,0.0
tangent_spike,64,10,projection,1.5555555555555556,0.0,0.8333333333333334
tangent_spike,64,10,empirical,1.7094338623604073,0.15387830680485176,0.3575740426500705
tangent_spike,64,10,oas,1.6302653572981671,0.07470980174261163,0.34970034387073395
tangent_spike,64,10,spiked_known_floor,1.5752930604087467,0.019737504853191132,0.2850899018858912
tangent_spike,64,10,oracle,1.5555555555555556,0.0,0.0
tangent_spike,64,11,projection,1.5555555555555556,0.0,0.8333333333333334
tangent_spike,64,11,empirical,1.7028044922320105,0.14724893667645483,0.40653927180974136
tangent_spike,64,11,oas,1.6135145850222585,0.057959029466703,0.4697682503320539
tangent_spike,64,11,spiked_known_floor,1.5774438107305988,0.021888255175043104,0.3743391596787715
tangent_spike,64,11,oracle,1.5555555555555556,0.0,0.0
tangent_spike,64,12,projection,1.5555555555555556,0.0,0.8333333333333334
tangent_spike,64,12,empirical,1.7218333483155748,0.16627779276001906,0.36150035867350877
tangent_spike,64,12,oas,1.6529274074722717,0.09737185191671618,0.3050040959370899
tangent_spike,64,12,spiked_known_floor,1.5941950438597268,0.03863948830417136,0.23128556221924476
tangent_spike,64,12,oracle,1.5555555555555556,0.0,0.0
tangent_spike,64,13,projection,1.5555555555555556,0.0,0.8333333333333334
tangent_spike,64,13,empirical,1.7059764506857056,0.15042089513015,0.3480799346601629
tangent_spike,64,13,oas,1.635957346186152,0.08040179063059649,0.35482697204320424
tangent_spike,64,13,spiked_known_floor,1.609792644369274,0.054237088813718554,0.2565115887085568
tangent_spike,64,13,oracle,1.5555555555555556,0.0,0.0
tangent_spike,64,14,projection,1.5555555555555556,0.0,0.8333333333333334
tangent_spike,64,14,empirical,1.7751857152552357,0.2196301596996802,0.3760571061775726
tangent_spike,64,14,oas,1.682015635553086,0.12646007999753034,0.2980294946999568
tangent_spike,64,14,spiked_known_floor,1.6143277523004782,0.05877219674492265,0.25275144519576104
tangent_spike,64,14,oracle,1.5555555555555556,0.0,0.0
tangent_spike,64,15,projection,1.5555555555555556,0.0,0.8333333333333334
tangent_spike,64,15,empirical,1.6898457353936016,0.13429017983804603,0.34339890783218197
tangent_spike,64,15,oas,1.6304655049911039,0.07490994943554832,0.32818495594671415
tangent_spike,64,15,spiked_known_floor,1.6060843550879886,0.05052879953243303,0.24223091009299677
tangent_spike,64,15,oracle,1.5555555555555556,0.0,0.0
tangent_spike,64,16,projection,1.5555555555555556,0.0,0.8333333333333334
tangent_spike,64,16,empirical,1.7010012031810195,0.14544564762546408,0.46125605500011124
tangent_spike,64,16,oas,1.6028091945156364,0.047253638960080745,0.5444843637490018
tangent_spike,64,16,spiked_known_floor,1.570237087258882,0.014681531703326355,0.4418791273561693
tangent_spike,64,16,oracle,1.5555555555555556,0.0,0.0
tangent_spike,64,17,projection,1.5555555555555556,0.0,0.8333333333333334
tangent_spike,64,17,empirical,1.6474874212736437,0.09193186571808801,0.3291104471021729
tangent_spike,64,17,oas,1.6055800071326496,0.050024451577093974,0.36032355545780415
tangent_spike,64,17,spiked_known_floor,1.5813484752086668,0.02579291965311138,0.2567715940751644
tangent_spike,64,17,oracle,1.5555555555555556,0.0,0.0
tangent_spike,64,18,projection,1.5555555555555556,0.0,0.8333333333333334
tangent_spike,64,18,empirical,1.7589254574164157,0.20336990186086007,0.39801580004135356
tangent_spike,64,18,oas,1.6700229515343725,0.11446739597881694,0.32373888465651396
tangent_spike,64,18,spiked_known_floor,1.6236383187553576,0.06808276319980207,0.2610552139670957
tangent_spike,64,18,oracle,1.5555555555555556,0.0,0.0
tangent_spike,64,19,projection,1.5555555555555556,0.0,0.8333333333333334
tangent_spike,64,19,empirical,1.7012427871058435,0.14568723155028807,0.4119506874135957
tangent_spike,64,19,oas,1.6270658569053629,0.07151030134980729,0.4403161879951341
tangent_spike,64,19,spiked_known_floor,1.6010953170885684,0.045539761533012875,0.3462291222968041
tangent_spike,64,19,oracle,1.5555555555555556,0.0,0.0
tangent_spike,64,20,projection,1.5555555555555556,0.0,0.8333333333333334
tangent_spike,64,20,empirical,1.7607269331944242,0.2051713776388686,0.33132283330659146
tangent_spike,64,20,oas,1.6651167048639621,0.10956114930840663,0.3208744848862324
tangent_spike,64,20,spiked_known_floor,1.5928265787293567,0.0372710231738012,0.21005118598366326
tangent_spike,64,20,oracle,1.5555555555555556,0.0,0.0
tangent_spike,64,21,projection,1.5555555555555556,0.0,0.8333333333333334
tangent_spike,64,21,empirical,1.7119117196120905,0.1563561640565348,0.42081636306775744
tangent_spike,64,21,oas,1.6497944634985093,0.09423890794295363,0.31861210727626715
tangent_spike,64,21,spiked_known_floor,1.6034401735912838,0.04788461803572822,0.2914397217561317
tangent_spike,64,21,oracle,1.5555555555555556,0.0,0.0
tangent_spike,64,22,projection,1.5555555555555556,0.0,0.8333333333333334
tangent_spike,64,22,empirical,1.8170088821328239,0.2614533265772682,0.4342595242792846
tangent_spike,64,22,oas,1.7089444402688474,0.15338888471329196,0.33042044416835376
tangent_spike,64,22,spiked_known_floor,1.6232204304975413,0.06766487494198582,0.29887729465771856
tangent_spike,64,22,oracle,1.5555555555555556,0.0,0.0
tangent_spike,64,23,projection,1.5555555555555556,0.0,0.8333333333333334
tangent_spike,64,23,empirical,1.6895864967451797,0.1340309411896241,0.37878400295760645
tangent_spike,64,23,oas,1.6259830915699214,0.07042753601436585,0.3504675678852809
tangent_spike,64,23,spiked_known_floor,1.578573421376292,0.023017865820736547,0.2579643991548583
tangent_spike,64,23,oracle,1.5555555555555556,0.0,0.0
tangent_spike,64,24,projection,1.5555555555555556,0.0,0.8333333333333334
tangent_spike,64,24,empirical,1.6649184020345973,0.10936284647904178,0.329015416110951
tangent_spike,64,24,oas,1.60492322010229,0.04936766454673451,0.37014864118023616
tangent_spike,64,24,spiked_known_floor,1.5758735279478824,0.020317972392326897,0.2644992731818525
tangent_spike,64,24,oracle,1.5555555555555556,0.0,0.0
tangent_spike,64,25,projection,1.5555555555555556,0.0,0.8333333333333334
tangent_spike,64,25,empirical,1.7237867504166675,0.16823119486111204,0.3619335997545934
tangent_spike,64,25,oas,1.6489507532013534,0.09339519764579789,0.3549370630948589
tangent_spike,64,25,spiked_known_floor,1.6050044187138295,0.04944886315827385,0.25891420338440674
tangent_spike,64,25,oracle,1.5555555555555556,0.0,0.0
tangent_spike,64,26,projection,1.5555555555555556,0.0,0.8333333333333334
tangent_spike,64,26,empirical,1.6989087314099485,0.14335317585439303,0.34333988818129674
tangent_spike,64,26,oas,1.644571416586758,0.08901586103120236,0.2795958000173009
tangent_spike,64,26,spiked_known_floor,1.6083515550534324,0.052795999497876854,0.2323660940096324
tangent_spike,64,26,oracle,1.5555555555555556,0.0,0.0
tangent_spike,64,27,projection,1.5555555555555556,0.0,0.8333333333333334
tangent_spike,64,27,empirical,1.6754287850003158,0.11987322944476025,0.3252492429390118
tangent_spike,64,27,oas,1.6196571354669835,0.06410157991142794,0.3422484983246406
tangent_spike,64,27,spiked_known_floor,1.5749617784334535,0.019406222877897984,0.24121796567846412
tangent_spike,64,27,oracle,1.5555555555555556,0.0,0.0
tangent_spike,64,28,projection,1.5555555555555556,0.0,0.8333333333333334
tangent_spike,64,28,empirical,1.7679714910747242,0.21241593551916854,0.4088206504029879
tangent_spike,64,28,oas,1.6448148754491074,0.0892593198935518,0.44984060009501253
tangent_spike,64,28,spiked_known_floor,1.608105224261837,0.052549668706281506,0.35518890582496626
tangent_spike,64,28,oracle,1.5555555555555556,0.0,0.0
tangent_spike,64,29,projection,1.5555555555555556,0.0,0.8333333333333334
tangent_spike,64,29,empirical,1.7130144319673948,0.15745887641183925,0.34404680568100887
tangent_spike,64,29,oas,1.6277303325828667,0.07217477702731134,0.3447927633398595
tangent_spike,64,29,spiked_known_floor,1.5781868160306387,0.022631260475083168,0.2607924644782931
tangent_spike,64,29,oracle,1.5555555555555556,0.0,0.0
tangent_spike,64,30,projection,1.5555555555555556,0.0,0.8333333333333334
tangent_spike,64,30,empirical,1.658841805126853,0.10328624957129734,0.3473506600555687
tangent_spike,64,30,oas,1.6088602253419717,0.05330466978641621,0.3817695051813153
tangent_spike,64,30,spiked_known_floor,1.5675774870620223,0.012021931506466767,0.2893578814831974
tangent_spike,64,30,oracle,1.5555555555555556,0.0,0.0
tangent_spike,64,31,projection,1.5555555555555556,0.0,0.8333333333333334
tangent_spike,64,31,empirical,1.77912532557684,0.22356977002128456,0.3626248268243297
tangent_spike,64,31,oas,1.672041278320207,0.11648572276465148,0.32814938149701706
tangent_spike,64,31,spiked_known_floor,1.6235436788134021,0.06798812325784652,0.24352848124765492
tangent_spike,64,31,oracle,1.5555555555555556,0.0,0.0
tangent_spike,64,32,projection,1.5555555555555556,0.0,0.8333333333333334
tangent_spike,64,32,empirical,1.739212621315571,0.1836570657600154,0.3384304061701538
tangent_spike,64,32,oas,1.6533958463440062,0.0978402907884506,0.2980117325290835
tangent_spike,64,32,spiked_known_floor,1.6122449711553903,0.05668941559983468,0.2201857852629376
tangent_spike,64,32,oracle,1.5555555555555556,0.0,0.0
tangent_spike,64,33,projection,1.5555555555555556,0.0,0.8333333333333334
tangent_spike,64,33,empirical,1.7956874247517791,0.24013186919622376,0.39864249955234604
tangent_spike,64,33,oas,1.687551709095681,0.13199615354012542,0.32790290543861383
tangent_spike,64,33,spiked_known_floor,1.6116617002435962,0.05610614468804062,0.2903498561928891
tangent_spike,64,33,oracle,1.5555555555555556,0.0,0.0
tangent_spike,64,34,projection,1.5555555555555556,0.0,0.8333333333333334
tangent_spike,64,34,empirical,1.692461249620025,0.13690569406446967,0.35394758930080067
tangent_spike,64,34,oas,1.6141672222569214,0.05861166670136597,0.39413811516437697
tangent_spike,64,34,spiked_known_floor,1.579233358442333,0.023677802886777514,0.2798779076691617
tangent_spike,64,34,oracle,1.5555555555555556,0.0,0.0
tangent_spike,64,35,projection,1.5555555555555556,0.0,0.8333333333333334
tangent_spike,64,35,empirical,1.6783217063351736,0.12276615077961808,0.3580999321715741
tangent_spike,64,35,oas,1.6249832062771914,0.06942765072163572,0.2653446341708663
tangent_spike,64,35,spiked_known_floor,1.5725393451903726,0.01698378963481706,0.21190839143647144
tangent_spike,64,35,oracle,1.5555555555555556,0.0,0.0
tangent_spike,64,36,projection,1.5555555555555556,0.0,0.8333333333333334
tangent_spike,64,36,empirical,1.7062821617190442,0.15072660616348865,0.393947096580376
tangent_spike,64,36,oas,1.6158924321591688,0.060336876603613296,0.45984053161354854
tangent_spike,64,36,spiked_known_floor,1.5763268067995375,0.020771251243982023,0.35926705689176436
tangent_spike,64,36,oracle,1.5555555555555556,0.0,0.0
tangent_spike,64,37,projection,1.5555555555555556,0.0,0.8333333333333334
tangent_spike,64,37,empirical,1.6871705739559524,0.1316150184003969,0.3098969744458357
tangent_spike,64,37,oas,1.6215941511340977,0.06603859557854201,0.3093323596772664
tangent_spike,64,37,spiked_known_floor,1.5742154563465824,0.01865990079102683,0.221117654003173
tangent_spike,64,37,oracle,1.5555555555555556,0.0,0.0
tangent_spike,64,38,projection,1.5555555555555556,0.0,0.8333333333333334
tangent_spike,64,38,empirical,1.6769545615006847,0.121399005945129,0.3475378927034369
tangent_spike,64,38,oas,1.6179184711628949,0.062362915607339385,0.34776647989340975
tangent_spike,64,38,spiked_known_floor,1.5790242447993854,0.023468689243829773,0.2722183836273519
tangent_spike,64,38,oracle,1.5555555555555556,0.0,0.0
tangent_spike,64,39,projection,1.5555555555555556,0.0,0.8333333333333334
tangent_spike,64,39,empirical,1.720841530931005,0.16528597537544928,0.3394901182363435
tangent_spike,64,39,oas,1.6293572348419432,0.07380167928638762,0.3791729825285512
tangent_spike,64,39,spiked_known_floor,1.5766070331852033,0.02105147762964772,0.26768959751137344
tangent_spike,64,39,oracle,1.5555555555555556,0.0,0.0
tangent_spike,64,40,projection,1.5555555555555556,0.0,0.8333333333333334
tangent_spike,64,40,empirical,1.7797993473606917,0.22424379180513604,0.36346172300647805
tangent_spike,64,40,oas,1.6682016193365332,0.11264606378097773,0.3302689278334818
tangent_spike,64,40,spiked_known_floor,1.6072195046522095,0.051663949096653915,0.24839319701751963
tangent_spike,64,40,oracle,1.5555555555555556,0.0,0.0
tangent_spike,64,41,projection,1.5555555555555556,0.0,0.8333333333333334
tangent_spike,64,41,empirical,1.7693888162072604,0.21383326065170494,0.34364921783909064
tangent_spike,64,41,oas,1.6751391927539423,0.11958363719838681,0.26793182614034067
tangent_spike,64,41,spiked_known_floor,1.619456090171434,0.0639005346158785,0.20888141165210883
tangent_spike,64,41,oracle,1.5555555555555556,0.0,0.0
tangent_spike,64,42,projection,1.5555555555555556,0.0,0.8333333333333334
tangent_spike,64,42,empirical,1.7111470315993111,0.15559147604375553,0.36168186035003913
tangent_spike,64,42,oas,1.6269737361049368,0.07141818054938114,0.39055207517644464
tangent_spike,64,42,spiked_known_floor,1.591614669355477,0.03605911379992141,0.2721156869101246
tangent_spike,64,42,oracle,1.5555555555555556,0.0,0.0
tangent_spike,64,43,projection,1.5555555555555556,0.0,0.8333333333333334
tangent_spike,64,43,empirical,1.6827397392939298,0.12718418373837412,0.34894455478101266
tangent_spike,64,43,oas,1.625276712698289,0.06972115714273357,0.2567624685340479
tangent_spike,64,43,spiked_known_floor,1.5629488730573096,0.007393317501753859,0.21378318526540196
tangent_spike,64,43,oracle,1.5555555555555556,0.0,0.0
tangent_spike,64,44,projection,1.5555555555555556,0.0,0.8333333333333334
tangent_spike,64,44,empirical,1.7623956678638473,0.20684011230829183,0.3806153102782157
tangent_spike,64,44,oas,1.6780917067278047,0.12253615117224917,0.31901157281095455
tangent_spike,64,44,spiked_known_floor,1.6293422890535598,0.07378673349800426,0.2548737296352272
tangent_spike,64,44,oracle,1.5555555555555556,0.0,0.0
tangent_spike,64,45,projection,1.5555555555555556,0.0,0.8333333333333334
tangent_spike,64,45,empirical,1.7421476896650032,0.18659213410944764,0.35825765271144866
tangent_spike,64,45,oas,1.6436008586951767,0.08804530313962106,0.39485760058046737
tangent_spike,64,45,spiked_known_floor,1.6076566624397506,0.052101106884195086,0.304246965241354
tangent_spike,64,45,oracle,1.5555555555555556,0.0,0.0
tangent_spike,64,46,projection,1.5555555555555556,0.0,0.8333333333333334
tangent_spike,64,46,empirical,1.6915383167364393,0.1359827611808838,0.3692905865374047
tangent_spike,64,46,oas,1.6293050718899134,0.0737495163343577,0.32991829927382926
tangent_spike,64,46,spiked_known_floor,1.59224483979184,0.03668928423628448,0.2723147198814166
tangent_spike,64,46,oracle,1.5555555555555556,0.0,0.0
tangent_spike,64,47,projection,1.5555555555555556,0.0,0.8333333333333334
tangent_spike,64,47,empirical,1.735731384189374,0.18017582863381848,0.3707887389530236
tangent_spike,64,47,oas,1.6477360284683313,0.09218047291277581,0.3533980630881397
tangent_spike,64,47,spiked_known_floor,1.604867270892389,0.0493117153368333,0.2633010526345365
tangent_spike,64,47,oracle,1.5555555555555556,0.0,0.0
tangent_spike,64,48,projection,1.5555555555555556,0.0,0.8333333333333334
tangent_spike,64,48,empirical,1.7950741880763519,0.23951863252079622,0.3561716344406069
tangent_spike,64,48,oas,1.688392604520785,0.13283704896522955,0.28253656578700964
tangent_spike,64,48,spiked_known_floor,1.6074047317989726,0.051849176243416964,0.22307710287766205
tangent_spike,64,48,oracle,1.5555555555555556,0.0,0.0
tangent_spike,64,49,projection,1.5555555555555556,0.0,0.8333333333333334
tangent_spike,64,49,empirical,1.6933155762323093,0.13776002067675383,0.36669244413529417
tangent_spike,64,49,oas,1.6357247598099298,0.08016920425437425,0.3190809074840964
tangent_spike,64,49,spiked_known_floor,1.6079275640693211,0.05237200851376558,0.26535825023174225
tangent_spike,64,49,oracle,1.5555555555555556,0.0,0.0
tangent_spike,64,50,projection,1.5555555555555556,0.0,0.8333333333333334
tangent_spike,64,50,empirical,1.6599149313486234,0.10435937579306791,0.30767685364922376
tangent_spike,64,50,oas,1.6120823336434618,0.056526778087906196,0.3246118067771811
tangent_spike,64,50,spiked_known_floor,1.5778816087968264,0.022326053241270728,0.2283126511528841
tangent_spike,64,50,oracle,1.5555555555555556,0.0,0.0
tangent_spike,64,51,projection,1.5555555555555556,0.0,0.8333333333333334
tangent_spike,64,51,empirical,1.6931733530318833,0.1376177974763278,0.338581318605488
tangent_spike,64,51,oas,1.6277408515307443,0.07218529597518869,0.3388140703236586
tangent_spike,64,51,spiked_known_floor,1.578934458786445,0.023378903230889408,0.23537861548130398
tangent_spike,64,51,oracle,1.5555555555555556,0.0,0.0
tangent_spike,64,52,projection,1.5555555555555556,0.0,0.8333333333333334
tangent_spike,64,52,empirical,1.8101101266431234,0.2545545710875681,0.3319720477027241
tangent_spike,64,52,oas,1.6801671397764446,0.12461158422088918,0.3199967328086157
tangent_spike,64,52,spiked_known_floor,1.5998531884284033,0.044297632872847686,0.21285313940129705
tangent_spike,64,52,oracle,1.5555555555555556,0.0,0.0
tangent_spike,64,53,projection,1.5555555555555556,0.0,0.8333333333333334
tangent_spike,64,53,empirical,1.6950163071197335,0.13946075156417787,0.4255303610249861
tangent_spike,64,53,oas,1.6374802541176239,0.08192469856206819,0.3383748171309275
tangent_spike,64,53,spiked_known_floor,1.574852758617795,0.0192972030622393,0.30401528678295936
tangent_spike,64,53,oracle,1.5555555555555556,0.0,0.0
tangent_spike,64,54,projection,1.5555555555555556,0.0,0.8333333333333334
tangent_spike,64,54,empirical,1.7514900657647798,0.19593451020922442,0.42905538552543043
tangent_spike,64,54,oas,1.673085634848271,0.11753007929271536,0.3639962334098712
tangent_spike,64,54,spiked_known_floor,1.631228386211943,0.07567283065638739,0.3352664583531888
tangent_spike,64,54,oracle,1.5555555555555556,0.0,0.0
tangent_spike,64,55,projection,1.5555555555555556,0.0,0.8333333333333334
tangent_spike,64,55,empirical,1.6464851924002168,0.09092963684466124,0.2858119430772474
tangent_spike,64,55,oas,1.597271457613166,0.04171590205761037,0.3063948745712224
tangent_spike,64,55,spiked_known_floor,1.5581260335027407,0.0025704779471852875,0.18166779697208882
tangent_spike,64,55,oracle,1.5555555555555556,0.0,0.0
tangent_spike,64,56,projection,1.5555555555555556,0.0,0.8333333333333334
tangent_spike,64,56,empirical,1.7047819594390554,0.1492264038834999,0.3134667531509486
tangent_spike,64,56,oas,1.6323961185325648,0.0768405629770093,0.31579644390627165
tangent_spike,64,56,spiked_known_floor,1.5830306082756556,0.02747505272009993,0.23831274318406906
tangent_spike,64,56,oracle,1.5555555555555556,0.0,0.0
tangent_spike,64,57,projection,1.5555555555555556,0.0,0.8333333333333334
tangent_spike,64,57,empirical,1.67091932466331,0.1153637691077545,0.3212107987245712
tangent_spike,64,57,oas,1.6119611856834908,0.05640563012793528,0.3201268409126234
tangent_spike,64,57,spiked_known_floor,1.5728420982290094,0.017286542673453746,0.219028929063651
tangent_spike,64,57,oracle,1.5555555555555556,0.0,0.0
tangent_spike,64,58,projection,1.5555555555555556,0.0,0.8333333333333334
tangent_spike,64,58,empirical,1.695912242308867,0.14035668675331137,0.4466247713591527
tangent_spike,64,58,oas,1.6437063951114312,0.0881508395558758,0.3320572540727114
tangent_spike,64,58,spiked_known_floor,1.6130328637090594,0.057477308153503666,0.3304636073818638
tangent_spike,64,58,oracle,1.5555555555555556,0.0,0.0
tangent_spike,64,59,projection,1.5555555555555556,0.0,0.8333333333333334
tangent_spike,64,59,empirical,1.68379815322144,0.1282425976658846,0.37607017017815253
tangent_spike,64,59,oas,1.633659113150368,0.07810355759481225,0.2730487912632272
tangent_spike,64,59,spiked_known_floor,1.5760227480263043,0.02046719247074867,0.2437459783040579
tangent_spike,64,59,oracle,1.5555555555555556,0.0,0.0
tangent_spike,64,60,projection,1.5555555555555556,0.0,0.8333333333333334
tangent_spike,64,60,empirical,1.7134576330147522,0.15790207745919668,0.3654124523933547
tangent_spike,64,60,oas,1.6426016326920339,0.0870460771364784,0.33863710957351484
tangent_spike,64,60,spiked_known_floor,1.6226902681067679,0.0671347125512122,0.2667245860492727
tangent_spike,64,60,oracle,1.5555555555555556,0.0,0.0
tangent_spike,64,61,projection,1.5555555555555556,0.0,0.8333333333333334
tangent_spike,64,61,empirical,1.6686552750550638,0.11309971949950838,0.3469240880895879
tangent_spike,64,61,oas,1.623620929839407,0.06806537428385144,0.2705720816069209
tangent_spike,64,61,spiked_known_floor,1.5631891355271188,0.00763357997156323,0.20659403037489768
tangent_spike,64,61,oracle,1.5555555555555556,0.0,0.0
tangent_spike,64,62,projection,1.5555555555555556,0.0,0.8333333333333334
tangent_spike,64,62,empirical,1.6992298604339746,0.1436743048784189,0.38067133709635587
tangent_spike,64,62,oas,1.6245773530424428,0.06902179748688714,0.41518455777962465
tangent_spike,64,62,spiked_known_floor,1.5987743050830057,0.043218749527450064,0.3170067600993903
tangent_spike,64,62,oracle,1.5555555555555556,0.0,0.0
tangent_spike,64,63,projection,1.5555555555555556,0.0,0.8333333333333334
tangent_spike,64,63,empirical,1.7012046068079867,0.145649051252431,0.3070425410011662
tangent_spike,64,63,oas,1.6332936750306235,0.07773811947506795,0.3045964766146956
tangent_spike,64,63,spiked_known_floor,1.5839726179189073,0.02841706236335157,0.2111830721955074
tangent_spike,64,63,oracle,1.5555555555555556,0.0,0.0
tangent_spike,64,64,projection,1.5555555555555556,0.0,0.8333333333333334
tangent_spike,64,64,empirical,1.7547094918765977,0.1991539363210422,0.3427461965301939
tangent_spike,64,64,oas,1.652151318231243,0.09659576267568733,0.3450217026850999
tangent_spike,64,64,spiked_known_floor,1.5841980928250292,0.028642537269473703,0.26316010983661564
tangent_spike,64,64,oracle,1.5555555555555556,0.0,0.0
tangent_spike,64,65,projection,1.5555555555555556,0.0,0.8333333333333334
tangent_spike,64,65,empirical,1.7480851060034088,0.1925295504478533,0.3971437969402803
tangent_spike,64,65,oas,1.6367911847583236,0.0812356292027681,0.4458203159226161
tangent_spike,64,65,spiked_known_floor,1.6013560491810483,0.045800493625492746,0.3443073771438579
tangent_spike,64,65,oracle,1.5555555555555556,0.0,0.0
tangent_spike,64,66,projection,1.5555555555555556,0.0,0.8333333333333334
tangent_spike,64,66,empirical,1.7443718187079746,0.18881626315241914,0.3662931695257576
tangent_spike,64,66,oas,1.6373541667359899,0.08179861118043442,0.40145801554852695
tangent_spike,64,66,spiked_known_floor,1.5846880945909543,0.029132539035398634,0.29711144311428367
tangent_spike,64,66,oracle,1.5555555555555556,0.0,0.0
tangent_spike,64,67,projection,1.5555555555555556,0.0,0.8333333333333334
tangent_spike,64,67,empirical,1.6674316393679143,0.11187608381235872,0.34583602410785064
tangent_spike,64,67,oas,1.6080659051587793,0.052510349603223774,0.3657742965748975
tangent_spike,64,67,spiked_known_floor,1.5679948746026877,0.012439319047132122,0.24001658760983832
tangent_spike,64,67,oracle,1.5555555555555556,0.0,0.0
tangent_spike,64,68,projection,1.5555555555555556,0.0,0.8333333333333334
tangent_spike,64,68,empirical,1.7407561089204184,0.1852005533648629,0.35159277601259914
tangent_spike,64,68,oas,1.6430577834727444,0.0875022279171889,0.3376872010711865
tangent_spike,64,68,spiked_known_floor,1.5917303891458012,0.03617483359024573,0.25511231985228805
tangent_spike,64,68,oracle,1.5555555555555556,0.0,0.0
tangent_spike,64,69,projection,1.5555555555555556,0.0,0.8333333333333334
tangent_spike,64,69,empirical,1.7724917776417841,0.21693622208622867,0.34037906781847777
tangent_spike,64,69,oas,1.650247882536681,0.09469232698112548,0.35648295893155696
tangent_spike,64,69,spiked_known_floor,1.6034896021831615,0.04793404662760589,0.24571100874223906
tangent_spike,64,69,oracle,1.5555555555555556,0.0,0.0
tangent_spike,64,70,projection,1.5555555555555556,0.0,0.8333333333333334
tangent_spike,64,70,empirical,1.7052374450061292,0.1496818894505737,0.37852699386837657
tangent_spike,64,70,oas,1.639044491622264,0.08348893606670843,0.3782259996473128
tangent_spike,64,70,spiked_known_floor,1.6087873228362364,0.05323176728068085,0.300535110603029
tangent_spike,64,70,oracle,1.5555555555555556,0.0,0.0
tangent_spike,64,71,projection,1.5555555555555556,0.0,0.8333333333333334
tangent_spike,64,71,empirical,1.678420384995147,0.12286482943959115,0.32902977482645074
tangent_spike,64,71,oas,1.6241485667013758,0.06859301114582012,0.3075132269642111
tangent_spike,64,71,spiked_known_floor,1.5911347260693782,0.035579170513822755,0.21357319076272097
tangent_spike,64,71,oracle,1.5555555555555556,0.0,0.0
tangent_spike,64,72,projection,1.5555555555555556,0.0,0.8333333333333334
tangent_spike,64,72,empirical,1.7183116858683105,0.1627561303127548,0.3294069555643021
tangent_spike,64,72,oas,1.6363708011166043,0.0808152455610486,0.3453584756875426
tangent_spike,64,72,spiked_known_floor,1.5868202214242957,0.03126466586874006,0.24199947111022113
tangent_spike,64,72,oracle,1.5555555555555556,0.0,0.0
tangent_spike,64,73,projection,1.5555555555555556,0.0,0.8333333333333334
tangent_spike,64,73,empirical,1.687662091879453,0.13210653632389735,0.3746080414840442
tangent_spike,64,73,oas,1.626282916552431,0.07072736099687554,0.30767069797145913
tangent_spike,64,73,spiked_known_floor,1.5916628891994844,0.03610733364392894,0.24283653554249005
tangent_spike,64,73,oracle,1.5555555555555556,0.0,0.0
tangent_spike,64,74,projection,1.5555555555555556,0.0,0.8333333333333334
tangent_spike,64,74,empirical,1.7558415329639019,0.20028597740834644,0.40011965980519965
tangent_spike,64,74,oas,1.6300798502697647,0.07452429471420911,0.46693680508983376
tangent_spike,64,74,spiked_known_floor,1.599800273394456,0.04424471783890048,0.35907994553749845
tangent_spike,64,74,oracle,1.5555555555555556,0.0,0.0
tangent_spike,64,75,projection,1.5555555555555556,0.0,0.8333333333333334
tangent_spike,64,75,empirical,1.6724279389209082,0.11687238336535266,0.35494422602043274
tangent_spike,64,75,oas,1.6051241947309036,0.04956863917534807,0.40800155956299317
tangent_spike,64,75,spiked_known_floor,1.570372829617342,0.014817274061786635,0.2778718469090728
tangent_spike,64,75,oracle,1.5555555555555556,0.0,0.0
tangent_spike,64,76,projection,1.5555555555555556,0.0,0.8333333333333334
tangent_spike,64,76,empirical,1.671449758258988,0.11589420270343236,0.4843043180771911
tangent_spike,64,76,oas,1.5929394337552607,0.037383878199705206,0.566738180530748
tangent_spike,64,76,spiked_known_floor,1.5647252195818147,0.009169664026259104,0.4648677981083484
tangent_spike,64,76,oracle,1.5555555555555556,0.0,0.0
tangent_spike,64,77,projection,1.5555555555555556,0.0,0.8333333333333334
tangent_spike,64,77,empirical,1.7180243322262443,0.16246877667068865,0.3568297877872531
tangent_spike,64,77,oas,1.6400702409753416,0.0845146854197862,0.30278056821135996
tangent_spike,64,77,spiked_known_floor,1.5868259505894775,0.03127039503392189,0.23422686116274685
tangent_spike,64,77,oracle,1.5555555555555556,0.0,0.0
tangent_spike,64,78,projection,1.5555555555555556,0.0,0.8333333333333334
tangent_spike,64,78,empirical,1.7046261914258105,0.149070635870255,0.327743930849242
tangent_spike,64,78,oas,1.6307775562165328,0.07522200066097712,0.3525323064985803
tangent_spike,64,78,spiked_known_floor,1.5893438926372854,0.03378833708172965,0.2342203476466299
tangent_spike,64,78,oracle,1.5555555555555556,0.0,0.0
tangent_spike,64,79,projection,1.5555555555555556,0.0,0.8333333333333334
tangent_spike,64,79,empirical,1.7083497991925063,0.15279424363695066,0.34428338091687477
tangent_spike,64,79,oas,1.6273430673862825,0.07178751183072712,0.36380989523428126
tangent_spike,64,79,spiked_known_floor,1.5874141975763711,0.03185864202081549,0.2592281227212736
tangent_spike,64,79,oracle,1.5555555555555556,0.0,0.0
tangent_spike,64,80,projection,1.5555555555555556,0.0,0.8333333333333334
tangent_spike,64,80,empirical,1.7270898901144613,0.17153433455890585,0.3088394448550073
tangent_spike,64,80,oas,1.6419870739634488,0.0864315184078932,0.2994027503547138
tangent_spike,64,80,spiked_known_floor,1.5988594915689296,0.043303936013374233,0.2113914481680461
tangent_spike,64,80,oracle,1.5555555555555556,0.0,0.0
tangent_spike,64,81,projection,1.5555555555555556,0.0,0.8333333333333334
tangent_spike,64,81,empirical,1.8058538660089352,0.2502983104533796,0.36709292755815454
tangent_spike,64,81,oas,1.6633218672628651,0.10776631170730964,0.3798764819090206
tangent_spike,64,81,spiked_known_floor,1.6150477139235637,0.059492158368008266,0.2816950800957077
tangent_spike,64,81,oracle,1.5555555555555556,0.0,0.0
tangent_spike,64,82,projection,1.5555555555555556,0.0,0.8333333333333334
tangent_spike,64,82,empirical,1.6790425073844422,0.12348695182888673,0.3289261605677439
tangent_spike,64,82,oas,1.6222354859637969,0.06667993040824133,0.32746505967623035
tangent_spike,64,82,spiked_known_floor,1.5875178656957647,0.031962310140209005,0.22567271908190126
tangent_spike,64,82,oracle,1.5555555555555556,0.0,0.0
tangent_spike,64,83,projection,1.5555555555555556,0.0,0.8333333333333334
tangent_spike,64,83,empirical,1.681169164011946,0.12561360845639047,0.35733363322127354
tangent_spike,64,83,oas,1.6155358584582888,0.0599803029027333,0.4019950297237214
tangent_spike,64,83,spiked_known_floor,1.5873357740609606,0.031780218505405106,0.3071360259874521
tangent_spike,64,83,oracle,1.5555555555555556,0.0,0.0
tangent_spike,64,84,projection,1.5555555555555556,0.0,0.8333333333333334
tangent_spike,64,84,empirical,1.6971899582334773,0.14163440267792163,0.4619302924889694
tangent_spike,64,84,oas,1.606394073906455,0.050838518350899566,0.5148751825181217
tangent_spike,64,84,spiked_known_floor,1.5669322159193502,0.01137666036379457,0.41530721203738774
tangent_spike,64,84,oracle,1.5555555555555556,0.0,0.0
tangent_spike,64,85,projection,1.5555555555555556,0.0,0.8333333333333334
tangent_spike,64,85,empirical,1.6652867309321395,0.10973117537658403,0.3617833187729094
tangent_spike,64,85,oas,1.6079668292195035,0.05241127366394789,0.3927838314441963
tangent_spike,64,85,spiked_known_floor,1.5738623384421377,0.018306782886582246,0.2902123943469961
tangent_spike,64,85,oracle,1.5555555555555556,0.0,0.0
tangent_spike,64,86,projection,1.5555555555555556,0.0,0.8333333333333334
tangent_spike,64,86,empirical,1.70601787428755,0.15046231873199445,0.3702100645564399
tangent_spike,64,86,oas,1.6272751584133403,0.07171960285778477,0.3996648235285944
tangent_spike,64,86,spiked_known_floor,1.599124040962218,0.04356848540666258,0.30463789559281235
tangent_spike,64,86,oracle,1.5555555555555556,0.0,0.0
tangent_spike,64,87,projection,1.5555555555555556,0.0,0.8333333333333334
tangent_spike,64,87,empirical,1.753724642050026,0.1981690864944705,0.40119788170493026
tangent_spike,64,87,oas,1.6557068076599097,0.1001512521043542,0.39391965366346743
tangent_spike,64,87,spiked_known_floor,1.612923322340134,0.05736776678457835,0.31198571561833915
tangent_spike,64,87,oracle,1.5555555555555556,0.0,0.0
tangent_spike,64,88,projection,1.5555555555555556,0.0,0.8333333333333334
tangent_spike,64,88,empirical,1.7948953540278498,0.2393397984722941,0.4520272499302025
tangent_spike,64,88,oas,1.7073687737405892,0.15181321818503346,0.3797388827651245
tangent_spike,64,88,spiked_known_floor,1.6860063304130448,0.13045077485748927,0.33678259330793264
tangent_spike,64,88,oracle,1.5555555555555556,0.0,0.0
tangent_spike,64,89,projection,1.5555555555555556,0.0,0.8333333333333334
tangent_spike,64,89,empirical,1.7002741205158254,0.14471856496026986,0.34729226469219715
tangent_spike,64,89,oas,1.6378030471952196,0.08224749163966422,0.3174938733965826
tangent_spike,64,89,spiked_known_floor,1.613543272883038,0.05798771732748235,0.2209232959619489
tangent_spike,64,89,oracle,1.5555555555555556,0.0,0.0
tangent_spike,64,90,projection,1.5555555555555556,0.0,0.8333333333333334
tangent_spike,64,90,empirical,1.6984599720051694,0.14290441644961394,0.3296991959553235
tangent_spike,64,90,oas,1.628931256346988,0.07337570079143232,0.3231546753803311
tangent_spike,64,90,spiked_known_floor,1.575318709130726,0.019763153575170403,0.24002650967409814
tangent_spike,64,90,oracle,1.5555555555555556,0.0,0.0
tangent_spike,64,91,projection,1.5555555555555556,0.0,0.8333333333333334
tangent_spike,64,91,empirical,1.6922548458420097,0.1366992902864541,0.35738893592387605
tangent_spike,64,91,oas,1.6364600713603903,0.08090451580483488,0.28705173171624443
tangent_spike,64,91,spiked_known_floor,1.5978902687951912,0.04233471323963586,0.23227534278469145
tangent_spike,64,91,oracle,1.5555555555555556,0.0,0.0
tangent_spike,64,92,projection,1.5555555555555556,0.0,0.8333333333333334
tangent_spike,64,92,empirical,1.6797679154879654,0.12421235993240977,0.30014819700947587
tangent_spike,64,92,oas,1.6166161997523103,0.06106064419675478,0.3208271858379507
tangent_spike,64,92,spiked_known_floor,1.5795917627253107,0.024036207169755245,0.20272544153480887
tangent_spike,64,92,oracle,1.5555555555555556,0.0,0.0
tangent_spike,64,93,projection,1.5555555555555556,0.0,0.8333333333333334
tangent_spike,64,93,empirical,1.7951579196845542,0.23960236412899866,0.5174617141949064
tangent_spike,64,93,oas,1.7045699748303138,0.14901441927475828,0.4069565319757438
tangent_spike,64,93,spiked_known_floor,1.6570729507725335,0.10151739521697804,0.3972027601546441
tangent_spike,64,93,oracle,1.5555555555555556,0.0,0.0
tangent_spike,64,94,projection,1.5555555555555556,0.0,0.8333333333333334
tangent_spike,64,94,empirical,1.7032464681512316,0.14769091259567607,0.3264425732233077
tangent_spike,64,94,oas,1.6329232514653704,0.07736769590981489,0.32465487971556295
tangent_spike,64,94,spiked_known_floor,1.6042248227735074,0.048669267217951985,0.23486638670494284
tangent_spike,64,94,oracle,1.5555555555555556,0.0,0.0
tangent_spike,64,95,projection,1.5555555555555556,0.0,0.8333333333333334
tangent_spike,64,95,empirical,1.6883489302193884,0.13279337466383295,0.33051559673234854
tangent_spike,64,95,oas,1.624066628987673,0.0685110734321175,0.3247796932206459
tangent_spike,64,95,spiked_known_floor,1.5973965203298546,0.041840964774299154,0.2386509336189492
tangent_spike,64,95,oracle,1.5555555555555556,0.0,0.0
tangent_spike,64,96,projection,1.5555555555555556,0.0,0.8333333333333334
tangent_spike,64,96,empirical,1.7322071901891671,0.17665163463361158,0.3723114814605842
tangent_spike,64,96,oas,1.6321020944904971,0.07654653893494162,0.4339361049996342
tangent_spike,64,96,spiked_known_floor,1.5894259997335543,0.033870444177998754,0.3323158467824411
tangent_spike,64,96,oracle,1.5555555555555556,0.0,0.0
tangent_spike,64,97,projection,1.5555555555555556,0.0,0.8333333333333334
tangent_spike,64,97,empirical,1.6979801348948251,0.14242457933926964,0.3564783446380586
tangent_spike,64,97,oas,1.629248189723836,0.07369263416828037,0.3341835460076803
tangent_spike,64,97,spiked_known_floor,1.577530346365067,0.021974790809511438,0.24512071290215545
tangent_spike,64,97,oracle,1.5555555555555556,0.0,0.0
tangent_spike,64,98,projection,1.5555555555555556,0.0,0.8333333333333334
tangent_spike,64,98,empirical,1.736696622806815,0.18114106725125934,0.3150082672150018
tangent_spike,64,98,oas,1.650532592180642,0.09497703662508651,0.29540729085169776
tangent_spike,64,98,spiked_known_floor,1.6105352067411751,0.05497965118561972,0.20295063476257938
tangent_spike,64,98,oracle,1.5555555555555556,0.0,0.0
tangent_spike,64,99,projection,1.5555555555555556,0.0,0.8333333333333334
tangent_spike,64,99,empirical,1.660084835806387,0.10452928025083155,0.2830554167346984
tangent_spike,64,99,oas,1.6143548188400556,0.05879926328450011,0.270809881040952
tangent_spike,64,99,spiked_known_floor,1.5830049686576981,0.027449413102142644,0.15384273248376393
tangent_spike,64,99,oracle,1.5555555555555556,0.0,0.0
tangent_spike,64,100,projection,1.5555555555555556,0.0,0.8333333333333334
tangent_spike,64,100,empirical,1.7241133237865385,0.1685577682309829,0.4028404107428703
tangent_spike,64,100,oas,1.6571062093266906,0.10155065377113495,0.30530403723450755
tangent_spike,64,100,spiked_known_floor,1.6020753259301044,0.04651977037454899,0.2695362050785876
tangent_spike,64,100,oracle,1.5555555555555556,0.0,0.0
tangent_spike,64,101,projection,1.5555555555555556,0.0,0.8333333333333334
tangent_spike,64,101,empirical,1.7178724388123596,0.1623168832568042,0.35644028395509125
tangent_spike,64,101,oas,1.6504149011486058,0.09485934559305025,0.3294456676826206
tangent_spike,64,101,spiked_known_floor,1.6142892154708208,0.058733659915265246,0.27616250517266155
tangent_spike,64,101,oracle,1.5555555555555556,0.0,0.0
tangent_spike,64,102,projection,1.5555555555555556,0.0,0.8333333333333334
tangent_spike,64,102,empirical,1.737217475223748,0.1816619196681924,0.3932164671934589
tangent_spike,64,102,oas,1.6345909553444105,0.07903539978885495,0.43822754076983067
tangent_spike,64,102,spiked_known_floor,1.6015659867894967,0.046010431233941274,0.33926248403910036
tangent_spike,64,102,oracle,1.5555555555555556,0.0,0.0
tangent_spike,64,103,projection,1.5555555555555556,0.0,0.8333333333333334
tangent_spike,64,103,empirical,1.6950614758869516,0.13950592033139594,0.3964884661572618
tangent_spike,64,103,oas,1.6131643945988803,0.05760883904332489,0.4557460875819626
tangent_spike,64,103,spiked_known_floor,1.5868300941893363,0.031274538633780685,0.3681462211503555
tangent_spike,64,103,oracle,1.5555555555555556,0.0,0.0
tangent_spike,64,104,projection,1.5555555555555556,0.0,0.8333333333333334
tangent_spike,64,104,empirical,1.7506779562340138,0.1951224006784583,0.4161237824713244
tangent_spike,64,104,oas,1.672431260700846,0.11687570514529041,0.32845754806678895
tangent_spike,64,104,spiked_known_floor,1.6184673308476318,0.06291177529207621,0.30208911680192296
tangent_spike,64,104,oracle,1.5555555555555556,0.0,0.0
tangent_spike,64,105,projection,1.5555555555555556,0.0,0.8333333333333334
tangent_spike,64,105,empirical,1.728900893735429,0.17334533817987335,0.35800460271088314
tangent_spike,64,105,oas,1.6557501066386555,0.10019455108309994,0.2736077982199679
tangent_spike,64,105,spiked_known_floor,1.6107173721487962,0.055161816593240647,0.22189863189109962
tangent_spike,64,105,oracle,1.5555555555555556,0.0,0.0
tangent_spike,64,106,projection,1.5555555555555556,0.0,0.8333333333333334
tangent_spike,64,106,empirical,1.6656624530542457,0.11010689749869015,0.36928114927830297
tangent_spike,64,106,oas,1.6079170397977265,0.05236148424217087,0.42753577376604657
tangent_spike,64,106,spiked_known_floor,1.5741448615086886,0.018589305953133132,0.32782564818679466
tangent_spike,64,106,oracle,1.5555555555555556,0.0,0.0
tangent_spike,64,107,projection,1.5555555555555556,0.0,0.8333333333333334
tangent_spike,64,107,empirical,1.7398195325305845,0.18426397697502886,0.5091622642156465
tangent_spike,64,107,oas,1.6652609912353256,0.10970543567976992,0.3888538920808999
tangent_spike,64,107,spiked_known_floor,1.6313040018598122,0.0757484463042566,0.3814587315830378
tangent_spike,64,107,oracle,1.5555555555555556,0.0,0.0
tangent_spike,64,108,projection,1.5555555555555556,0.0,0.8333333333333334
tangent_spike,64,108,empirical,1.677618374336654,0.12206281878109822,0.44152724359405676
tangent_spike,64,108,oas,1.6160771572521841,0.060521601696628444,0.4990318735167574
tangent_spike,64,108,spiked_known_floor,1.6062647272431843,0.050709171687628674,0.417530024122533
tangent_spike,64,108,oracle,1.5555555555555556,0.0,0.0
tangent_spike,64,109,projection,1.5555555555555556,0.0,0.8333333333333334
tangent_spike,64,109,empirical,1.7812742011924323,0.22571864563687655,0.32284450060658104
tangent_spike,64,109,oas,1.6721690863028629,0.11661353074730722,0.2715385884366548
tangent_spike,64,109,spiked_known_floor,1.5994298291830875,0.04387427362753202,0.17359633244723205
tangent_spike,64,109,oracle,1.5555555555555556,0.0,0.0
tangent_spike,64,110,projection,1.5555555555555556,0.0,0.8333333333333334
tangent_spike,64,110,empirical,1.7069164807647825,0.15136092520922695,0.37773138727630445
tangent_spike,64,110,oas,1.6277019539726192,0.07214639841706368,0.4110296815856042
tangent_spike,64,110,spiked_known_floor,1.5946623944487586,0.03910683889320291,0.32333513503380745
tangent_spike,64,110,oracle,1.5555555555555556,0.0,0.0
tangent_spike,64,111,projection,1.5555555555555556,0.0,0.8333333333333334
tangent_spike,64,111,empirical,1.7674845999533018,0.21192904439774632,0.3846288193043439
tangent_spike,64,111,oas,1.6616405427417476,0.106084987186192,0.34618893290241065
tangent_spike,64,111,spiked_known_floor,1.6044805597041156,0.04892500414855998,0.29896952181545805
tangent_spike,64,111,oracle,1.5555555555555556,0.0,0.0
tangent_spike,64,112,projection,1.5555555555555556,0.0,0.8333333333333334
tangent_spike,64,112,empirical,1.6665518736488263,0.11099631809327065,0.33842022847909387
tangent_spike,64,112,oas,1.6116737847622131,0.056118229206657703,0.36188715780476904
tangent_spike,64,112,spiked_known_floor,1.5777605547157005,0.022204999160144973,0.27234637283687807
tangent_spike,64,112,oracle,1.5555555555555556,0.0,0.0
tangent_spike,64,113,projection,1.5555555555555556,0.0,0.8333333333333334
tangent_spike,64,113,empirical,1.738946983944149,0.18339142838859346,0.3443351310294142
tangent_spike,64,113,oas,1.648427987774051,0.09287243221849545,0.30130736593407154
tangent_spike,64,113,spiked_known_floor,1.6011488473084916,0.045593291752936166,0.2207528003104916
tangent_spike,64,113,oracle,1.5555555555555556,0.0,0.0
tangent_spike,64,114,projection,1.5555555555555556,0.0,0.8333333333333334
tangent_spike,64,114,empirical,1.8232286960856783,0.2676731405301226,0.3882550467586869
tangent_spike,64,114,oas,1.6762103208528694,0.12065476529731381,0.41964237367374163
tangent_spike,64,114,spiked_known_floor,1.613410317178347,0.05785476162279141,0.33073615295625963
tangent_spike,64,114,oracle,1.5555555555555556,0.0,0.0
tangent_spike,64,115,projection,1.5555555555555556,0.0,0.8333333333333334
tangent_spike,64,115,empirical,1.6835978019725257,0.12804224641697026,0.3245244263752597
tangent_spike,64,115,oas,1.6256570515066533,0.07010149595109769,0.33269373273700853
tangent_spike,64,115,spiked_known_floor,1.591920181414701,0.03636462585914543,0.24661075764103998
tangent_spike,64,115,oracle,1.5555555555555556,0.0,0.0
tangent_spike,64,116,projection,1.5555555555555556,0.0,0.8333333333333334
tangent_spike,64,116,empirical,1.7318478784536713,0.17629232289811575,0.3631231722840214
tangent_spike,64,116,oas,1.6544036134073932,0.09884805785183753,0.2882559928161825
tangent_spike,64,116,spiked_known_floor,1.5851710314574818,0.02961547590192619,0.2487279220655342
tangent_spike,64,116,oracle,1.5555555555555556,0.0,0.0
tangent_spike,64,117,projection,1.5555555555555556,0.0,0.8333333333333334
tangent_spike,64,117,empirical,1.6822948602596108,0.12673930470405517,0.3927792768955958
tangent_spike,64,117,oas,1.6176669703839437,0.06211141482838811,0.4280034850620206
tangent_spike,64,117,spiked_known_floor,1.584391464987207,0.028835909431651527,0.3254446873384655
tangent_spike,64,117,oracle,1.5555555555555556,0.0,0.0
tangent_spike,64,118,projection,1.5555555555555556,0.0,0.8333333333333334
tangent_spike,64,118,empirical,1.6967262196194404,0.1411706640638849,0.3532150139435009
tangent_spike,64,118,oas,1.6289919710255847,0.07343641547002905,0.3607874316272836
tangent_spike,64,118,spiked_known_floor,1.583570427015067,0.02801487145951144,0.2718602740177286
tangent_spike,64,118,oracle,1.5555555555555556,0.0,0.0
tangent_spike,64,119,projection,1.5555555555555556,0.0,0.8333333333333334
tangent_spike,64,119,empirical,1.7000787309112166,0.14452317535566125,0.36953002361225634
tangent_spike,64,119,oas,1.6197272388094133,0.06417168325385753,0.410384468392017
tangent_spike,64,119,spiked_known_floor,1.5801308501224793,0.024575294566923873,0.3004598567160253
tangent_spike,64,119,oracle,1.5555555555555556,0.0,0.0
tangent_spike,64,120,projection,1.5555555555555556,0.0,0.8333333333333334
tangent_spike,64,120,empirical,1.7225814537965491,0.16702589824099362,0.37196757695736643
tangent_spike,64,120,oas,1.6324647349892287,0.07690917943367323,0.4246295143038972
tangent_spike,64,120,spiked_known_floor,1.599914551635943,0.04435899608038738,0.32378227303014345
tangent_spike,64,120,oracle,1.5555555555555556,0.0,0.0
tangent_spike,64,121,projection,1.5555555555555556,0.0,0.8333333333333334
tangent_spike,64,121,empirical,1.748871143725397,0.19331558816984137,0.34167401513771095
tangent_spike,64,121,oas,1.657264944312006,0.10170938875645046,0.3124882143860516
tangent_spike,64,121,spiked_known_floor,1.6002701271543853,0.0447145715988297,0.22699129734973544
tangent_spike,64,121,oracle,1.5555555555555556,0.0,0.0
tangent_spike,64,122,projection,1.5555555555555556,0.0,0.8333333333333334
tangent_spike,64,122,empirical,1.6984291824381677,0.14287362688261215,0.4214252407222963
tangent_spike,64,122,oas,1.6437771401143364,0.08822158455878076,0.30454196414523943
tangent_spike,64,122,spiked_known_floor,1.6041024958719128,0.048546940316357284,0.3024502414162829
tangent_spike,64,122,oracle,1.5555555555555556,0.0,0.0
tangent_spike,64,123,projection,1.5555555555555556,0.0,0.8333333333333334
tangent_spike,64,123,empirical,1.6827265544204286,0.12717099886487293,0.41254486943082824
tangent_spike,64,123,oas,1.6395989452957678,0.08404338974021225,0.3157386396010415
tangent_spike,64,123,spiked_known_floor,1.6210210544472068,0.06546549889165112,0.29011882740347744
tangent_spike,64,123,oracle,1.5555555555555556,0.0,0.0
tangent_spike,64,124,projection,1.5555555555555556,0.0,0.8333333333333334
tangent_spike,64,124,empirical,1.8207340624009853,0.2651785068454297,0.4364481388734976
tangent_spike,64,124,oas,1.7195070129694008,0.16395145741384526,0.3352291963336867
tangent_spike,64,124,spiked_known_floor,1.6545015349090846,0.09894597935352904,0.31576297275797477
tangent_spike,64,124,oracle,1.5555555555555556,0.0,0.0
tangent_spike,64,125,projection,1.5555555555555556,0.0,0.8333333333333334
tangent_spike,64,125,empirical,1.7197869265655887,0.16423137101003316,0.32977660760567645
tangent_spike,64,125,oas,1.6340073789756857,0.07845182342012999,0.29323423685981936
tangent_spike,64,125,spiked_known_floor,1.5741819564835506,0.01862640092799515,0.17948114267581838
tangent_spike,64,125,oracle,1.5555555555555556,0.0,0.0
tangent_spike,64,126,projection,1.5555555555555556,0.0,0.8333333333333334
tangent_spike,64,126,empirical,1.698164182968502,0.14260862741294636,0.3544411732160268
tangent_spike,64,126,oas,1.6317311972123827,0.07617564165682732,0.34048278722458
tangent_spike,64,126,spiked_known_floor,1.6037023278583797,0.048146772302824006,0.2587585531184306
tangent_spike,64,126,oracle,1.5555555555555556,0.0,0.0
tangent_spike,64,127,projection,1.5555555555555556,0.0,0.8333333333333334
tangent_spike,64,127,empirical,1.7367011988598364,0.181145643304281,0.40498531997688225
tangent_spike,64,127,oas,1.6622822147006693,0.10672665914511366,0.3070912516924324
tangent_spike,64,127,spiked_known_floor,1.5936456488281785,0.03809009327262292,0.2821261758281189
tangent_spike,64,127,oracle,1.5555555555555556,0.0,0.0
tangent_spike,64,128,projection,1.5555555555555556,0.0,0.8333333333333334
tangent_spike,64,128,empirical,1.6487911166163693,0.09323556106081378,0.2878583605447143
tangent_spike,64,128,oas,1.6047582247911825,0.04920266923562675,0.26629392548666747
tangent_spike,64,128,spiked_known_floor,1.5695845983529728,0.014029042797417303,0.16378007573738634
tangent_spike,64,128,oracle,1.5555555555555556,0.0,0.0
tangent_spike,64,129,projection,1.5555555555555556,0.0,0.8333333333333334
tangent_spike,64,129,empirical,1.6892189435251916,0.13366338796963598,0.3086948715404942
tangent_spike,64,129,oas,1.6297411098050647,0.07418555424950897,0.2733805678411254
tangent_spike,64,129,spiked_known_floor,1.5780576106880526,0.022502055132496986,0.18434655452486473
tangent_spike,64,129,oracle,1.5555555555555556,0.0,0.0
tangent_spike,64,130,projection,1.5555555555555556,0.0,0.8333333333333334
tangent_spike,64,130,empirical,1.678965908845867,0.12341035329031157,0.35702220159586084
tangent_spike,64,130,oas,1.6143287086094442,0.058773153053888624,0.4057006437130209
tangent_spike,64,130,spiked_known_floor,1.5682505896106038,0.012695034055048158,0.30387708068152436
tangent_spike,64,130,oracle,1.5555555555555556,0.0,0.0
tangent_spike,64,131,projection,1.5555555555555556,0.0,0.8333333333333334
tangent_spike,64,131,empirical,1.7263314119883608,0.17077585643280535,0.3648049526640515
tangent_spike,64,131,oas,1.6544212017327302,0.09886564617717451,0.29113021054569305
tangent_spike,64,131,spiked_known_floor,1.6029335928868997,0.047378037331344054,0.23719034051404309
tangent_spike,64,131,oracle,1.5555555555555556,0.0,0.0
tangent_spike,64,132,projection,1.5555555555555556,0.0,0.8333333333333334
tangent_spike,64,132,empirical,1.7538714175957464,0.1983158620401909,0.3685959142004571
tangent_spike,64,132,oas,1.6616763330551307,0.10612077749957502,0.3118232306617747
tangent_spike,64,132,spiked_known_floor,1.6071133713911878,0.05155781583563228,0.235046550140948
tangent_spike,64,132,oracle,1.5555555555555556,0.0,0.0
tangent_spike,64,133,projection,1.5555555555555556,0.0,0.8333333333333334
tangent_spike,64,133,empirical,1.717613375579869,0.16205782002431343,0.3689840482577936
tangent_spike,64,133,oas,1.6334605305532148,0.07790497499765926,0.3965337634591913
tangent_spike,64,133,spiked_known_floor,1.6122653533566185,0.056709797801062826,0.29818978501309307
tangent_spike,64,133,oracle,1.5555555555555556,0.0,0.0
tangent_spike,64,134,projection,1.5555555555555556,0.0,0.8333333333333334
tangent_spike,64,134,empirical,1.6922088604433019,0.13665330488774624,0.3511169935553262
tangent_spike,64,134,oas,1.6292930238771817,0.07373746832162617,0.3528554181666797
tangent_spike,64,134,spiked_known_floor,1.600523993836482,0.04496843828092631,0.26944413370600856
tangent_spike,64,134,oracle,1.5555555555555556,0.0,0.0
tangent_spike,64,135,projection,1.5555555555555556,0.0,0.8333333333333334
tangent_spike,64,135,empirical,1.7070452408088497,0.15148968525329418,0.37201349965158137
tangent_spike,64,135,oas,1.6487563291323442,0.09320077357678849,0.29399037347876505
tangent_spike,64,135,spiked_known_floor,1.5855687936515863,0.030013238096030754,0.2410757167317692
tangent_spike,64,135,oracle,1.5555555555555556,0.0,0.0
tangent_spike,64,136,projection,1.5555555555555556,0.0,0.8333333333333334
tangent_spike,64,136,empirical,1.696580472643946,0.14102491708839032,0.34473722278259045
tangent_spike,64,136,oas,1.636631231954411,0.08107567639885543,0.2685423605922138
tangent_spike,64,136,spiked_known_floor,1.5763433192289746,0.0207877636734191,0.20970953391358285
tangent_spike,64,136,oracle,1.5555555555555556,0.0,0.0
tangent_spike,64,137,projection,1.5555555555555556,0.0,0.8333333333333334
tangent_spike,64,137,empirical,1.685109192052237,0.1295536364966813,0.32076173635928423
tangent_spike,64,137,oas,1.6338784972456069,0.07832294169005134,0.28632167135025094
tangent_spike,64,137,spiked_known_floor,1.6037830700065463,0.048227514450990674,0.20894904412600804
tangent_spike,64,137,oracle,1.5555555555555556,0.0,0.0
tangent_spike,64,138,projection,1.5555555555555556,0.0,0.8333333333333334
tangent_spike,64,138,empirical,1.7219863473815002,0.16643079182594467,0.34137810249636696
tangent_spike,64,138,oas,1.6364216386451411,0.08086608308958552,0.3105427726086932
tangent_spike,64,138,spiked_known_floor,1.5783572441929123,0.022801688637356723,0.2326357298523538
tangent_spike,64,138,oracle,1.5555555555555556,0.0,0.0
tangent_spike,64,139,projection,1.5555555555555556,0.0,0.8333333333333334
tangent_spike,64,139,empirical,1.662932304652927,0.10737674909737129,0.33867771651642165
tangent_spike,64,139,oas,1.6178800826410458,0.062324527085490175,0.2828085453442588
tangent_spike,64,139,spiked_known_floor,1.5690513870537066,0.013495831498151086,0.2040478823770259
tangent_spike,64,139,oracle,1.5555555555555556,0.0,0.0
tangent_spike,64,140,projection,1.5555555555555556,0.0,0.8333333333333334
tangent_spike,64,140,empirical,1.7024823101174964,0.14692675456194074,0.3156375055442141
tangent_spike,64,140,oas,1.6353973162026714,0.0798417606471157,0.3130898885357979
tangent_spike,64,140,spiked_known_floor,1.582622800974085,0.027067245418529288,0.21333480622073345
tangent_spike,64,140,oracle,1.5555555555555556,0.0,0.0
tangent_spike,64,141,projection,1.5555555555555556,0.0,0.8333333333333334
tangent_spike,64,141,empirical,1.690668607160875,0.13511305160531936,0.3755198615698732
tangent_spike,64,141,oas,1.6221078745737068,0.06655231901815134,0.4240311638572806
tangent_spike,64,141,spiked_known_floor,1.5949791773810338,0.039423621825478185,0.33631544453965795
tangent_spike,64,141,oracle,1.5555555555555556,0.0,0.0
tangent_spike,64,142,projection,1.5555555555555556,0.0,0.8333333333333334
tangent_spike,64,142,empirical,1.7110605595326613,0.15550500397710587,0.3782982095081098
tangent_spike,64,142,oas,1.624332452202263,0.06877689664670744,0.4168150773854929
tangent_spike,64,142,spiked_known_floor,1.5857185276827606,0.03016297212720512,0.32146514662750486
tangent_spike,64,142,oracle,1.5555555555555556,0.0,0.0
tangent_spike,64,143,projection,1.5555555555555556,0.0,0.8333333333333334
tangent_spike,64,143,empirical,1.7240177836241122,0.16846222806855646,0.362077249887945
tangent_spike,64,143,oas,1.6244283699437687,0.06887281438821304,0.41246773771632306
tangent_spike,64,143,spiked_known_floor,1.565591358063563,0.010035802508007436,0.3030754907483634
tangent_spike,64,143,oracle,1.5555555555555556,0.0,0.0
tangent_spike,64,144,projection,1.5555555555555556,0.0,0.8333333333333334
tangent_spike,64,144,empirical,1.7003187614505952,0.14476320589503977,0.42814655768921334
tangent_spike,64,144,oas,1.625700643084638,0.07014508752908236,0.44800615413256967
tangent_spike,64,144,spiked_known_floor,1.621325341230025,0.06576978567446941,0.3571070533506126
tangent_spike,64,144,oracle,1.5555555555555556,0.0,0.0
tangent_spike,64,145,projection,1.5555555555555556,0.0,0.8333333333333334
tangent_spike,64,145,empirical,1.6484907196976808,0.09293516414212533,0.4478675924900904
tangent_spike,64,145,oas,1.5854980822263887,0.029942526670833074,0.5238296177636865
tangent_spike,64,145,spiked_known_floor,1.568016965721149,0.012461410165593437,0.4087889526454836
tangent_spike,64,145,oracle,1.5555555555555556,0.0,0.0
tangent_spike,64,146,projection,1.5555555555555556,0.0,0.8333333333333334
tangent_spike,64,146,empirical,1.7012981667474563,0.14574261119190063,0.3623250914680399
tangent_spike,64,146,oas,1.6413056542384334,0.08575009868287785,0.27023080382750275
tangent_spike,64,146,spiked_known_floor,1.5945322072940435,0.03897665173848805,0.2310264737962119
tangent_spike,64,146,oracle,1.5555555555555556,0.0,0.0
tangent_spike,64,147,projection,1.5555555555555556,0.0,0.8333333333333334
tangent_spike,64,147,empirical,1.717069055097542,0.16151349954198635,0.34980884073432034
tangent_spike,64,147,oas,1.632402745078205,0.07684718952264939,0.3837146633455126
tangent_spike,64,147,spiked_known_floor,1.5945268896077993,0.03897133405224376,0.2857968009160294
tangent_spike,64,147,oracle,1.5555555555555556,0.0,0.0
tangent_spike,64,148,projection,1.5555555555555556,0.0,0.8333333333333334
tangent_spike,64,148,empirical,1.716803069385224,0.1612475138296684,0.35305053873702613
tangent_spike,64,148,oas,1.6467720944600808,0.09121653890452534,0.33624455714512563
tangent_spike,64,148,spiked_known_floor,1.6126421925132557,0.057086636957700096,0.26132850313604133
tangent_spike,64,148,oracle,1.5555555555555556,0.0,0.0
tangent_spike,64,149,projection,1.5555555555555556,0.0,0.8333333333333334
tangent_spike,64,149,empirical,1.762188900228321,0.20663334467276545,0.44152072683499116
tangent_spike,64,149,oas,1.6853830497679045,0.12982749421234907,0.3348497476714069
tangent_spike,64,149,spiked_known_floor,1.618996180337732,0.06344062478217635,0.31434627473024485
tangent_spike,64,149,oracle,1.5555555555555556,0.0,0.0
tangent_spike,64,150,projection,1.5555555555555556,0.0,0.8333333333333334
tangent_spike,64,150,empirical,1.6947249935866493,0.13916943803109366,0.3407343700699555
tangent_spike,64,150,oas,1.6260242034451489,0.07046864788959346,0.37476508776204814
tangent_spike,64,150,spiked_known_floor,1.5958218415758965,0.04026628602034091,0.2770634722196786
tangent_spike,64,150,oracle,1.5555555555555556,0.0,0.0
tangent_spike,64,151,projection,1.5555555555555556,0.0,0.8333333333333334
tangent_spike,64,151,empirical,1.6925541388144767,0.13699858325892122,0.343603780269534
tangent_spike,64,151,oas,1.6152520522089437,0.059696496653388116,0.39141590173740165
tangent_spike,64,151,spiked_known_floor,1.5678859749778626,0.012330419422307004,0.2867514651225777
tangent_spike,64,151,oracle,1.5555555555555556,0.0,0.0
tangent_spike,64,152,projection,1.5555555555555556,0.0,0.8333333333333334
tangent_spike,64,152,empirical,1.7133681562783227,0.1578126007227671,0.39507872161962837
tangent_spike,64,152,oas,1.6482895002670113,0.09273394471145578,0.3262215969447473
tangent_spike,64,152,spiked_known_floor,1.6130088467394201,0.05745329118386469,0.27583120373328157
tangent_spike,64,152,oracle,1.5555555555555556,0.0,0.0
tangent_spike,64,153,projection,1.5555555555555556,0.0,0.8333333333333334
tangent_spike,64,153,empirical,1.7251949333540741,0.1696393777985187,0.37913418122316483
tangent_spike,64,153,oas,1.6505190403477832,0.0949634847922275,0.3262084772459899
tangent_spike,64,153,spiked_known_floor,1.5947763687613385,0.03922081320578308,0.26069462570896
tangent_spike,64,153,oracle,1.5555555555555556,0.0,0.0
tangent_spike,64,154,projection,1.5555555555555556,0.0,0.8333333333333334
tangent_spike,64,154,empirical,1.7682105877385292,0.21265503218297366,0.3161138917866777
tangent_spike,64,154,oas,1.676815142071461,0.1212595865159055,0.2776383981809462
tangent_spike,64,154,spiked_known_floor,1.6133665556878345,0.0578110001322789,0.20418313032641186
tangent_spike,64,154,oracle,1.5555555555555556,0.0,0.0
tangent_spike,64,155,projection,1.5555555555555556,0.0,0.8333333333333334
tangent_spike,64,155,empirical,1.7209536157940615,0.16539806023850595,0.3575178653133417
tangent_spike,64,155,oas,1.6286127318065071,0.07305717625095155,0.4027895028012736
tangent_spike,64,155,spiked_known_floor,1.5861069136387305,0.03055135808317494,0.30763926209190345
tangent_spike,64,155,oracle,1.5555555555555556,0.0,0.0
tangent_spike,64,156,projection,1.5555555555555556,0.0,0.8333333333333334
tangent_spike,64,156,empirical,1.6751372465708598,0.11958169101530412,0.4010991989294488
tangent_spike,64,156,oas,1.6040847977424004,0.048529242186844866,0.4807663767606247
tangent_spike,64,156,spiked_known_floor,1.5631553369798217,0.007599781424266085,0.37822140088918776
tangent_spike,64,156,oracle,1.5555555555555556,0.0,0.0
tangent_spike,64,157,projection,1.5555555555555556,0.0,0.8333333333333334
tangent_spike,64,157,empirical,1.7357975762750169,0.18024202071946138,0.3791122810253717
tangent_spike,64,157,oas,1.6383082583369395,0.08275270278138395,0.4068017100300025
tangent_spike,64,157,spiked_known_floor,1.613423799733836,0.05786824417828055,0.31959458782457645
tangent_spike,64,157,oracle,1.5555555555555556,0.0,0.0
tangent_spike,64,158,projection,1.5555555555555556,0.0,0.8333333333333334
tangent_spike,64,158,empirical,1.6681131174914217,0.11255756193586595,0.34755516220701804
tangent_spike,64,158,oas,1.6092313153720106,0.053675759816454935,0.3759589679657161
tangent_spike,64,158,spiked_known_floor,1.5629797848653162,0.007424229309760689,0.2821521376583875
tangent_spike,64,158,oracle,1.5555555555555556,0.0,0.0
tangent_spike,64,159,projection,1.5555555555555556,0.0,0.8333333333333334
tangent_spike,64,159,empirical,1.9153315601090017,0.35977600455344594,0.4120007387372088
tangent_spike,64,159,oas,1.7338433710256624,0.17828781547010686,0.33038583849206654
tangent_spike,64,159,spiked_known_floor,1.6326806239234424,0.07712506836788667,0.2899226315733961
tangent_spike,64,159,oracle,1.5555555555555556,0.0,0.0
tangent_spike,64,160,projection,1.5555555555555556,0.0,0.8333333333333334
tangent_spike,64,160,empirical,1.8495757753266855,0.2940202197711299,0.38213439261408433
tangent_spike,64,160,oas,1.70689272953979,0.15133717398423455,0.35097587336922526
tangent_spike,64,160,spiked_known_floor,1.6179527719436202,0.06239721638806469,0.2800865765701013
tangent_spike,64,160,oracle,1.5555555555555556,0.0,0.0
tangent_spike,64,161,projection,1.5555555555555556,0.0,0.8333333333333334
tangent_spike,64,161,empirical,1.813291947205975,0.25773639165041956,0.4220829423290153
tangent_spike,64,161,oas,1.7140332079475622,0.1584776523920066,0.3327433644249465
tangent_spike,64,161,spiked_known_floor,1.666470888158393,0.11091533260283754,0.3040686290247017
tangent_spike,64,161,oracle,1.5555555555555556,0.0,0.0
tangent_spike,64,162,projection,1.5555555555555556,0.0,0.8333333333333334
tangent_spike,64,162,empirical,1.7001943380768934,0.14463878252133766,0.370808622510405
tangent_spike,64,162,oas,1.6157120083637375,0.06015645280818194,0.3686915446196238
tangent_spike,64,162,spiked_known_floor,1.5766633887940942,0.021107833238538487,0.2605807506626043
tangent_spike,64,162,oracle,1.5555555555555556,0.0,0.0
tangent_spike,64,163,projection,1.5555555555555556,0.0,0.8333333333333334
tangent_spike,64,163,empirical,1.720370348611751,0.16481479305619545,0.35460313649415515
tangent_spike,64,163,oas,1.6345550932628234,0.07899953770726789,0.39662250565680585
tangent_spike,64,163,spiked_known_floor,1.5767446803944554,0.021189124838899783,0.30208646474096384
tangent_spike,64,163,oracle,1.5555555555555556,0.0,0.0
tangent_spike,64,164,projection,1.5555555555555556,0.0,0.8333333333333334
tangent_spike,64,164,empirical,1.739189182615698,0.18363362706014252,0.3707404550836577
tangent_spike,64,164,oas,1.6525209548085096,0.09696539925295385,0.3617977181131944
tangent_spike,64,164,spiked_known_floor,1.6075766817526196,0.05202112619706403,0.2738822369287576
tangent_spike,64,164,oracle,1.5555555555555556,0.0,0.0
tangent_spike,64,165,projection,1.5555555555555556,0.0,0.8333333333333334
tangent_spike,64,165,empirical,1.7261585963462194,0.1706030407906638,0.35857043710057174
tangent_spike,64,165,oas,1.6479891178256778,0.09243356227012217,0.3130457705873306
tangent_spike,64,165,spiked_known_floor,1.6212280382695434,0.06567248271398794,0.2203596609035047
tangent_spike,64,165,oracle,1.5555555555555556,0.0,0.0
tangent_spike,64,166,projection,1.5555555555555556,0.0,0.8333333333333334
tangent_spike,64,166,empirical,1.7051124257716435,0.149556870216088,0.32225635930032887
tangent_spike,64,166,oas,1.6393362146278772,0.08378065907232142,0.33468964359807357
tangent_spike,64,166,spiked_known_floor,1.6166495961802552,0.061094040624699426,0.24514363841168918
tangent_spike,64,166,oracle,1.5555555555555556,0.0,0.0
tangent_spike,64,167,projection,1.5555555555555556,0.0,0.8333333333333334
tangent_spike,64,167,empirical,1.6912621302023334,0.13570657464677793,0.2928615789049475
tangent_spike,64,167,oas,1.6319392361731477,0.07638368061759226,0.24704052255002804
tangent_spike,64,167,spiked_known_floor,1.5864365664553093,0.0308810108997536,0.1717734692028564
tangent_spike,64,167,oracle,1.5555555555555556,0.0,0.0
tangent_spike,64,168,projection,1.5555555555555556,0.0,0.8333333333333334
tangent_spike,64,168,empirical,1.708546488130072,0.15299093257451654,0.2922657085925432
tangent_spike,64,168,oas,1.6417862991601624,0.0862307436046069,0.2461403048699642
tangent_spike,64,168,spiked_known_floor,1.583441431827533,0.027885876271977403,0.1673699018632816
tangent_spike,64,168,oracle,1.5555555555555556,0.0,0.0
tangent_spike,64,169,projection,1.5555555555555556,0.0,0.8333333333333334
tangent_spike,64,169,empirical,1.6548903733918947,0.09933481783633916,0.3047308838232267
tangent_spike,64,169,oas,1.6079106873917512,0.05235513183619576,0.32630944303329606
tangent_spike,64,169,spiked_known_floor,1.5722281022590627,0.01667254670350713,0.23634551137852736
tangent_spike,64,169,oracle,1.5555555555555556,0.0,0.0
tangent_spike,64,170,projection,1.5555555555555556,0.0,0.8333333333333334
tangent_spike,64,170,empirical,1.734628114700709,0.1790725591451533,0.35687637341005485
tangent_spike,64,170,oas,1.6388169559133416,0.08326140035778609,0.32597338125302827
tangent_spike,64,170,spiked_known_floor,1.5955396456353457,0.0399840900797902,0.24094426786917697
tangent_spike,64,170,oracle,1.5555555555555556,0.0,0.0
tangent_spike,64,171,projection,1.5555555555555556,0.0,0.8333333333333334
tangent_spike,64,171,empirical,1.6890112107970625,0.13345565524150702,0.31114488655488853
tangent_spike,64,171,oas,1.6243227712491328,0.06876721569357723,0.3021388157802603
tangent_spike,64,171,spiked_known_floor,1.5757937914852453,0.02023823592968989,0.2027409272338028
tangent_spike,64,171,oracle,1.5555555555555556,0.0,0.0
tangent_spike,64,172,projection,1.5555555555555556,0.0,0.8333333333333334
tangent_spike,64,172,empirical,1.706941188994781,0.1513856334392255,0.3759608918117541
tangent_spike,64,172,oas,1.6226844638587696,0.06712890830321402,0.4084522401209338
tangent_spike,64,172,spiked_known_floor,1.5917925623214897,0.03623700676593414,0.3099619446472344
tangent_spike,64,172,oracle,1.5555555555555556,0.0,0.0
tangent_spike,64,173,projection,1.5555555555555556,0.0,0.8333333333333334
tangent_spike,64,173,empirical,1.8059688964203946,0.25041334086483896,0.3860253762188331
tangent_spike,64,173,oas,1.6921564293497284,0.1366008737941728,0.31282893759851177
tangent_spike,64,173,spiked_known_floor,1.6370935990073976,0.08153804345184215,0.2635106340725226
tangent_spike,64,173,oracle,1.5555555555555556,0.0,0.0
tangent_spike,64,174,projection,1.5555555555555556,0.0,0.8333333333333334
tangent_spike,64,174,empirical,1.6785486795386455,0.12299312398308995,0.3563143181340191
tangent_spike,64,174,oas,1.6186537479605982,0.06309819240504275,0.30711038520201944
tangent_spike,64,174,spiked_known_floor,1.5688883746501991,0.013332819094643403,0.22286877550161197
tangent_spike,64,174,oracle,1.5555555555555556,0.0,0.0
tangent_spike,64,175,projection,1.5555555555555556,0.0,0.8333333333333334
tangent_spike,64,175,empirical,1.8029041330837035,0.24734857752814776,0.41342160770057285
tangent_spike,64,175,oas,1.7049681904543317,0.14941263489877615,0.3587798487337705
tangent_spike,64,175,spiked_known_floor,1.6480486562580259,0.09249310070247027,0.3023809975252653
tangent_spike,64,175,oracle,1.5555555555555556,0.0,0.0
tangent_spike,64,176,projection,1.5555555555555556,0.0,0.8333333333333334
tangent_spike,64,176,empirical,1.6654824261470833,0.10992687059152775,0.2836231407684427
tangent_spike,64,176,oas,1.613489327281822,0.057933771726266445,0.29972268800815816
tangent_spike,64,176,spiked_known_floor,1.5737426657311326,0.01818711017557701,0.16780436874844565
tangent_spike,64,176,oracle,1.5555555555555556,0.0,0.0
tangent_spike,64,177,projection,1.5555555555555556,0.0,0.8333333333333334
tangent_spike,64,177,empirical,1.698338713017638,0.14278315746208234,0.3419785847244223
tangent_spike,64,177,oas,1.6279403874454523,0.07238483188989668,0.34038090180704444
tangent_spike,64,177,spiked_known_floor,1.5723569906210486,0.01680143506549307,0.23426275679048628
tangent_spike,64,177,oracle,1.5555555555555556,0.0,0.0
tangent_spike,64,178,projection,1.5555555555555556,0.0,0.8333333333333334
tangent_spike,64,178,empirical,1.7180776285617503,0.16252207300619484,0.3847696737442321
tangent_spike,64,178,oas,1.6485016911750394,0.0929461356194837,0.3645459135028382
tangent_spike,64,178,spiked_known_floor,1.6307739951181033,0.07521843956254765,0.29239026035649146
tangent_spike,64,178,oracle,1.5555555555555556,0.0,0.0
tangent_spike,64,179,projection,1.5555555555555556,0.0,0.8333333333333334
tangent_spike,64,179,empirical,1.6818641228027138,0.12630856724715822,0.35372904549819245
tangent_spike,64,179,oas,1.61947254528189,0.06391698972633454,0.4007443058945266
tangent_spike,64,179,spiked_known_floor,1.59460380738349,0.03904825182793461,0.3104572844729598
tangent_spike,64,179,oracle,1.5555555555555556,0.0,0.0
tangent_spike,64,180,projection,1.5555555555555556,0.0,0.8333333333333334
tangent_spike,64,180,empirical,1.6861632469695627,0.130607691414007,0.3528842243410519
tangent_spike,64,180,oas,1.614942026027945,0.059386470472389576,0.3375249164758074
tangent_spike,64,180,spiked_known_floor,1.5670547684390848,0.011499212883529352,0.24444917835242422
tangent_spike,64,180,oracle,1.5555555555555556,0.0,0.0
tangent_spike,64,181,projection,1.5555555555555556,0.0,0.8333333333333334
tangent_spike,64,181,empirical,1.7519885852054844,0.19643302964992893,0.36768411756727887
tangent_spike,64,181,oas,1.645302038349184,0.08974648279362865,0.3827581561787254
tangent_spike,64,181,spiked_known_floor,1.5952921411267231,0.039736585571167556,0.2764524261249937
tangent_spike,64,181,oracle,1.5555555555555556,0.0,0.0
tangent_spike,64,182,projection,1.5555555555555556,0.0,0.8333333333333334
tangent_spike,64,182,empirical,1.710969238972029,0.15541368341647332,0.40526924961236244
tangent_spike,64,182,oas,1.655850928445585,0.10029537289002936,0.3207883333534652
tangent_spike,64,182,spiked_known_floor,1.6291650851628665,0.07360952960731082,0.2756195647225357
tangent_spike,64,182,oracle,1.5555555555555556,0.0,0.0
tangent_spike,64,183,projection,1.5555555555555556,0.0,0.8333333333333334
tangent_spike,64,183,empirical,1.7001650336562564,0.14460947810070077,0.5063468113343144
tangent_spike,64,183,oas,1.647097745623065,0.0915421900675097,0.39259070116075095
tangent_spike,64,183,spiked_known_floor,1.5858054769386654,0.03024992138310982,0.38186408419909085
tangent_spike,64,183,oracle,1.5555555555555556,0.0,0.0
tangent_spike,64,184,projection,1.5555555555555556,0.0,0.8333333333333334
tangent_spike,64,184,empirical,1.8190518798807096,0.2634963243251542,0.35919005032682794
tangent_spike,64,184,oas,1.6975966359321961,0.14204108037664065,0.32000630114181733
tangent_spike,64,184,spiked_known_floor,1.6229711541310707,0.06741559857551506,0.24936557793259742
tangent_spike,64,184,oracle,1.5555555555555556,0.0,0.0
tangent_spike,64,185,projection,1.5555555555555556,0.0,0.8333333333333334
tangent_spike,64,185,empirical,1.7696492569274664,0.214093701371911,0.45156662310617385
tangent_spike,64,185,oas,1.6840659984728956,0.1285104429173401,0.3405196752507434
tangent_spike,64,185,spiked_known_floor,1.643269886403517,0.08771433084796115,0.30695966722616513
tangent_spike,64,185,oracle,1.5555555555555556,0.0,0.0
tangent_spike,64,186,projection,1.5555555555555556,0.0,0.8333333333333334
tangent_spike,64,186,empirical,1.6696602617440337,0.114104706188478,0.290103091983114
tangent_spike,64,186,oas,1.6150649206433059,0.05950936508775025,0.26293481910942484
tangent_spike,64,186,spiked_known_floor,1.5791957892678268,0.023640233712271256,0.1528255119914237
tangent_spike,64,186,oracle,1.5555555555555556,0.0,0.0
tangent_spike,64,187,projection,1.5555555555555556,0.0,0.8333333333333334
tangent_spike,64,187,empirical,1.6866118159248558,0.13105626036930018,0.325232413389488
tangent_spike,64,187,oas,1.6279814452333297,0.07242588967777414,0.2530757334352805
tangent_spike,64,187,spiked_known_floor,1.5734957395411413,0.017940183985585726,0.19030479843815007
tangent_spike,64,187,oracle,1.5555555555555556,0.0,0.0
tangent_spike,64,188,projection,1.5555555555555556,0.0,0.8333333333333334
tangent_spike,64,188,empirical,1.7541413015600718,0.19858574600451628,0.49329166636138216
tangent_spike,64,188,oas,1.6826166511458054,0.12706109559024975,0.36621968310053826
tangent_spike,64,188,spiked_known_floor,1.6391996851229829,0.08364412956742732,0.36137632417644355
tangent_spike,64,188,oracle,1.5555555555555556,0.0,0.0
tangent_spike,64,189,projection,1.5555555555555556,0.0,0.8333333333333334
tangent_spike,64,189,empirical,1.7583898867376333,0.20283433118207786,0.35835501410426057
tangent_spike,64,189,oas,1.664187465237696,0.10863190968214034,0.39189020075293474
tangent_spike,64,189,spiked_known_floor,1.613505253315215,0.05794969775965945,0.3017153360011274
tangent_spike,64,189,oracle,1.5555555555555556,0.0,0.0
tangent_spike,64,190,projection,1.5555555555555556,0.0,0.8333333333333334
tangent_spike,64,190,empirical,1.7165737797627625,0.1610182242072069,0.31024197996068126
tangent_spike,64,190,oas,1.6384857661334797,0.08293021057792421,0.30424791627325254
tangent_spike,64,190,spiked_known_floor,1.5828813257415804,0.02732577018602466,0.20770518477830366
tangent_spike,64,190,oracle,1.5555555555555556,0.0,0.0
tangent_spike,64,191,projection,1.5555555555555556,0.0,0.8333333333333334
tangent_spike,64,191,empirical,1.681389832365374,0.1258342768098184,0.30205698794606867
tangent_spike,64,191,oas,1.61782125552792,0.062265699972364606,0.3523608561674669
tangent_spike,64,191,spiked_known_floor,1.5738940203125635,0.018338464757008028,0.24007755604880635
tangent_spike,64,191,oracle,1.5555555555555556,0.0,0.0
tangent_spike,64,192,projection,1.5555555555555556,0.0,0.8333333333333334
tangent_spike,64,192,empirical,1.6715428555086722,0.11598729995311663,0.3928745113614933
tangent_spike,64,192,oas,1.6272791028965616,0.07172354734100622,0.28825682851139456
tangent_spike,64,192,spiked_known_floor,1.586865391101725,0.03130983554616942,0.27289128924906647
tangent_spike,64,192,oracle,1.5555555555555556,0.0,0.0
tangent_spike,64,193,projection,1.5555555555555556,0.0,0.8333333333333334
tangent_spike,64,193,empirical,1.7068807761202043,0.1513252205646488,0.4109841202281919
tangent_spike,64,193,oas,1.6394114049752089,0.08385584941965346,0.3201949587222432
tangent_spike,64,193,spiked_known_floor,1.5722150233716679,0.01665946781611228,0.27815441774540745
tangent_spike,64,193,oracle,1.5555555555555556,0.0,0.0
tangent_spike,64,194,projection,1.5555555555555556,0.0,0.8333333333333334
tangent_spike,64,194,empirical,1.6562117999073211,0.10065624435176565,0.3410156729673015
tangent_spike,64,194,oas,1.6032669920309126,0.04771143647535697,0.34006625739036483
tangent_spike,64,194,spiked_known_floor,1.5719041993440612,0.016348643788505715,0.23045483682767776
tangent_spike,64,194,oracle,1.5555555555555556,0.0,0.0
tangent_spike,64,195,projection,1.5555555555555556,0.0,0.8333333333333334
tangent_spike,64,195,empirical,1.780759488053362,0.22520393249780668,0.36182764167276854
tangent_spike,64,195,oas,1.6738492052499216,0.11829364969436612,0.2833556060792475
tangent_spike,64,195,spiked_known_floor,1.587771757700539,0.03221620214498339,0.21974297619965497
tangent_spike,64,195,oracle,1.5555555555555556,0.0,0.0
tangent_spike,64,196,projection,1.5555555555555556,0.0,0.8333333333333334
tangent_spike,64,196,empirical,1.6994198951059873,0.1438643395504319,0.4061556640475881
tangent_spike,64,196,oas,1.6270829360583687,0.07152738050281322,0.4261979577843214
tangent_spike,64,196,spiked_known_floor,1.6152191025174905,0.05966354696193488,0.34655840963500517
tangent_spike,64,196,oracle,1.5555555555555556,0.0,0.0
tangent_spike,64,197,projection,1.5555555555555556,0.0,0.8333333333333334
tangent_spike,64,197,empirical,1.6901488699044067,0.13459331434885116,0.3582632048781622
tangent_spike,64,197,oas,1.6217209487275892,0.06616539317203358,0.3768108740139923
tangent_spike,64,197,spiked_known_floor,1.590948436142528,0.03539288058697231,0.28048239212557763
tangent_spike,64,197,oracle,1.5555555555555556,0.0,0.0
tangent_spike,64,198,projection,1.5555555555555556,0.0,0.8333333333333334
tangent_spike,64,198,empirical,1.710042272570105,0.15448671701454936,0.4280063870158004
tangent_spike,64,198,oas,1.6301449154941898,0.07458935993863425,0.46251108894915455
tangent_spike,64,198,spiked_known_floor,1.5829504207915606,0.027394865236005022,0.3779651125858392
tangent_spike,64,198,oracle,1.5555555555555556,0.0,0.0
tangent_spike,64,199,projection,1.5555555555555556,0.0,0.8333333333333334
tangent_spike,64,199,empirical,1.740039601275332,0.18448404571977645,0.3105715502839655
tangent_spike,64,199,oas,1.6336059526483835,0.07805039709282778,0.31009048587192645
tangent_spike,64,199,spiked_known_floor,1.5829826917489933,0.02742713619343769,0.20662056621534267
tangent_spike,64,199,oracle,1.5555555555555556,0.0,0.0
tangent_spike,128,0,projection,1.5555555555555556,0.0,0.8333333333333334
tangent_spike,128,0,empirical,1.6395319882860955,0.08397643273054,0.257404382069002
tangent_spike,128,0,oas,1.6195041251550564,0.06394856959950085,0.2580608434926851
tangent_spike,128,0,spiked_known_floor,1.6036843265861913,0.048128771030635564,0.19449145539059
tangent_spike,128,0,oracle,1.5555555555555556,0.0,0.0
tangent_spike,128,1,projection,1.5555555555555556,0.0,0.8333333333333334
tangent_spike,128,1,empirical,1.6172954285483132,0.061739872992757655,0.2484009552289795
tangent_spike,128,1,oas,1.600554145848033,0.04499859029247743,0.251373201548797
tangent_spike,128,1,spiked_known_floor,1.5704684663685986,0.014912910813043094,0.18661224087832798
tangent_spike,128,1,oracle,1.5555555555555556,0.0,0.0
tangent_spike,128,2,projection,1.5555555555555556,0.0,0.8333333333333334
tangent_spike,128,2,empirical,1.6089966158115059,0.05344106025595027,0.23275213764754746
tangent_spike,128,2,oas,1.595551942907106,0.03999638735155038,0.22002216678710193
tangent_spike,128,2,spiked_known_floor,1.5667259926689936,0.011170437113438141,0.1446696972946354
tangent_spike,128,2,oracle,1.5555555555555556,0.0,0.0
tangent_spike,128,3,projection,1.5555555555555556,0.0,0.8333333333333334
tangent_spike,128,3,empirical,1.6279216761865436,0.07236612063098798,0.2408269049265057
tangent_spike,128,3,oas,1.6077972033344596,0.05224164777890414,0.24967864558408223
tangent_spike,128,3,spiked_known_floor,1.5784595800458434,0.022904024490287854,0.18019163228232438
tangent_spike,128,3,oracle,1.5555555555555556,0.0,0.0
tangent_spike,128,4,projection,1.5555555555555556,0.0,0.8333333333333334
tangent_spike,128,4,empirical,1.6468555415096988,0.0912999859541434,0.24319163810422376
tangent_spike,128,4,oas,1.626885222299646,0.07132966674409057,0.2096133627681339
tangent_spike,128,4,spiked_known_floor,1.6016276572924635,0.04607210173690788,0.16611332905886586
tangent_spike,128,4,oracle,1.5555555555555556,0.0,0.0
tangent_spike,128,5,projection,1.5555555555555556,0.0,0.8333333333333334
tangent_spike,128,5,empirical,1.602203718982624,0.046648163427068325,0.2441948747434659
tangent_spike,128,5,oas,1.5893777267113405,0.03382217115578503,0.24209368256708455
tangent_spike,128,5,spiked_known_floor,1.567306920138423,0.011751364582867576,0.1873604437606207
tangent_spike,128,5,oracle,1.5555555555555556,0.0,0.0
tangent_spike,128,6,projection,1.5555555555555556,0.0,0.8333333333333334
tangent_spike,128,6,empirical,1.6299120244575862,0.07435646890203054,0.3239170257131228
tangent_spike,128,6,oas,1.6050575164208163,0.04950196086526072,0.36987542424377357
tangent_spike,128,6,spiked_known_floor,1.58206668285819,0.026511127302634475,0.3056722688587394
tangent_spike,128,6,oracle,1.5555555555555556,0.0,0.0
tangent_spike,128,7,projection,1.5555555555555556,0.0,0.8333333333333334
tangent_spike,128,7,empirical,1.6718064849208072,0.11625092936525167,0.27161795753715573
tangent_spike,128,7,oas,1.6382872153074368,0.08273165975188115,0.24764113187655015
tangent_spike,128,7,spiked_known_floor,1.5919894738920242,0.03643391833646861,0.19836193128464552
tangent_spike,128,7,oracle,1.5555555555555556,0.0,0.0
tangent_spike,128,8,projection,1.5555555555555556,0.0,0.8333333333333334
tangent_spike,128,8,empirical,1.6277183906352217,0.07216283507966618,0.29097662536744656
tangent_spike,128,8,oas,1.6041038492550923,0.04854829369953662,0.32949952628730506
tangent_spike,128,8,spiked_known_floor,1.5764505968668596,0.020895041311304072,0.2501537687605027
tangent_spike,128,8,oracle,1.5555555555555556,0.0,0.0
tangent_spike,128,9,projection,1.5555555555555556,0.0,0.8333333333333334
tangent_spike,128,9,empirical,1.6133762998202898,0.05782074426473427,0.2731180531407153
tangent_spike,128,9,oas,1.5938631472009748,0.038307591645419296,0.3063117176924346
tangent_spike,128,9,spiked_known_floor,1.5638793363868428,0.008323780831287281,0.23548690351550994
tangent_spike,128,9,oracle,1.5555555555555556,0.0,0.0
tangent_spike,128,10,projection,1.5555555555555556,0.0,0.8333333333333334
tangent_spike,128,10,empirical,1.6400740825712186,0.08451852701566284,0.27478405100852504
tangent_spike,128,10,oas,1.6155845378253868,0.060028982269831124,0.2695326558147884
tangent_spike,128,10,spiked_known_floor,1.5734195621787088,0.01786400662315322,0.20312920505638984
tangent_spike,128,10,oracle,1.5555555555555556,0.0,0.0
tangent_spike,128,11,projection,1.5555555555555556,0.0,0.8333333333333334
tangent_spike,128,11,empirical,1.6252619804773927,0.06970642492183704,0.251086543349532
tangent_spike,128,11,oas,1.604444704964316,0.04888914940876041,0.26182027087310383
tangent_spike,128,11,spiked_known_floor,1.5731398789843956,0.0175843234288401,0.19753374416673994
tangent_spike,128,11,oracle,1.5555555555555556,0.0,0.0
tangent_spike,128,12,projection,1.5555555555555556,0.0,0.8333333333333334
tangent_spike,128,12,empirical,1.6226130440626712,0.06705748850711561,0.24092431919220283
tangent_spike,128,12,oas,1.6055883554195551,0.050032799863999756,0.23435137307372558
tangent_spike,128,12,spiked_known_floor,1.58686081882491,0.03130526326935438,0.17870549994706045
tangent_spike,128,12,oracle,1.5555555555555556,0.0,0.0
tangent_spike,128,13,projection,1.5555555555555556,0.0,0.8333333333333334
tangent_spike,128,13,empirical,1.6341712862351154,0.07861573067955999,0.2656884057081183
tangent_spike,128,13,oas,1.6089992217570044,0.053443666201448775,0.2947046466369194
tangent_spike,128,13,spiked_known_floor,1.5758146563938327,0.020259100838277148,0.2260350026071897
tangent_spike,128,13,oracle,1.5555555555555556,0.0,0.0
tangent_spike,128,14,projection,1.5555555555555556,0.0,0.8333333333333334
tangent_spike,128,14,empirical,1.6410128429654922,0.08545728740993679,0.32458738717501256
tangent_spike,128,14,oas,1.620894302840616,0.06533874728506045,0.26614885827537554
tangent_spike,128,14,spiked_known_floor,1.5778258833540133,0.022270327798457695,0.24415372447964503
tangent_spike,128,14,oracle,1.5555555555555556,0.0,0.0
tangent_spike,128,15,projection,1.5555555555555556,0.0,0.8333333333333334
tangent_spike,128,15,empirical,1.6411780989307643,0.08562254337520875,0.260865005226381
tangent_spike,128,15,oas,1.6198318652229444,0.06427630966738873,0.22116842710547377
tangent_spike,128,15,spiked_known_floor,1.5823656328577844,0.026810077302228986,0.16572456946407255
tangent_spike,128,15,oracle,1.5555555555555556,0.0,0.0
tangent_spike,128,16,projection,1.5555555555555556,0.0,0.8333333333333334
tangent_spike,128,16,empirical,1.647759383655984,0.09220382810042846,0.23829505869831516
tangent_spike,128,16,oas,1.623002475294892,0.06744691973933638,0.2133857253300553
tangent_spike,128,16,spiked_known_floor,1.586052398378159,0.03049684282260338,0.16235139126367917
tangent_spike,128,16,oracle,1.5555555555555556,0.0,0.0
tangent_spike,128,17,projection,1.5555555555555556,0.0,0.8333333333333334
tangent_spike,128,17,empirical,1.6175800128418056,0.062024457286250216,0.27459704868977475
tangent_spike,128,17,oas,1.5979891740147751,0.04243361845921942,0.3220303659179482
tangent_spike,128,17,spiked_known_floor,1.562114783787739,0.00655922823218336,0.248648389438625
tangent_spike,128,17,oracle,1.5555555555555556,0.0,0.0
tangent_spike,128,18,projection,1.5555555555555556,0.0,0.8333333333333334
tangent_spike,128,18,empirical,1.635889478770352,0.08033392321479647,0.2612416149385485
tangent_spike,128,18,oas,1.6151356051975831,0.05958004964202769,0.26035194343740437
tangent_spike,128,18,spiked_known_floor,1.5868732815556912,0.0313177260001357,0.20558177297635838
tangent_spike,128,18,oracle,1.5555555555555556,0.0,0.0
tangent_spike,128,19,projection,1.5555555555555556,0.0,0.8333333333333334
tangent_spike,128,19,empirical,1.6310697520441684,0.07551419648861271,0.2712010531225498
tangent_spike,128,19,oas,1.6151435101220377,0.059587954566482214,0.243174876421871
tangent_spike,128,19,spiked_known_floor,1.59788182551338,0.04232626995782429,0.20628723495828907
tangent_spike,128,19,oracle,1.5555555555555556,0.0,0.0
tangent_spike,128,20,projection,1.5555555555555556,0.0,0.8333333333333334
tangent_spike,128,20,empirical,1.646527796589783,0.09097224103422757,0.37050277225756645
tangent_spike,128,20,oas,1.6262934709039278,0.07073791534837233,0.30971203121572743
tangent_spike,128,20,spiked_known_floor,1.5774406030436763,0.021885047488120826,0.29386503252658763
tangent_spike,128,20,oracle,1.5555555555555556,0.0,0.0
tangent_spike,128,21,projection,1.5555555555555556,0.0,0.8333333333333334
tangent_spike,128,21,empirical,1.606551392409993,0.05099583685443734,0.23576497820084538
tangent_spike,128,21,oas,1.5920197056240895,0.036464150068533846,0.2497295495106788
tangent_spike,128,21,spiked_known_floor,1.5654131199268888,0.009857564371333217,0.1773199641774931
tangent_spike,128,21,oracle,1.5555555555555556,0.0,0.0
tangent_spike,128,22,projection,1.5555555555555556,0.0,0.8333333333333334
tangent_spike,128,22,empirical,1.616460748628362,0.06090519307280654,0.23277378159310094
tangent_spike,128,22,oas,1.6001183418817004,0.044562786326144806,0.2453592992284853
tangent_spike,128,22,spiked_known_floor,1.5669638653554165,0.011408309799861072,0.17456398940554807
tangent_spike,128,22,oracle,1.5555555555555556,0.0,0.0
tangent_spike,128,23,projection,1.5555555555555556,0.0,0.8333333333333334
tangent_spike,128,23,empirical,1.6079934413129147,0.05243788575735904,0.222028279449307
tangent_spike,128,23,oas,1.5943502855007337,0.03879472994517791,0.1885418060617309
tangent_spike,128,23,spiked_known_floor,1.563690654352455,0.00813509879689921,0.10937918600673148
tangent_spike,128,23,oracle,1.5555555555555556,0.0,0.0
tangent_spike,128,24,projection,1.5555555555555556,0.0,0.8333333333333334
tangent_spike,128,24,empirical,1.6401918022715338,0.08463624671597823,0.24166569893501835
tangent_spike,128,24,oas,1.619900648262137,0.06434509270658138,0.22910096844646574
tangent_spike,128,24,spiked_known_floor,1.5860740852498816,0.03051852969432607,0.14911461136297366
tangent_spike,128,24,oracle,1.5555555555555556,0.0,0.0
tangent_spike,128,25,projection,1.5555555555555556,0.0,0.8333333333333334
tangent_spike,128,25,empirical,1.6196643431325657,0.06410878757701016,0.25314846259322327
tangent_spike,128,25,oas,1.6048886684780561,0.04933311292250059,0.20680275597219275
tangent_spike,128,25,spiked_known_floor,1.5744527581997092,0.018897202644153455,0.17604078899135697
tangent_spike,128,25,oracle,1.5555555555555556,0.0,0.0
tangent_spike,128,26,projection,1.5555555555555556,0.0,0.8333333333333334
tangent_spike,128,26,empirical,1.6346165098216943,0.07906095426613866,0.2912958842620013
tangent_spike,128,26,oas,1.6148336195211939,0.059278063965638284,0.2504153699322477
tangent_spike,128,26,spiked_known_floor,1.5796333969923546,0.024077841436799016,0.21465087639393113
tangent_spike,128,26,oracle,1.5555555555555556,0.0,0.0
tangent_spike,128,27,projection,1.5555555555555556,0.0,0.8333333333333334
tangent_spike,128,27,empirical,1.6408529627826969,0.0852974072271413,0.2515292897705241
tangent_spike,128,27,oas,1.6172030135200792,0.06164745796452366,0.25576180923942143
tangent_spike,128,27,spiked_known_floor,1.5966779360902805,0.04112238053472495,0.18989529080485978
tangent_spike,128,27,oracle,1.5555555555555556,0.0,0.0
tangent_spike,128,28,projection,1.5555555555555556,0.0,0.8333333333333334
tangent_spike,128,28,empirical,1.6147287944708093,0.05917323891525358,0.23620024051196442
tangent_spike,128,28,oas,1.6003200021740271,0.044764446618471704,0.20367818801026163
tangent_spike,128,28,spiked_known_floor,1.563825234705846,0.008269679150290286,0.14718036895229406
tangent_spike,128,28,oracle,1.5555555555555556,0.0,0.0
tangent_spike,128,29,projection,1.5555555555555556,0.0,0.8333333333333334
tangent_spike,128,29,empirical,1.6510403310515307,0.09548477549597514,0.2590012652177491
tangent_spike,128,29,oas,1.6281176872662175,0.07256213171066182,0.23722510828481447
tangent_spike,128,29,spiked_known_floor,1.595338850203777,0.03978329464822148,0.17704578352364642
tangent_spike,128,29,oracle,1.5555555555555556,0.0,0.0
tangent_spike,128,30,projection,1.5555555555555556,0.0,0.8333333333333334
tangent_spike,128,30,empirical,1.6325506052022325,0.0769950496466768,0.24957788169969272
tangent_spike,128,30,oas,1.6139897221912043,0.05843416663564874,0.19990864083746754
tangent_spike,128,30,spiked_known_floor,1.5665072646437441,0.010951709088188741,0.14638990371317362
tangent_spike,128,30,oracle,1.5555555555555556,0.0,0.0
tangent_spike,128,31,projection,1.5555555555555556,0.0,0.8333333333333334
tangent_spike,128,31,empirical,1.6283354667057266,0.07277991115017111,0.29794147910887997
tangent_spike,128,31,oas,1.6063719224511472,0.05081636689559177,0.3282561798426759
tangent_spike,128,31,spiked_known_floor,1.5838717608738955,0.028316205318339917,0.2676946809775567
tangent_spike,128,31,oracle,1.5555555555555556,0.0,0.0
tangent_spike,128,32,projection,1.5555555555555556,0.0,0.8333333333333334
tangent_spike,128,32,empirical,1.6187980255417787,0.06324246998622303,0.22402555460653328
tangent_spike,128,32,oas,1.6043700738647244,0.04881451830916871,0.2055150041694196
tangent_spike,128,32,spiked_known_floor,1.5788125373639068,0.023256981808351253,0.13803494727604407
tangent_spike,128,32,oracle,1.5555555555555556,0.0,0.0
tangent_spike,128,33,projection,1.5555555555555556,0.0,0.8333333333333334
tangent_spike,128,33,empirical,1.6316195810163445,0.0760640254607891,0.27344107549892327
tangent_spike,128,33,oas,1.6136574789599352,0.058101923404379634,0.23198218072545929
tangent_spike,128,33,spiked_known_floor,1.5847810882937803,0.029225532738224837,0.18860207110168667
tangent_spike,128,33,oracle,1.5555555555555556,0.0,0.0
tangent_spike,128,34,projection,1.5555555555555556,0.0,0.8333333333333334
tangent_spike,128,34,empirical,1.6588120228762433,0.10325646732068777,0.2510225393290137
tangent_spike,128,34,oas,1.6337465220137795,0.07819096645822403,0.21164736782552473
tangent_spike,128,34,spiked_known_floor,1.5937766056406901,0.038221050085134566,0.1607276585407457
tangent_spike,128,34,oracle,1.5555555555555556,0.0,0.0
tangent_spike,128,35,projection,1.5555555555555556,0.0,0.8333333333333334
tangent_spike,128,35,empirical,1.657445728989102,0.10189017343354655,0.3272586625815756
tangent_spike,128,35,oas,1.6231505646939672,0.06759500913841175,0.366705857285153
tangent_spike,128,35,spiked_known_floor,1.6048008924428052,0.0492453368872496,0.29717048994697404
tangent_spike,128,35,oracle,1.5555555555555556,0.0,0.0
tangent_spike,128,36,projection,1.5555555555555556,0.0,0.8333333333333334
tangent_spike,128,36,empirical,1.6613113446356647,0.10575578908010912,0.3590154818593674
tangent_spike,128,36,oas,1.6371644501672118,0.0816088946116563,0.2988717702124332
tangent_spike,128,36,spiked_known_floor,1.592684292961433,0.037128737405877535,0.2865843774269784
tangent_spike,128,36,oracle,1.5555555555555556,0.0,0.0
tangent_spike,128,37,projection,1.5555555555555556,0.0,0.8333333333333334
tangent_spike,128,37,empirical,1.5956845765272363,0.040129020971680876,0.2200583862248007
tangent_spike,128,37,oas,1.5850423810203287,0.0294868254647732,0.23638928811869378
tangent_spike,128,37,spiked_known_floor,1.5582192107465944,0.002663655191038891,0.15268121129164164
tangent_spike,128,37,oracle,1.5555555555555556,0.0,0.0
tangent_spike,128,38,projection,1.5555555555555556,0.0,0.8333333333333334
tangent_spike,128,38,empirical,1.6028344262093226,0.047278870653767166,0.23972562158978541
tangent_spike,128,38,oas,1.5885946718978494,0.0330391163422939,0.2718457079437287
tangent_spike,128,38,spiked_known_floor,1.5677612179247429,0.012205662369187301,0.18770462025751342
tangent_spike,128,38,oracle,1.5555555555555556,0.0,0.0
tangent_spike,128,39,projection,1.5555555555555556,0.0,0.8333333333333334
tangent_spike,128,39,empirical,1.6294991179506242,0.0739435623950687,0.3048732087137345
tangent_spike,128,39,oas,1.6123722684201953,0.05681671286463968,0.24953355753645348
tangent_spike,128,39,spiked_known_floor,1.5714917404076962,0.015936184852140618,0.22044972051498304
tangent_spike,128,39,oracle,1.5555555555555556,0.0,0.0
tangent_spike,128,40,projection,1.5555555555555556,0.0,0.8333333333333334
tangent_spike,128,40,empirical,1.6265993151011928,0.0710437595456373,0.2392788792022651
tangent_spike,128,40,oas,1.6063943068742177,0.050838751318662126,0.23478197823689595
tangent_spike,128,40,spiked_known_floor,1.5702064343582312,0.014650878802675654,0.1634586941168373
tangent_spike,128,40,oracle,1.5555555555555556,0.0,0.0
tangent_spike,128,41,projection,1.5555555555555556,0.0,0.8333333333333334
tangent_spike,128,41,empirical,1.637033466139548,0.0814779105839923,0.2781394336993073
tangent_spike,128,41,oas,1.6187380126995607,0.06318245714400525,0.24433045463230607
tangent_spike,128,41,spiked_known_floor,1.59888575601303,0.04333020045747436,0.19599179322535754
tangent_spike,128,41,oracle,1.5555555555555556,0.0,0.0
tangent_spike,128,42,projection,1.5555555555555556,0.0,0.8333333333333334
tangent_spike,128,42,empirical,1.6343518988002579,0.07879634324470228,0.2301890207018804
tangent_spike,128,42,oas,1.6097413124773572,0.05418575692180167,0.22797402371516526
tangent_spike,128,42,spiked_known_floor,1.5666647787264594,0.011109223170903777,0.15840248536921078
tangent_spike,128,42,oracle,1.5555555555555556,0.0,0.0
tangent_spike,128,43,projection,1.5555555555555556,0.0,0.8333333333333334
tangent_spike,128,43,empirical,1.6318200677476735,0.07626451219211793,0.23318802938660343
tangent_spike,128,43,oas,1.6123961721313138,0.05684061657575837,0.21133365029055765
tangent_spike,128,43,spiked_known_floor,1.5837512850134101,0.028195729457854517,0.1545637436449163
tangent_spike,128,43,oracle,1.5555555555555556,0.0,0.0
tangent_spike,128,44,projection,1.5555555555555556,0.0,0.8333333333333334
tangent_spike,128,44,empirical,1.6718342450271675,0.11627868947161193,0.4113505336475554
tangent_spike,128,44,oas,1.6477572115963761,0.0922016560408205,0.34789980214973165
tangent_spike,128,44,spiked_known_floor,1.6191632767609394,0.06360772120538385,0.3447639012948793
tangent_spike,128,44,oracle,1.5555555555555556,0.0,0.0
tangent_spike,128,45,projection,1.5555555555555556,0.0,0.8333333333333334
tangent_spike,128,45,empirical,1.6225521140226133,0.06699655846705795,0.2524923321845693
tangent_spike,128,45,oas,1.604236908610799,0.048681353055243466,0.2667441372222297
tangent_spike,128,45,spiked_known_floor,1.5906385235778617,0.03508296802230614,0.19463342335404457
tangent_spike,128,45,oracle,1.5555555555555556,0.0,0.0
tangent_spike,128,46,projection,1.5555555555555556,0.0,0.8333333333333334
tangent_spike,128,46,empirical,1.644078710653731,0.0885231550981753,0.2900429187702153
tangent_spike,128,46,oas,1.6121930164547447,0.05663746089918911,0.33635508326610125
tangent_spike,128,46,spiked_known_floor,1.5812433913542285,0.025687835798672985,0.2509037175590749
tangent_spike,128,46,oracle,1.5555555555555556,0.0,0.0
tangent_spike,128,47,projection,1.5555555555555556,0.0,0.8333333333333334
tangent_spike,128,47,empirical,1.6236438361172203,0.06808828056166463,0.2616325459342353
tangent_spike,128,47,oas,1.6085677195976402,0.0530121640420848,0.22434545730882036
tangent_spike,128,47,spiked_known_floor,1.582468828708665,0.026913273153109405,0.1843245467105186
tangent_spike,128,47,oracle,1.5555555555555556,0.0,0.0
tangent_spike,128,48,projection,1.5555555555555556,0.0,0.8333333333333334
tangent_spike,128,48,empirical,1.6545507906866517,0.09899523513109626,0.36570843762479727
tangent_spike,128,48,oas,1.6341666295011208,0.07861107394556525,0.30568942935292936
tangent_spike,128,48,spiked_known_floor,1.5905947530921754,0.03503919753661974,0.29173444719117375
tangent_spike,128,48,oracle,1.5555555555555556,0.0,0.0
tangent_spike,128,49,projection,1.5555555555555556,0.0,0.8333333333333334
tangent_spike,128,49,empirical,1.6375344474037141,0.0819788918481586,0.2842633042205885
tangent_spike,128,49,oas,1.6160383771057456,0.06048282155018996,0.2593235160016897
tangent_spike,128,49,spiked_known_floor,1.5850706866168611,0.029515131061305502,0.21929638348425187
tangent_spike,128,49,oracle,1.5555555555555556,0.0,0.0
tangent_spike,128,50,projection,1.5555555555555556,0.0,0.8333333333333334
tangent_spike,128,50,empirical,1.6498669057892936,0.09431135023373813,0.2823010260073527
tangent_spike,128,50,oas,1.6228598567515506,0.06730430119599526,0.3054910111795437
tangent_spike,128,50,spiked_known_floor,1.6010881396608723,0.04553258410531671,0.23570361149196872
tangent_spike,128,50,oracle,1.5555555555555556,0.0,0.0
tangent_spike,128,51,projection,1.5555555555555556,0.0,0.8333333333333334
tangent_spike,128,51,empirical,1.6080460631687732,0.05249050761321771,0.24919804614173832
tangent_spike,128,51,oas,1.594264786389379,0.03870923083382363,0.2721840389047136
tangent_spike,128,51,spiked_known_floor,1.5784356490909621,0.022880093535406695,0.19450815427750057
tangent_spike,128,51,oracle,1.5555555555555556,0.0,0.0
tangent_spike,128,52,projection,1.5555555555555556,0.0,0.8333333333333334
tangent_spike,128,52,empirical,1.6408150484818855,0.08525949292632992,0.31145213157805685
tangent_spike,128,52,oas,1.617755905707159,0.062200350151603606,0.25450530940191046
tangent_spike,128,52,spiked_known_floor,1.5803977781902658,0.024842222634710268,0.2324117405705077
tangent_spike,128,52,oracle,1.5555555555555556,0.0,0.0
tangent_spike,128,53,projection,1.5555555555555556,0.0,0.8333333333333334
tangent_spike,128,53,empirical,1.6260059638097526,0.07045040825419716,0.2985762901493209
tangent_spike,128,53,oas,1.6089479002167968,0.0533923446612414,0.24312795404804644
tangent_spike,128,53,spiked_known_floor,1.566457950485888,0.010902394930332574,0.21972029714351018
tangent_spike,128,53,oracle,1.5555555555555556,0.0,0.0
tangent_spike,128,54,projection,1.5555555555555556,0.0,0.8333333333333334
tangent_spike,128,54,empirical,1.6201218515496816,0.06456629599412599,0.27046056813209535
tangent_spike,128,54,oas,1.60055994836133,0.0450043928057743,0.3148825617676145
tangent_spike,128,54,spiked_known_floor,1.5651680948300295,0.009612539274473942,0.2381598683595535
tangent_spike,128,54,oracle,1.5555555555555556,0.0,0.0
tangent_spike,128,55,projection,1.5555555555555556,0.0,0.8333333333333334
tangent_spike,128,55,empirical,1.6342263594227817,0.0786708038672261,0.25677839078883563
tangent_spike,128,55,oas,1.6149468941902998,0.05939133863474428,0.2383578921347258
tangent_spike,128,55,spiked_known_floor,1.5830834073208895,0.027527851765334014,0.17972667519130406
tangent_spike,128,55,oracle,1.5555555555555556,0.0,0.0
tangent_spike,128,56,projection,1.5555555555555556,0.0,0.8333333333333334
tangent_spike,128,56,empirical,1.6577279433727508,0.10217238781719502,0.23201484847605516
tangent_spike,128,56,oas,1.632941685503682,0.07738612994812638,0.2073714501287074
tangent_spike,128,56,spiked_known_floor,1.5943335675435781,0.03877801198802272,0.1545063852575618
tangent_spike,128,56,oracle,1.5555555555555556,0.0,0.0
tangent_spike,128,57,projection,1.5555555555555556,0.0,0.8333333333333334
tangent_spike,128,57,empirical,1.60578320353618,0.050227647980624554,0.2605994801724197
tangent_spike,128,57,oas,1.5892333785004447,0.03367782294488918,0.2966451975422256
tangent_spike,128,57,spiked_known_floor,1.563327964200409,0.0077724086448533935,0.22043250967147768
tangent_spike,128,57,oracle,1.5555555555555556,0.0,0.0
tangent_spike,128,58,projection,1.5555555555555556,0.0,0.8333333333333334
tangent_spike,128,58,empirical,1.6138735988306383,0.05831804327508272,0.26505121348456123
tangent_spike,128,58,oas,1.597478446481589,0.041922890926033435,0.256599471731135
tangent_spike,128,58,spiked_known_floor,1.5678093229226138,0.01225376736705819,0.19250135148215475
tangent_spike,128,58,oracle,1.5555555555555556,0.0,0.0
tangent_spike,128,59,projection,1.5555555555555556,0.0,0.8333333333333334
tangent_spike,128,59,empirical,1.6228042822050694,0.067248726649514,0.25391631406555637
tangent_spike,128,59,oas,1.6040159196709562,0.04846036411540081,0.28289172022340275
tangent_spike,128,59,spiked_known_floor,1.5745556868100656,0.019000131254510066,0.2087138705183953
tangent_spike,128,59,oracle,1.5555555555555556,0.0,0.0
tangent_spike,128,60,projection,1.5555555555555556,0.0,0.8333333333333334
tangent_spike,128,60,empirical,1.6128619187654325,0.057306363209877,0.3033734965529151
tangent_spike,128,60,oas,1.5983452768356705,0.04278972128011491,0.24700399988539437
tangent_spike,128,60,spiked_known_floor,1.5635957900019317,0.008040234446376145,0.20815494762804523
tangent_spike,128,60,oracle,1.5555555555555556,0.0,0.0
tangent_spike,128,61,projection,1.5555555555555556,0.0,0.8333333333333334
tangent_spike,128,61,empirical,1.6498277694323997,0.0942722138768442,0.26320748323944104
tangent_spike,128,61,oas,1.6257986313731008,0.0702430758175452,0.220800558153694
tangent_spike,128,61,spiked_known_floor,1.5942286692199967,0.038673113664441164,0.17525663520397586
tangent_spike,128,61,oracle,1.5555555555555556,0.0,0.0
tangent_spike,128,62,projection,1.5555555555555556,0.0,0.8333333333333334
tangent_spike,128,62,empirical,1.6257524872126004,0.07019693165704485,0.27863264497090323
tangent_spike,128,62,oas,1.610774356611546,0.0552188010559905,0.22512227706465882
tangent_spike,128,62,spiked_known_floor,1.5815916745960417,0.026036119040486205,0.19286700944668278
tangent_spike,128,62,oracle,1.5555555555555556,0.0,0.0
tangent_spike,128,63,projection,1.5555555555555556,0.0,0.8333333333333334
tangent_spike,128,63,empirical,1.6118962514312878,0.056340695875732316,0.265236088135324
tangent_spike,128,63,oas,1.594224219890506,0.038668664334950344,0.2979402244518669
tangent_spike,128,63,spiked_known_floor,1.568455006961759,0.012899451406203511,0.2254650542248413
tangent_spike,128,63,oracle,1.5555555555555556,0.0,0.0
tangent_spike,128,64,projection,1.5555555555555556,0.0,0.8333333333333334
tangent_spike,128,64,empirical,1.6244833214796564,0.0689277659241009,0.2262726280925342
tangent_spike,128,64,oas,1.604874371697575,0.04931881614201947,0.23181721015293946
tangent_spike,128,64,spiked_known_floor,1.5706425984197474,0.0150870428641918,0.14625328963932713
tangent_spike,128,64,oracle,1.5555555555555556,0.0,0.0
tangent_spike,128,65,projection,1.5555555555555556,0.0,0.8333333333333334
tangent_spike,128,65,empirical,1.6455723832155935,0.09001682766003809,0.26327255395176236
tangent_spike,128,65,oas,1.6212934040594371,0.06573784850388165,0.2620295817952427
tangent_spike,128,65,spiked_known_floor,1.6020285745901042,0.04647301903454862,0.1982830046523403
tangent_spike,128,65,oracle,1.5555555555555556,0.0,0.0
tangent_spike,128,66,projection,1.5555555555555556,0.0,0.8333333333333334
tangent_spike,128,66,empirical,1.6490285609426345,0.09347300538707898,0.25804318361413503
tangent_spike,128,66,oas,1.6265047801327037,0.07094922457714818,0.2464392506997594
tangent_spike,128,66,spiked_known_floor,1.5989650108587905,0.043409455303234895,0.17717504299318285
tangent_spike,128,66,oracle,1.5555555555555556,0.0,0.0
tangent_spike,128,67,projection,1.5555555555555556,0.0,0.8333333333333334
tangent_spike,128,67,empirical,1.6130813657903564,0.05752581023480092,0.24517749753664145
tangent_spike,128,67,oas,1.5969179574108496,0.041362401855293884,0.264353773529502
tangent_spike,128,67,spiked_known_floor,1.565990872895429,0.010435317339873636,0.18917507931801766
tangent_spike,128,67,oracle,1.5555555555555556,0.0,0.0
tangent_spike,128,68,projection,1.5555555555555556,0.0,0.8333333333333334
tangent_spike,128,68,empirical,1.6314981116046539,0.07594255604909826,0.274978735697949
tangent_spike,128,68,oas,1.6066663926534062,0.051110837097850505,0.30396835369495695
tangent_spike,128,68,spiked_known_floor,1.5786360927299912,0.023080537174435718,0.22242708983996148
tangent_spike,128,68,oracle,1.5555555555555556,0.0,0.0
tangent_spike,128,69,projection,1.5555555555555556,0.0,0.8333333333333334
tangent_spike,128,69,empirical,1.6413450335115274,0.08578947795597187,0.23796910744391778
tangent_spike,128,69,oas,1.6183672820452726,0.06281172648971688,0.23141824993263393
tangent_spike,128,69,spiked_known_floor,1.581172202703891,0.02561664714833556,0.164510601532041
tangent_spike,128,69,oracle,1.5555555555555556,0.0,0.0
tangent_spike,128,70,projection,1.5555555555555556,0.0,0.8333333333333334
tangent_spike,128,70,empirical,1.6389226768787795,0.08336712132322392,0.23228020494362134
tangent_spike,128,70,oas,1.6172805046122392,0.061724949056683624,0.23094389261990925
tangent_spike,128,70,spiked_known_floor,1.589544162817322,0.033988607261766474,0.15562275043255702
tangent_spike,128,70,oracle,1.5555555555555556,0.0,0.0
tangent_spike,128,71,projection,1.5555555555555556,0.0,0.8333333333333334
tangent_spike,128,71,empirical,1.6192116010877704,0.06365604553221485,0.26111181835692093
tangent_spike,128,71,oas,1.6034589817362515,0.04790342618069586,0.21173811153157127
tangent_spike,128,71,spiked_known_floor,1.5723948929603824,0.016839337404826765,0.17491387321780852
tangent_spike,128,71,oracle,1.5555555555555556,0.0,0.0
tangent_spike,128,72,projection,1.5555555555555556,0.0,0.8333333333333334
tangent_spike,128,72,empirical,1.6458159763909532,0.09026042083539756,0.2595841453806495
tangent_spike,128,72,oas,1.6232170568519306,0.06766150129637517,0.21324362052050916
tangent_spike,128,72,spiked_known_floor,1.5801168138243173,0.024561258268761682,0.18095699893625886
tangent_spike,128,72,oracle,1.5555555555555556,0.0,0.0
tangent_spike,128,73,projection,1.5555555555555556,0.0,0.8333333333333334
tangent_spike,128,73,empirical,1.620891358171833,0.06533580261627749,0.2405610666194006
tangent_spike,128,73,oas,1.5984098530432955,0.042854297487739806,0.2676176349090473
tangent_spike,128,73,spiked_known_floor,1.5671426256016625,0.011587070046106974,0.18456103174356597
tangent_spike,128,73,oracle,1.5555555555555556,0.0,0.0
tangent_spike,128,74,projection,1.5555555555555556,0.0,0.8333333333333334
tangent_spike,128,74,empirical,1.6000173611615283,0.04446180560597263,0.2669497214117434
tangent_spike,128,74,oas,1.5869001791263309,0.03134462357077535,0.2934210556267944
tangent_spike,128,74,spiked_known_floor,1.5597318953539299,0.004176339798374274,0.22302350442248006
tangent_spike,128,74,oracle,1.5555555555555556,0.0,0.0
tangent_spike,128,75,projection,1.5555555555555556,0.0,0.8333333333333334
tangent_spike,128,75,empirical,1.6247350090287465,0.06917945347319088,0.25030182228794445
tangent_spike,128,75,oas,1.6055745691923067,0.050019013636751174,0.24234547929504155
tangent_spike,128,75,spiked_known_floor,1.56925102449858,0.013695468943024446,0.17845208980339564
tangent_spike,128,75,oracle,1.5555555555555556,0.0,0.0
tangent_spike,128,76,projection,1.5555555555555556,0.0,0.8333333333333334
tangent_spike,128,76,empirical,1.6375983656092012,0.08204281005364554,0.2518386015932225
tangent_spike,128,76,oas,1.6132098867759992,0.057654331220443646,0.27007646678461183
tangent_spike,128,76,spiked_known_floor,1.571749470293663,0.016193914738107426,0.18797455773010815
tangent_spike,128,76,oracle,1.5555555555555556,0.0,0.0
tangent_spike,128,77,projection,1.5555555555555556,0.0,0.8333333333333334
tangent_spike,128,77,empirical,1.6203401396778812,0.06478458412232542,0.2232930152221059
tangent_spike,128,77,oas,1.6011593182142236,0.04560376265866801,0.23860265993317734
tangent_spike,128,77,spiked_known_floor,1.5646976122549896,0.009142056699434083,0.14905998631513698
tangent_spike,128,77,oracle,1.5555555555555556,0.0,0.0
tangent_spike,128,78,projection,1.5555555555555556,0.0,0.8333333333333334
tangent_spike,128,78,empirical,1.6233294064575303,0.06777385090197473,0.22373580941475082
tangent_spike,128,78,oas,1.6049858531399361,0.04943029758438064,0.2105826487072582
tangent_spike,128,78,spiked_known_floor,1.5687143052792494,0.013158749723693767,0.1446147349863729
tangent_spike,128,78,oracle,1.5555555555555556,0.0,0.0
tangent_spike,128,79,projection,1.5555555555555556,0.0,0.8333333333333334
tangent_spike,128,79,empirical,1.6137762210848476,0.05822066552929214,0.26679501437378
tangent_spike,128,79,oas,1.5952822192473377,0.03972666369178217,0.28364871795015706
tangent_spike,128,79,spiked_known_floor,1.5641939436264236,0.008638388070867883,0.2159570492482714
tangent_spike,128,79,oracle,1.5555555555555556,0.0,0.0
tangent_spike,128,80,projection,1.5555555555555556,0.0,0.8333333333333334
tangent_spike,128,80,empirical,1.652903853547973,0.09734829799241745,0.28133633617857484
tangent_spike,128,80,oas,1.6249490429615017,0.06939348740594609,0.30979363912901414
tangent_spike,128,80,spiked_known_floor,1.5902351919605469,0.03467963640499133,0.2404384972955135
tangent_spike,128,80,oracle,1.5555555555555556,0.0,0.0
tangent_spike,128,81,projection,1.5555555555555556,0.0,0.8333333333333334
tangent_spike,128,81,empirical,1.641307603185147,0.08575204762959142,0.2225546139294411
tangent_spike,128,81,oas,1.6199870940947592,0.06443153853920347,0.2003650070277091
tangent_spike,128,81,spiked_known_floor,1.5904075205033272,0.03485196494777157,0.14813362384318646
tangent_spike,128,81,oracle,1.5555555555555556,0.0,0.0
tangent_spike,128,82,projection,1.5555555555555556,0.0,0.8333333333333334
tangent_spike,128,82,empirical,1.6303865457128628,0.07483099015730726,0.28703701340493326
tangent_spike,128,82,oas,1.6140612534137582,0.058505697858202775,0.2388308488006162
tangent_spike,128,82,spiked_known_floor,1.5818446807461466,0.026289125190590908,0.20890679928918546
tangent_spike,128,82,oracle,1.5555555555555556,0.0,0.0
tangent_spike,128,83,projection,1.5555555555555556,0.0,0.8333333333333334
tangent_spike,128,83,empirical,1.622868451319405,0.06731289576384943,0.25985580488083243
tangent_spike,128,83,oas,1.6054695774591534,0.049914021903597804,0.21760142116019432
tangent_spike,128,83,spiked_known_floor,1.5693502620285515,0.013794706472995985,0.1835973329047832
tangent_spike,128,83,oracle,1.5555555555555556,0.0,0.0
tangent_spike,128,84,projection,1.5555555555555556,0.0,0.8333333333333334
tangent_spike,128,84,empirical,1.6461679539829681,0.09061239842741253,0.2515363650365042
tangent_spike,128,84,oas,1.6240395696713057,0.06848401411575002,0.22737730705369227
tangent_spike,128,84,spiked_known_floor,1.598983211699358,0.04342765614380246,0.18016212535598167
tangent_spike,128,84,oracle,1.5555555555555556,0.0,0.0
tangent_spike,128,85,projection,1.5555555555555556,0.0,0.8333333333333334
tangent_spike,128,85,empirical,1.6548369535012344,0.09928139794567888,0.2619775621931412
tangent_spike,128,85,oas,1.6225612853746005,0.06700572981904511,0.2901070939306937
tangent_spike,128,85,spiked_known_floor,1.5736578297636876,0.018102274208132152,0.20399895095227116
tangent_spike,128,85,oracle,1.5555555555555556,0.0,0.0
tangent_spike,128,86,projection,1.5555555555555556,0.0,0.8333333333333334
tangent_spike,128,86,empirical,1.639062994543703,0.08350743898814755,0.2443715723204782
tangent_spike,128,86,oas,1.617677064667034,0.06212150911147861,0.24026646488261696
tangent_spike,128,86,spiked_known_floor,1.590388421497198,0.03483286594164238,0.17781044330211382
tangent_spike,128,86,oracle,1.5555555555555556,0.0,0.0
tangent_spike,128,87,projection,1.5555555555555556,0.0,0.8333333333333334
tangent_spike,128,87,empirical,1.636008156678554,0.08045260112299846,0.2513396264249235
tangent_spike,128,87,oas,1.614350906156825,0.058795350601269517,0.2435611114594227
tangent_spike,128,87,spiked_known_floor,1.5753305013968568,0.019774945841301277,0.1774858564646629
tangent_spike,128,87,oracle,1.5555555555555556,0.0,0.0
tangent_spike,128,88,projection,1.5555555555555556,0.0,0.8333333333333334
tangent_spike,128,88,empirical,1.6226196005291147,0.06706404497355907,0.23731919608230675
tangent_spike,128,88,oas,1.6039181747490014,0.048362619193445866,0.239185229652182
tangent_spike,128,88,spiked_known_floor,1.570545774084558,0.014990218529002376,0.16190854618815667
tangent_spike,128,88,oracle,1.5555555555555556,0.0,0.0
tangent_spike,128,89,projection,1.5555555555555556,0.0,0.8333333333333334
tangent_spike,128,89,empirical,1.626626891325651,0.07107133577009545,0.26702448635568776
tangent_spike,128,89,oas,1.604556332491845,0.04900077693628932,0.30688080688681435
tangent_spike,128,89,spiked_known_floor,1.573908317885332,0.018352762329776333,0.22200896938085415
tangent_spike,128,89,oracle,1.5555555555555556,0.0,0.0
tangent_spike,128,90,projection,1.5555555555555556,0.0,0.8333333333333334
tangent_spike,128,90,empirical,1.6210275790604232,0.06547202350486755,0.21924770974651706
tangent_spike,128,90,oas,1.6029164936790967,0.047360938123541134,0.21491895992261859
tangent_spike,128,90,spiked_known_floor,1.5644059304365856,0.008850374881030031,0.1407674341010914
tangent_spike,128,90,oracle,1.5555555555555556,0.0,0.0
tangent_spike,128,91,projection,1.5555555555555556,0.0,0.8333333333333334
tangent_spike,128,91,empirical,1.6656657742754117,0.11011021871985628,0.24638834112965305
tangent_spike,128,91,oas,1.6342985785350608,0.07874302297950533,0.2470596215260927
tangent_spike,128,91,spiked_known_floor,1.6005275314292633,0.04497197587370771,0.178875669312047
tangent_spike,128,91,oracle,1.5555555555555556,0.0,0.0
tangent_spike,128,92,projection,1.5555555555555556,0.0,0.8333333333333334
tangent_spike,128,92,empirical,1.6127549119369364,0.05719935638138088,0.2661064408245779
tangent_spike,128,92,oas,1.5984161812684539,0.0428606257128982,0.23569205131639495
tangent_spike,128,92,spiked_known_floor,1.572756275520373,0.017200719964817472,0.18194609352762758
tangent_spike,128,92,oracle,1.5555555555555556,0.0,0.0
tangent_spike,128,93,projection,1.5555555555555556,0.0,0.8333333333333334
tangent_spike,128,93,empirical,1.6092907357643111,0.053735180208755624,0.3014857212985901
tangent_spike,128,93,oas,1.5962489982900794,0.040693442734523744,0.24807576735646272
tangent_spike,128,93,spiked_known_floor,1.5663489589728512,0.010793403417295616,0.2199203213138918
tangent_spike,128,93,oracle,1.5555555555555556,0.0,0.0
tangent_spike,128,94,projection,1.5555555555555556,0.0,0.8333333333333334
tangent_spike,128,94,empirical,1.6366524949724472,0.08109693941689172,0.23471592188987947
tangent_spike,128,94,oas,1.6143259975974786,0.05877044204192309,0.2478762157102168
tangent_spike,128,94,spiked_known_floor,1.5812163068381446,0.025660751282589236,0.16917194725354542
tangent_spike,128,94,oracle,1.5555555555555556,0.0,0.0
tangent_spike,128,95,projection,1.5555555555555556,0.0,0.8333333333333334
tangent_spike,128,95,empirical,1.6339133701081776,0.07835781455262196,0.2999121486995566
tangent_spike,128,95,oas,1.6160323173761415,0.06047676182058608,0.24697794472366993
tangent_spike,128,95,spiked_known_floor,1.5856230005283292,0.030067444972773638,0.21962019741894082
tangent_spike,128,95,oracle,1.5555555555555556,0.0,0.0
tangent_spike,128,96,projection,1.5555555555555556,0.0,0.8333333333333334
tangent_spike,128,96,empirical,1.6263726485302814,0.0708170929747258,0.27175769788729726
tangent_spike,128,96,oas,1.6076951534285617,0.052139597873006246,0.25189603765243634
tangent_spike,128,96,spiked_known_floor,1.5752678619314482,0.019712306375892573,0.19852453381561488
tangent_spike,128,96,oracle,1.5555555555555556,0.0,0.0
tangent_spike,128,97,projection,1.5555555555555556,0.0,0.8333333333333334
tangent_spike,128,97,empirical,1.6208005919666746,0.06524503641111902,0.27305670558491085
tangent_spike,128,97,oas,1.6050326132413772,0.04947705768582162,0.2280615913396463
tangent_spike,128,97,spiked_known_floor,1.5740558025078801,0.01850024695232448,0.1894209864555363
tangent_spike,128,97,oracle,1.5555555555555556,0.0,0.0
tangent_spike,128,98,projection,1.5555555555555556,0.0,0.8333333333333334
tangent_spike,128,98,empirical,1.6604671437723406,0.104911588216785,0.26943839807096426
tangent_spike,128,98,oas,1.6354251416457233,0.07986958609016755,0.25228911843419094
tangent_spike,128,98,spiked_known_floor,1.6024767889016411,0.04692123334608547,0.2020680680689625
tangent_spike,128,98,oracle,1.5555555555555556,0.0,0.0
tangent_spike,128,99,projection,1.5555555555555556,0.0,0.8333333333333334
tangent_spike,128,99,empirical,1.6539672244924448,0.09841166893688913,0.31047892627948953
tangent_spike,128,99,oas,1.6311617924043846,0.07560623684882897,0.2605823623489108
tangent_spike,128,99,spiked_known_floor,1.5991266884158655,0.04357113286030981,0.2331343557721074
tangent_spike,128,99,oracle,1.5555555555555556,0.0,0.0
tangent_spike,128,100,projection,1.5555555555555556,0.0,0.8333333333333334
tangent_spike,128,100,empirical,1.61320831917396,0.05765276361840447,0.28713051247591725
tangent_spike,128,100,oas,1.5990079989912176,0.043452443435662,0.2603683949570586
tangent_spike,128,100,spiked_known_floor,1.5797945648579033,0.02423900930234755,0.2135996329875468
tangent_spike,128,100,oracle,1.5555555555555556,0.0,0.0
tangent_spike,128,101,projection,1.5555555555555556,0.0,0.8333333333333334
tangent_spike,128,101,empirical,1.6182907052745332,0.06273514971897784,0.23101759733295857
tangent_spike,128,101,oas,1.6004583740905685,0.04490281853501288,0.24619841892311634
tangent_spike,128,101,spiked_known_floor,1.5761894230155646,0.020633867460009104,0.16130330230176762
tangent_spike,128,101,oracle,1.5555555555555556,0.0,0.0
tangent_spike,128,102,projection,1.5555555555555556,0.0,0.8333333333333334
tangent_spike,128,102,empirical,1.6259238984602091,0.07036834290465362,0.2504904392822455
tangent_spike,128,102,oas,1.6081017885901572,0.05254623303460174,0.2507494691996303
tangent_spike,128,102,spiked_known_floor,1.5840744568554073,0.02851890129985174,0.18802168685067
tangent_spike,128,102,oracle,1.5555555555555556,0.0,0.0
tangent_spike,128,103,projection,1.5555555555555556,0.0,0.8333333333333334
tangent_spike,128,103,empirical,1.622101882495108,0.06654632693955251,0.23591870287388536
tangent_spike,128,103,oas,1.6043788756067192,0.048823320051163466,0.23893083157303197
tangent_spike,128,103,spiked_known_floor,1.5700853463510203,0.014529790795464662,0.1779246521994288
tangent_spike,128,103,oracle,1.5555555555555556,0.0,0.0
tangent_spike,128,104,projection,1.5555555555555556,0.0,0.8333333333333334
tangent_spike,128,104,empirical,1.6168727556663187,0.06131720011076321,0.26148619828233793
tangent_spike,128,104,oas,1.6014347983837929,0.04587924282823731,0.22326945276680285
tangent_spike,128,104,spiked_known_floor,1.578909354998042,0.023353799442486542,0.1730877114583325
tangent_spike,128,104,oracle,1.5555555555555556,0.0,0.0
tangent_spike,128,105,projection,1.5555555555555556,0.0,0.8333333333333334
tangent_spike,128,105,empirical,1.6290469275594832,0.07349137200392758,0.25552491456329235
tangent_spike,128,105,oas,1.6062637683143357,0.05070821275878004,0.2771030642897199
tangent_spike,128,105,spiked_known_floor,1.571091154617656,0.015535599062100443,0.19860228629267254
tangent_spike,128,105,oracle,1.5555555555555556,0.0,0.0
tangent_spike,128,106,projection,1.5555555555555556,0.0,0.8333333333333334
tangent_spike,128,106,empirical,1.6118572181313795,0.056301662575824044,0.30369932807665023
tangent_spike,128,106,oas,1.5916433410032207,0.03608778544766509,0.35506137793858256
tangent_spike,128,106,spiked_known_floor,1.5656346028032844,0.01007904724772881,0.283490591663789
tangent_spike,128,106,oracle,1.5555555555555556,0.0,0.0
tangent_spike,128,107,projection,1.5555555555555556,0.0,0.8333333333333334
tangent_spike,128,107,empirical,1.6311837367718998,0.07562818121634433,0.2915761631534005
tangent_spike,128,107,oas,1.6062735226501763,0.05071796709462071,0.33316863689231013
tangent_spike,128,107,spiked_known_floor,1.5703713302383595,0.014815774682803873,0.25565591061677734
tangent_spike,128,107,oracle,1.5555555555555556,0.0,0.0
tangent_spike,128,108,projection,1.5555555555555556,0.0,0.8333333333333334
tangent_spike,128,108,empirical,1.6104216727850016,0.05486611722944609,0.3093398391171965
tangent_spike,128,108,oas,1.5915016854857251,0.03594612993016969,0.3554829365045607
tangent_spike,128,108,spiked_known_floor,1.5623361787752927,0.006780623219737345,0.27968898089207933
tangent_spike,128,108,oracle,1.5555555555555556,0.0,0.0
tangent_spike,128,109,projection,1.5555555555555556,0.0,0.8333333333333334
tangent_spike,128,109,empirical,1.6850942958604838,0.1295387403049283,0.2734330294154891
tangent_spike,128,109,oas,1.6482041658374942,0.09264861028193871,0.23371401524767166
tangent_spike,128,109,spiked_known_floor,1.59626244141975,0.04070688586419446,0.18603132439189052
tangent_spike,128,109,oracle,1.5555555555555556,0.0,0.0
tangent_spike,128,110,projection,1.5555555555555556,0.0,0.8333333333333334
tangent_spike,128,110,empirical,1.6142622870464303,0.05870673149087467,0.23657542251413413
tangent_spike,128,110,oas,1.5980234084121139,0.04246785285655835,0.22962423584105948
tangent_spike,128,110,spiked_known_floor,1.5656968561131492,0.010141300557593684,0.16313389181691398
tangent_spike,128,110,oracle,1.5555555555555556,0.0,0.0
tangent_spike,128,111,projection,1.5555555555555556,0.0,0.8333333333333334
tangent_spike,128,111,empirical,1.6317468326897149,0.07619127713415923,0.24957825569150902
tangent_spike,128,111,oas,1.6098842648847556,0.05432870932919987,0.2537565528018174
tangent_spike,128,111,spiked_known_floor,1.5758720641243997,0.020316508568844205,0.16953503895761643
tangent_spike,128,111,oracle,1.5555555555555556,0.0,0.0
tangent_spike,128,112,projection,1.5555555555555556,0.0,0.8333333333333334
tangent_spike,128,112,empirical,1.641594524410515,0.0860389688549594,0.2642594691893562
tangent_spike,128,112,oas,1.6196974947678362,0.06414193921228056,0.22334621999854146
tangent_spike,128,112,spiked_known_floor,1.5810414247811815,0.025485869225625922,0.17918433449426388
tangent_spike,128,112,oracle,1.5555555555555556,0.0,0.0
tangent_spike,128,113,projection,1.5555555555555556,0.0,0.8333333333333334
tangent_spike,128,113,empirical,1.6558043161439768,0.10024876058842119,0.2544173151601616
tangent_spike,128,113,oas,1.6257105841335577,0.07015502857800221,0.2591009144635461
tangent_spike,128,113,spiked_known_floor,1.5860379853370294,0.03048242978147379,0.19010215840487318
tangent_spike,128,113,oracle,1.5555555555555556,0.0,0.0
tangent_spike,128,114,projection,1.5555555555555556,0.0,0.8333333333333334
tangent_spike,128,114,empirical,1.6434882764723473,0.08793272091679168,0.24066551174377582
tangent_spike,128,114,oas,1.6167539727590026,0.06119841720344711,0.256716803342571
tangent_spike,128,114,spiked_known_floor,1.578318167205813,0.022762611650257464,0.16810410555498156
tangent_spike,128,114,oracle,1.5555555555555556,0.0,0.0
tangent_spike,128,115,projection,1.5555555555555556,0.0,0.8333333333333334
tangent_spike,128,115,empirical,1.636407561877888,0.08085200632233241,0.2838398414543514
tangent_spike,128,115,oas,1.6142148968703423,0.05865934131478659,0.2913938463802224
tangent_spike,128,115,spiked_known_floor,1.578450151714706,0.0228945961591505,0.23765195372323986
tangent_spike,128,115,oracle,1.5555555555555556,0.0,0.0
tangent_spike,128,116,projection,1.5555555555555556,0.0,0.8333333333333334
tangent_spike,128,116,empirical,1.6980726871250356,0.1425171315694801,0.4692382604150523
tangent_spike,128,116,oas,1.6680258460526798,0.1124702904971243,0.40026944999860564
tangent_spike,128,116,spiked_known_floor,1.6170253698791426,0.061469814323586974,0.405876958023541
tangent_spike,128,116,oracle,1.5555555555555556,0.0,0.0
tangent_spike,128,117,projection,1.5555555555555556,0.0,0.8333333333333334
tangent_spike,128,117,empirical,1.6461587331495002,0.09060317759394468,0.329932361504972
tangent_spike,128,117,oas,1.6267854362962295,0.07122988074067392,0.27057470623869734
tangent_spike,128,117,spiked_known_floor,1.6087200825179269,0.05316452696237122,0.2553932181942085
tangent_spike,128,117,oracle,1.5555555555555556,0.0,0.0
tangent_spike,128,118,projection,1.5555555555555556,0.0,0.8333333333333334
tangent_spike,128,118,empirical,1.6498395977847955,0.09428404222924006,0.23373687619373298
tangent_spike,128,118,oas,1.6218903155264344,0.0663347599708787,0.2294831203499904
tangent_spike,128,118,spiked_known_floor,1.5828044146039029,0.02724885904834737,0.1474858471438381
tangent_spike,128,118,oracle,1.5555555555555556,0.0,0.0
tangent_spike,128,119,projection,1.5555555555555556,0.0,0.8333333333333334
tangent_spike,128,119,empirical,1.61715994849668,0.061604392941124395,0.24383716075565354
tangent_spike,128,119,oas,1.5991251253078669,0.04356956975231127,0.272249287030317
tangent_spike,128,119,spiked_known_floor,1.5621713563187027,0.006615800763147023,0.1913883571326508
tangent_spike,128,119,oracle,1.5555555555555556,0.0,0.0
tangent_spike,128,120,projection,1.5555555555555556,0.0,0.8333333333333334
tangent_spike,128,120,empirical,1.691207569092243,0.13565201353668732,0.2868999334062773
tangent_spike,128,120,oas,1.6596740870282396,0.10411853147268403,0.24495451189105552
tangent_spike,128,120,spiked_known_floor,1.6190509827611246,0.0634954272055689,0.2146941605201759
tangent_spike,128,120,oracle,1.5555555555555556,0.0,0.0
tangent_spike,128,121,projection,1.5555555555555556,0.0,0.8333333333333334
tangent_spike,128,121,empirical,1.6325318219476872,0.0769762663921317,0.2421587947692229
tangent_spike,128,121,oas,1.6141597981543008,0.05860424259874519,0.24562411012316218
tangent_spike,128,121,spiked_known_floor,1.5898912810997066,0.034335725544150944,0.18285159471766033
tangent_spike,128,121,oracle,1.5555555555555556,0.0,0.0
tangent_spike,128,122,projection,1.5555555555555556,0.0,0.8333333333333334
tangent_spike,128,122,empirical,1.643879424774605,0.08832386921904932,0.22554268790494936
tangent_spike,128,122,oas,1.619342460171578,0.06378690461602252,0.21866642188352162
tangent_spike,128,122,spiked_known_floor,1.579624837461309,0.024069281905753716,0.13857574708778617
tangent_spike,128,122,oracle,1.5555555555555556,0.0,0.0
tangent_spike,128,123,projection,1.5555555555555556,0.0,0.8333333333333334
tangent_spike,128,123,empirical,1.6119689356131406,0.05641338005758503,0.23944571390719258
tangent_spike,128,123,oas,1.5986500213413855,0.043094465785829844,0.2230400550709585
tangent_spike,128,123,spiked_known_floor,1.5757695679261698,0.020214012370614196,0.16299669639581513
tangent_spike,128,123,oracle,1.5555555555555556,0.0,0.0
tangent_spike,128,124,projection,1.5555555555555556,0.0,0.8333333333333334
tangent_spike,128,124,empirical,1.626873696151703,0.07131814059614734,0.2551119558093939
tangent_spike,128,124,oas,1.60707044872891,0.051514893173354497,0.2584166480229379
tangent_spike,128,124,spiked_known_floor,1.583148273867324,0.027592718311768353,0.18345223762417043
tangent_spike,128,124,oracle,1.5555555555555556,0.0,0.0
tangent_spike,128,125,projection,1.5555555555555556,0.0,0.8333333333333334
tangent_spike,128,125,empirical,1.6346993849511098,0.07914382939555431,0.2522947040737303
tangent_spike,128,125,oas,1.6113821232031171,0.05582656764756157,0.27542489027313355
tangent_spike,128,125,spiked_known_floor,1.5771028846948538,0.021547329139298337,0.1951773570826136
tangent_spike,128,125,oracle,1.5555555555555556,0.0,0.0
tangent_spike,128,126,projection,1.5555555555555556,0.0,0.8333333333333334
tangent_spike,128,126,empirical,1.6103140284535113,0.054758472897955865,0.40962650092693625
tangent_spike,128,126,oas,1.5994199922604333,0.043864436704877746,0.342197287615342
tangent_spike,128,126,spiked_known_floor,1.5804868770214517,0.024931321465896068,0.33953733542733394
tangent_spike,128,126,oracle,1.5555555555555556,0.0,0.0
tangent_spike,128,127,projection,1.5555555555555556,0.0,0.8333333333333334
tangent_spike,128,127,empirical,1.61412852988427,0.05857297432871448,0.2565807071777854
tangent_spike,128,127,oas,1.6000050401667407,0.04444948461118506,0.21369035220608232
tangent_spike,128,127,spiked_known_floor,1.5712129301837272,0.015657374628171652,0.1651563418719156
tangent_spike,128,127,oracle,1.5555555555555556,0.0,0.0
tangent_spike,128,128,projection,1.5555555555555556,0.0,0.8333333333333334
tangent_spike,128,128,empirical,1.6285501045064297,0.072994548950874,0.24855256352232927
tangent_spike,128,128,oas,1.6034289980160468,0.047873442460491265,0.2907317173204226
tangent_spike,128,128,spiked_known_floor,1.567449450055821,0.011893894500265461,0.2076583872164457
tangent_spike,128,128,oracle,1.5555555555555556,0.0,0.0
tangent_spike,128,129,projection,1.5555555555555556,0.0,0.8333333333333334
tangent_spike,128,129,empirical,1.6114641859780727,0.05590863042251707,0.34162985395638285
tangent_spike,128,129,oas,1.5983398150866783,0.04278425953112272,0.2747431403846074
tangent_spike,128,129,spiked_known_floor,1.5615765226918374,0.00602096713628188,0.2695064828440745
tangent_spike,128,129,oracle,1.5555555555555556,0.0,0.0
tangent_spike,128,130,projection,1.5555555555555556,0.0,0.8333333333333334
tangent_spike,128,130,empirical,1.6316557408451118,0.07610018528955632,0.23449513709600714
tangent_spike,128,130,oas,1.6101759138542453,0.05462035829868971,0.21594019685534396
tangent_spike,128,130,spiked_known_floor,1.5705808389342848,0.015025283378729251,0.15541454533690283
tangent_spike,128,130,oracle,1.5555555555555556,0.0,0.0
tangent_spike,128,131,projection,1.5555555555555556,0.0,0.8333333333333334
tangent_spike,128,131,empirical,1.6253171741827683,0.06976161862721275,0.2305230879670261
tangent_spike,128,131,oas,1.604953899928382,0.04939834437282666,0.2527167040166721
tangent_spike,128,131,spiked_known_floor,1.5756874714220528,0.020131915866497298,0.1680897320653957
tangent_spike,128,131,oracle,1.5555555555555556,0.0,0.0
tangent_spike,128,132,projection,1.5555555555555556,0.0,0.8333333333333334
tangent_spike,128,132,empirical,1.6362329130641453,0.08067735750858977,0.2905282817382406
tangent_spike,128,132,oas,1.6172490280013738,0.061693472445818166,0.25709106056619263
tangent_spike,128,132,spiked_known_floor,1.583693999456239,0.02813844390068335,0.2184543102211969
tangent_spike,128,132,oracle,1.5555555555555556,0.0,0.0
tangent_spike,128,133,projection,1.5555555555555556,0.0,0.8333333333333334
tangent_spike,128,133,empirical,1.6276834549085024,0.07212789935294694,0.28378224533122653
tangent_spike,128,133,oas,1.606546334882079,0.0509907793265234,0.2968415312766686
tangent_spike,128,133,spiked_known_floor,1.5664119639832963,0.010856408427740695,0.23885856399355418
tangent_spike,128,133,oracle,1.5555555555555556,0.0,0.0
tangent_spike,128,134,projection,1.5555555555555556,0.0,0.8333333333333334
tangent_spike,128,134,empirical,1.6203547111859145,0.06479915563035882,0.33034466555636793
tangent_spike,128,134,oas,1.596985521443462,0.041429965887906546,0.37655200100531405
tangent_spike,128,134,spiked_known_floor,1.571346333942451,0.015790778386895334,0.30824282440905254
tangent_spike,128,134,oracle,1.5555555555555556,0.0,0.0
tangent_spike,128,135,projection,1.5555555555555556,0.0,0.8333333333333334
tangent_spike,128,135,empirical,1.644461874871985,0.08890631931642934,0.23537421378277557
tangent_spike,128,135,oas,1.6170588339936098,0.061503278438054226,0.2566451684814096
tangent_spike,128,135,spiked_known_floor,1.5776476656904128,0.02209211013485727,0.1713150066454513
tangent_spike,128,135,oracle,1.5555555555555556,0.0,0.0
tangent_spike,128,136,projection,1.5555555555555556,0.0,0.8333333333333334
tangent_spike,128,136,empirical,1.6242602075735828,0.0687046520180272,0.3594665275909011
tangent_spike,128,136,oas,1.5979194529311722,0.0423638973756168,0.4183704188102022
tangent_spike,128,136,spiked_known_floor,1.5631796252923298,0.007624069736774279,0.34350958801583914
tangent_spike,128,136,oracle,1.5555555555555556,0.0,0.0
tangent_spike,128,137,projection,1.5555555555555556,0.0,0.8333333333333334
tangent_spike,128,137,empirical,1.6398997850664105,0.08434422951085495,0.2483564732806799
tangent_spike,128,137,oas,1.615128755896714,0.05957320034115859,0.26467577238169665
tangent_spike,128,137,spiked_known_floor,1.5762422937417402,0.02068673818618473,0.19665786857268977
tangent_spike,128,137,oracle,1.5555555555555556,0.0,0.0
tangent_spike,128,138,projection,1.5555555555555556,0.0,0.8333333333333334
tangent_spike,128,138,empirical,1.6272604797115824,0.07170492415602686,0.24361255913700594
tangent_spike,128,138,oas,1.6084893434965284,0.052933787940972726,0.22668881616744083
tangent_spike,128,138,spiked_known_floor,1.569041383894121,0.013485828338565342,0.16837641797404831
tangent_spike,128,138,oracle,1.5555555555555556,0.0,0.0
tangent_spike,128,139,projection,1.5555555555555556,0.0,0.8333333333333334
tangent_spike,128,139,empirical,1.61522079622962,0.05966524067406441,0.28298132842865736
tangent_spike,128,139,oas,1.595597245932877,0.04004169037732152,0.32582623700515984
tangent_spike,128,139,spiked_known_floor,1.564930978114102,0.009375422558546504,0.24434076814966899
tangent_spike,128,139,oracle,1.5555555555555556,0.0,0.0
tangent_spike,128,140,projection,1.5555555555555556,0.0,0.8333333333333334
tangent_spike,128,140,empirical,1.6305898629352515,0.0750343073796959,0.23208275236746292
tangent_spike,128,140,oas,1.6084033833575935,0.052847827802038,0.2487113653886119
tangent_spike,128,140,spiked_known_floor,1.569740984475968,0.014185428920412468,0.15267116280099116
tangent_spike,128,140,oracle,1.5555555555555556,0.0,0.0
tangent_spike,128,141,projection,1.5555555555555556,0.0,0.8333333333333334
tangent_spike,128,141,empirical,1.6497187773616004,0.09416322180604489,0.25521533979865396
tangent_spike,128,141,oas,1.6252152015960823,0.0696596460405269,0.2293335525477838
tangent_spike,128,141,spiked_known_floor,1.5829378942596788,0.02738233870412318,0.1755885298888443
tangent_spike,128,141,oracle,1.5555555555555556,0.0,0.0
tangent_spike,128,142,projection,1.5555555555555556,0.0,0.8333333333333334
tangent_spike,128,142,empirical,1.6296858256241977,0.074130270068642,0.2634364256959219
tangent_spike,128,142,oas,1.6097143304426103,0.0541587748870548,0.26252644352062
tangent_spike,128,142,spiked_known_floor,1.5863641482671245,0.03080859271156893,0.20277774273906815
tangent_spike,128,142,oracle,1.5555555555555556,0.0,0.0
tangent_spike,128,143,projection,1.5555555555555556,0.0,0.8333333333333334
tangent_spike,128,143,empirical,1.6411889543881497,0.0856333988325943,0.2728540502811203
tangent_spike,128,143,oas,1.6216473474468562,0.06609179189130063,0.2424222126256298
tangent_spike,128,143,spiked_known_floor,1.5919133664575162,0.03635781090196076,0.20329584826537542
tangent_spike,128,143,oracle,1.5555555555555556,0.0,0.0
tangent_spike,128,144,projection,1.5555555555555556,0.0,0.8333333333333334
tangent_spike,128,144,empirical,1.603031039674561,0.047475484119005464,0.24741779174845416
tangent_spike,128,144,oas,1.5878252973258762,0.03226974177032071,0.27673552527278433
tangent_spike,128,144,spiked_known_floor,1.5603234589003097,0.004767903344754224,0.19662413295819217
tangent_spike,128,144,oracle,1.5555555555555556,0.0,0.0
tangent_spike,128,145,projection,1.5555555555555556,0.0,0.8333333333333334
tangent_spike,128,145,empirical,1.627028164320261,0.07147260876470568,0.23692120999076474
tangent_spike,128,145,oas,1.610491975457184,0.054936419901628376,0.20661826765472738
tangent_spike,128,145,spiked_known_floor,1.5760440306825445,0.020488475126988915,0.13979115205389395
tangent_spike,128,145,oracle,1.5555555555555556,0.0,0.0
tangent_spike,128,146,projection,1.5555555555555556,0.0,0.8333333333333334
tangent_spike,128,146,empirical,1.679340107628802,0.12378455207324628,0.29610111302314845
tangent_spike,128,146,oas,1.6448611541285283,0.08930559857297261,0.25533060716962114
tangent_spike,128,146,spiked_known_floor,1.584693486738245,0.0291379311826894,0.2198471634006223
tangent_spike,128,146,oracle,1.5555555555555556,0.0,0.0
tangent_spike,128,147,projection,1.5555555555555556,0.0,0.8333333333333334
tangent_spike,128,147,empirical,1.6119407051861334,0.05638514963057796,0.24752699010490853
tangent_spike,128,147,oas,1.5962117080979314,0.04065615254237575,0.26872767536697295
tangent_spike,128,147,spiked_known_floor,1.5773582824895196,0.021802726933964112,0.20212038438315705
tangent_spike,128,147,oracle,1.5555555555555556,0.0,0.0
tangent_spike,128,148,projection,1.5555555555555556,0.0,0.8333333333333334
tangent_spike,128,148,empirical,1.616402403215879,0.06084684766032357,0.2553629443910993
tangent_spike,128,148,oas,1.5990614056195573,0.04350585006400165,0.27421234632582464
tangent_spike,128,148,spiked_known_floor,1.5668224268312727,0.011266871275717162,0.2092369614433763
tangent_spike,128,148,oracle,1.5555555555555556,0.0,0.0
tangent_spike,128,149,projection,1.5555555555555556,0.0,0.8333333333333334
tangent_spike,128,149,empirical,1.6260237595303577,0.07046820397480211,0.23551674577338375
tangent_spike,128,149,oas,1.6076139020916111,0.05205834653605549,0.2554661030513494
tangent_spike,128,149,spiked_known_floor,1.5794139743592361,0.02385841880368049,0.1662110360273508
tangent_spike,128,149,oracle,1.5555555555555556,0.0,0.0
tangent_spike,128,150,projection,1.5555555555555556,0.0,0.8333333333333334
tangent_spike,128,150,empirical,1.6149379969030773,0.05938244134752166,0.245567407700832
tangent_spike,128,150,oas,1.6008998412485291,0.04534428569297358,0.20300226186365408
tangent_spike,128,150,spiked_known_floor,1.56976123431479,0.014205678759234409,0.15759183614989997
tangent_spike,128,150,oracle,1.5555555555555556,0.0,0.0
tangent_spike,128,151,projection,1.5555555555555556,0.0,0.8333333333333334
tangent_spike,128,151,empirical,1.6136682784336618,0.0581127228781063,0.20799032053946798
tangent_spike,128,151,oas,1.59705668396005,0.0415011284044944,0.19410409248705954
tangent_spike,128,151,spiked_known_floor,1.5606536118174266,0.005098056261870987,0.10481969021188449
tangent_spike,128,151,oracle,1.5555555555555556,0.0,0.0
tangent_spike,128,152,projection,1.5555555555555556,0.0,0.8333333333333334
tangent_spike,128,152,empirical,1.6290697452486809,0.0735141896931252,0.25119239750514816
tangent_spike,128,152,oas,1.6107313547484485,0.055175799192893074,0.23725850799057913
tangent_spike,128,152,spiked_known_floor,1.5890502805916498,0.03349472503609429,0.17470533787031703
tangent_spike,128,152,oracle,1.5555555555555556,0.0,0.0
tangent_spike,128,153,projection,1.5555555555555556,0.0,0.8333333333333334
tangent_spike,128,153,empirical,1.6330532166269565,0.07749766107140091,0.2693841072875917
tangent_spike,128,153,oas,1.6131124210496524,0.057556865494096936,0.24965816319117637
tangent_spike,128,153,spiked_known_floor,1.5848592630371525,0.029303707481597083,0.18816403707081075
tangent_spike,128,153,oracle,1.5555555555555556,0.0,0.0
tangent_spike,128,154,projection,1.5555555555555556,0.0,0.8333333333333334
tangent_spike,128,154,empirical,1.635871638275047,0.08031608271949138,0.2220740897348864
tangent_spike,128,154,oas,1.6140192518488214,0.05846369629326593,0.22678325394390164
tangent_spike,128,154,spiked_known_floor,1.585027667316074,0.029472111760518442,0.1440791664367337
tangent_spike,128,154,oracle,1.5555555555555556,0.0,0.0
tangent_spike,128,155,projection,1.5555555555555556,0.0,0.8333333333333334
tangent_spike,128,155,empirical,1.700652863457796,0.14509730790224043,0.2987667538642134
tangent_spike,128,155,oas,1.655030507807369,0.0994749522518135,0.3336416508593319
tangent_spike,128,155,spiked_known_floor,1.6119440915455152,0.056388535989959666,0.2701581351786179
tangent_spike,128,155,oracle,1.5555555555555556,0.0,0.0
tangent_spike,128,156,projection,1.5555555555555556,0.0,0.8333333333333334
tangent_spike,128,156,empirical,1.6213361665197508,0.06578061096419519,0.2498576796049391
tangent_spike,128,156,oas,1.6018276872985728,0.04627213174301714,0.27782685291302733
tangent_spike,128,156,spiked_known_floor,1.575042097053887,0.019486541498331393,0.20051896752416987
tangent_spike,128,156,oracle,1.5555555555555556,0.0,0.0
tangent_spike,128,157,projection,1.5555555555555556,0.0,0.8333333333333334
tangent_spike,128,157,empirical,1.6590425088079264,0.10348695325237078,0.3387245571743265
tangent_spike,128,157,oas,1.6261934762625143,0.07063792070695873,0.3739935324016286
tangent_spike,128,157,spiked_known_floor,1.6002608239083407,0.04470526835278524,0.3164882610372478
tangent_spike,128,157,oracle,1.5555555555555556,0.0,0.0
tangent_spike,128,158,projection,1.5555555555555556,0.0,0.8333333333333334
tangent_spike,128,158,empirical,1.6242760686314484,0.06872051307589287,0.34300562940876095
tangent_spike,128,158,oas,1.5972954148572611,0.0417398593017054,0.3996131797520805
tangent_spike,128,158,spiked_known_floor,1.5612864532037523,0.005730897648196656,0.3265799472921099
tangent_spike,128,158,oracle,1.5555555555555556,0.0,0.0
tangent_spike,128,159,projection,1.5555555555555556,0.0,0.8333333333333334
tangent_spike,128,159,empirical,1.6337334313308889,0.07817787577533329,0.256790148131677
tangent_spike,128,159,oas,1.6154629070617779,0.05990735150622221,0.20892242957197218
tangent_spike,128,159,spiked_known_floor,1.5794137351768707,0.023858179621315253,0.17567346381091944
tangent_spike,128,159,oracle,1.5555555555555556,0.0,0.0
tangent_spike,128,160,projection,1.5555555555555556,0.0,0.8333333333333334
tangent_spike,128,160,empirical,1.6137396237179322,0.05818406816237656,0.2649992669569123
tangent_spike,128,160,oas,1.6001152006855603,0.04455964513000489,0.22071921687118357
tangent_spike,128,160,spiked_known_floor,1.5764427347138648,0.020887179158309194,0.18479171368382277
tangent_spike,128,160,oracle,1.5555555555555556,0.0,0.0
tangent_spike,128,161,projection,1.5555555555555556,0.0,0.8333333333333334
tangent_spike,128,161,empirical,1.686266483961303,0.13071092840574752,0.2826532106785669
tangent_spike,128,161,oas,1.6503698028498546,0.09481424729429884,0.29294581245118434
tangent_spike,128,161,spiked_known_floor,1.6093925275735694,0.05383697201801397,0.23044884531157608
tangent_spike,128,161,oracle,1.5555555555555556,0.0,0.0
tangent_spike,128,162,projection,1.5555555555555556,0.0,0.8333333333333334
tangent_spike,128,162,empirical,1.6149176345983607,0.059362079042805244,0.2849751267286076
tangent_spike,128,162,oas,1.6010381309462867,0.045482575390731125,0.2350406959210223
tangent_spike,128,162,spiked_known_floor,1.5731446672074236,0.01758911165186798,0.19597105294127107
tangent_spike,128,162,oracle,1.5555555555555556,0.0,0.0
tangent_spike,128,163,projection,1.5555555555555556,0.0,0.8333333333333334
tangent_spike,128,163,empirical,1.6327503877807206,0.07719483222516507,0.2372854557788278
tangent_spike,128,163,oas,1.6143880218094226,0.0588324662538671,0.23896712098033157
tangent_spike,128,163,spiked_known_floor,1.5987600551909102,0.043204499635354644,0.17035856975488914
tangent_spike,128,163,oracle,1.5555555555555556,0.0,0.0
tangent_spike,128,164,projection,1.5555555555555556,0.0,0.8333333333333334
tangent_spike,128,164,empirical,1.6218980179924243,0.06634246243686864,0.23591099130934468
tangent_spike,128,164,oas,1.6049915188578858,0.04943596330233042,0.23563369199586223
tangent_spike,128,164,spiked_known_floor,1.577656758774419,0.022101203218863462,0.16564457152736933
tangent_spike,128,164,oracle,1.5555555555555556,0.0,0.0
tangent_spike,128,165,projection,1.5555555555555556,0.0,0.8333333333333334
tangent_spike,128,165,empirical,1.6099707200993174,0.0544151645437618,0.23549825458147658
tangent_spike,128,165,oas,1.594314927376075,0.038759371820519486,0.23882480057484715
tangent_spike,128,165,spiked_known_floor,1.560449195079862,0.004893639524306412,0.15332912989205352
tangent_spike,128,165,oracle,1.5555555555555556,0.0,0.0
tangent_spike,128,166,projection,1.5555555555555556,0.0,0.8333333333333334
tangent_spike,128,166,empirical,1.636262976403157,0.0807074208476017,0.2704627938740233
tangent_spike,128,166,oas,1.6169494068649102,0.0613938513093546,0.23812531504180956
tangent_spike,128,166,spiked_known_floor,1.5867753443104613,0.031219788754905838,0.19632310137229989
tangent_spike,128,166,oracle,1.5555555555555556,0.0,0.0
tangent_spike,128,167,projection,1.5555555555555556,0.0,0.8333333333333334
tangent_spike,128,167,empirical,1.6116188550951795,0.056063299539623856,0.23304025671093986
tangent_spike,128,167,oas,1.5965853433483952,0.041029787792839625,0.21916582660722228
tangent_spike,128,167,spiked_known_floor,1.5727237558599099,0.01716820030435421,0.1410567423864846
tangent_spike,128,167,oracle,1.5555555555555556,0.0,0.0
tangent_spike,128,168,projection,1.5555555555555556,0.0,0.8333333333333334
tangent_spike,128,168,empirical,1.636725519824616,0.08116996426906035,0.2760709051779415
tangent_spike,128,168,oas,1.6158264281281391,0.06027087257258363,0.2479395503123065
tangent_spike,128,168,spiked_known_floor,1.5765911046742507,0.021035549118694985,0.20292624171885174
tangent_spike,128,168,oracle,1.5555555555555556,0.0,0.0
tangent_spike,128,169,projection,1.5555555555555556,0.0,0.8333333333333334
tangent_spike,128,169,empirical,1.6377135875353703,0.08215803197981485,0.23978021177680653
tangent_spike,128,169,oas,1.6180200346925746,0.06246447913701901,0.2063263296868261
tangent_spike,128,169,spiked_known_floor,1.5883532212000573,0.032797665644501636,0.16123123292903416
tangent_spike,128,169,oracle,1.5555555555555556,0.0,0.0
tangent_spike,128,170,projection,1.5555555555555556,0.0,0.8333333333333334
tangent_spike,128,170,empirical,1.6284190925963424,0.07286353704078688,0.24705929857319495
tangent_spike,128,170,oas,1.6062157208635444,0.05066016530798874,0.26696737642502083
tangent_spike,128,170,spiked_known_floor,1.560689724603971,0.005134169048415498,0.19251385641453242
tangent_spike,128,170,oracle,1.5555555555555556,0.0,0.0
tangent_spike,128,171,projection,1.5555555555555556,0.0,0.8333333333333334
tangent_spike,128,171,empirical,1.6375029714136973,0.08194741585814168,0.26704994582665503
tangent_spike,128,171,oas,1.6146427652425546,0.059087209686999015,0.26719831290587887
tangent_spike,128,171,spiked_known_floor,1.5859184045435557,0.030362848988000075,0.2052512861064986
tangent_spike,128,171,oracle,1.5555555555555556,0.0,0.0
tangent_spike,128,172,projection,1.5555555555555556,0.0,0.8333333333333334
tangent_spike,128,172,empirical,1.6170510403855645,0.06149548483000896,0.3736148310412111
tangent_spike,128,172,oas,1.6043012160990815,0.048745660543525894,0.3068967032467997
tangent_spike,128,172,spiked_known_floor,1.5657245262038204,0.010168970648264908,0.3026752556780777
tangent_spike,128,172,oracle,1.5555555555555556,0.0,0.0
tangent_spike,128,173,projection,1.5555555555555556,0.0,0.8333333333333334
tangent_spike,128,173,empirical,1.6519798491834676,0.096424293627912,0.261977515559948
tangent_spike,128,173,oas,1.6256449229234302,0.07008936736787466,0.2727140159059789
tangent_spike,128,173,spiked_known_floor,1.5986051735144398,0.04304961795888407,0.20729986161835603
tangent_spike,128,173,oracle,1.5555555555555556,0.0,0.0
tangent_spike,128,174,projection,1.5555555555555556,0.0,0.8333333333333334
tangent_spike,128,174,empirical,1.611016521161635,0.05546096560607924,0.27077292665359787
tangent_spike,128,174,oas,1.5966183995719812,0.041062844016425626,0.23119802808749043
tangent_spike,128,174,spiked_known_floor,1.5683609457491698,0.012805390193614204,0.18672886587049145
tangent_spike,128,174,oracle,1.5555555555555556,0.0,0.0
tangent_spike,128,175,projection,1.5555555555555556,0.0,0.8333333333333334
tangent_spike,128,175,empirical,1.6172038956870851,0.061648340131529616,0.2127253735402939
tangent_spike,128,175,oas,1.5988865446913778,0.04333098913582237,0.22204805770485045
tangent_spike,128,175,spiked_known_floor,1.5701042048080596,0.014548649252503897,0.14860168645571958
tangent_spike,128,175,oracle,1.5555555555555556,0.0,0.0
tangent_spike,128,176,projection,1.5555555555555556,0.0,0.8333333333333334
tangent_spike,128,176,empirical,1.6171142876438842,0.061558732088328766,0.2582868454117035
tangent_spike,128,176,oas,1.6019745738748323,0.04641901831927684,0.22325074802829745
tangent_spike,128,176,spiked_known_floor,1.5628251676017864,0.0072696120462307934,0.1621471097390132
tangent_spike,128,176,oracle,1.5555555555555556,0.0,0.0
tangent_spike,128,177,projection,1.5555555555555556,0.0,0.8333333333333334
tangent_spike,128,177,empirical,1.6281171914403023,0.07256163588474693,0.2518521613480727
tangent_spike,128,177,oas,1.6081084905356937,0.05255293498013817,0.22288617239200362
tangent_spike,128,177,spiked_known_floor,1.5672893047111929,0.011733749155637432,0.15133601708114205
tangent_spike,128,177,oracle,1.5555555555555556,0.0,0.0
tangent_spike,128,178,projection,1.5555555555555556,0.0,0.8333333333333334
tangent_spike,128,178,empirical,1.6245579842102515,0.069002428654696,0.23208964921493333
tangent_spike,128,178,oas,1.6059084332021116,0.05035287764655602,0.21875032518739476
tangent_spike,128,178,spiked_known_floor,1.5819526278234186,0.026397072267863073,0.15812056428516427
tangent_spike,128,178,oracle,1.5555555555555556,0.0,0.0
tangent_spike,128,179,projection,1.5555555555555556,0.0,0.8333333333333334
tangent_spike,128,179,empirical,1.6707553506877937,0.11519979513223805,0.2618535265038388
tangent_spike,128,179,oas,1.6422355501887058,0.0866799946331504,0.22946137019463064
tangent_spike,128,179,spiked_known_floor,1.6063247598987733,0.05076920434321777,0.18159449577999073
tangent_spike,128,179,oracle,1.5555555555555556,0.0,0.0
tangent_spike,128,180,projection,1.5555555555555556,0.0,0.8333333333333334
tangent_spike,128,180,empirical,1.6737389115343722,0.11818335597881663,0.2725275366835438
tangent_spike,128,180,oas,1.6423409255069488,0.08678536995139322,0.25387643138882177
tangent_spike,128,180,spiked_known_floor,1.5883983051724337,0.03284274961687803,0.18770377435371197
tangent_spike,128,180,oracle,1.5555555555555556,0.0,0.0
tangent_spike,128,181,projection,1.5555555555555556,0.0,0.8333333333333334
tangent_spike,128,181,empirical,1.6374991595332355,0.08194360397767994,0.27038638968084283
tangent_spike,128,181,oas,1.61162800213689,0.05607244658133451,0.30064464771803046
tangent_spike,128,181,spiked_known_floor,1.5724217137209289,0.01686615816537344,0.21765667368426977
tangent_spike,128,181,oracle,1.5555555555555556,0.0,0.0
tangent_spike,128,182,projection,1.5555555555555556,0.0,0.8333333333333334
tangent_spike,128,182,empirical,1.6491518535356062,0.09359629798005066,0.32226151880548914
tangent_spike,128,182,oas,1.6155954001239814,0.06003984456842574,0.368333895423055
tangent_spike,128,182,spiked_known_floor,1.5886284039180059,0.033072848362450294,0.2905729257047848
tangent_spike,128,182,oracle,1.5555555555555556,0.0,0.0
tangent_spike,128,183,projection,1.5555555555555556,0.0,0.8333333333333334
tangent_spike,128,183,empirical,1.6251544527493553,0.06959889719379964,0.28414076767319363
tangent_spike,128,183,oas,1.6021739179549366,0.04661836239938088,0.32256740888890895
tangent_spike,128,183,spiked_known_floor,1.56305897956755,0.007503424011994556,0.2526326088443494
tangent_spike,128,183,oracle,1.5555555555555556,0.0,0.0
tangent_spike,128,184,projection,1.5555555555555556,0.0,0.8333333333333334
tangent_spike,128,184,empirical,1.6262685300403406,0.07071297448478492,0.24809533274237702
tangent_spike,128,184,oas,1.6030722189320976,0.04751666337654205,0.27772204106065984
tangent_spike,128,184,spiked_known_floor,1.5690632579679136,0.013507702412357986,0.20415355115454867
tangent_spike,128,184,oracle,1.5555555555555556,0.0,0.0
tangent_spike,128,185,projection,1.5555555555555556,0.0,0.8333333333333334
tangent_spike,128,185,empirical,1.6124979975784326,0.05694244202287709,0.24892979627717682
tangent_spike,128,185,oas,1.597094783840239,0.04153922828468347,0.2346281411130202
tangent_spike,128,185,spiked_known_floor,1.570935533107049,0.015379977551493266,0.1708636150791252
tangent_spike,128,185,oracle,1.5555555555555556,0.0,0.0
tangent_spike,128,186,projection,1.5555555555555556,0.0,0.8333333333333334
tangent_spike,128,186,empirical,1.6204010416390178,0.06484548608346208,0.2484602592957664
tangent_spike,128,186,oas,1.5999027478653636,0.04434719230980802,0.2849002628149865
tangent_spike,128,186,spiked_known_floor,1.5675098377611663,0.011954282205610766,0.21558111311931963
tangent_spike,128,186,oracle,1.5555555555555556,0.0,0.0
tangent_spike,128,187,projection,1.5555555555555556,0.0,0.8333333333333334
tangent_spike,128,187,empirical,1.6470931912926128,0.09153763573705738,0.3373534857835394
tangent_spike,128,187,oas,1.6242625192475053,0.06870696369194983,0.2800705029687835
tangent_spike,128,187,spiked_known_floor,1.5785837563339782,0.023028200778422617,0.2688318996791806
tangent_spike,128,187,oracle,1.5555555555555556,0.0,0.0
tangent_spike,128,188,projection,1.5555555555555556,0.0,0.8333333333333334
tangent_spike,128,188,empirical,1.616146571407133,0.06059101585157752,0.28084307046863743
tangent_spike,128,188,oas,1.5979583011460876,0.042402745590532157,0.3141734933721035
tangent_spike,128,188,spiked_known_floor,1.5675222817226162,0.011966726167060631,0.2441273069157829
tangent_spike,128,188,oracle,1.5555555555555556,0.0,0.0
tangent_spike,128,189,projection,1.5555555555555556,0.0,0.8333333333333334
tangent_spike,128,189,empirical,1.6506768880711595,0.09512133251560417,0.2408107320924235
tangent_spike,128,189,oas,1.6215484955086152,0.06599293995305965,0.26238041336577544
tangent_spike,128,189,spiked_known_floor,1.5816478499439812,0.026092294388425627,0.1934822102994783
tangent_spike,128,189,oracle,1.5555555555555556,0.0,0.0
tangent_spike,128,190,projection,1.5555555555555556,0.0,0.8333333333333334
tangent_spike,128,190,empirical,1.6270662929807969,0.07151073742524126,0.24642708062292887
tangent_spike,128,190,oas,1.6091406695376567,0.0535851139821012,0.2527354775607874
tangent_spike,128,190,spiked_known_floor,1.5793095288092593,0.02375397325370384,0.18830075733263527
tangent_spike,128,190,oracle,1.5555555555555556,0.0,0.0
tangent_spike,128,191,projection,1.5555555555555556,0.0,0.8333333333333334
tangent_spike,128,191,empirical,1.62906323298932,0.07350767743376449,0.2540653729675462
tangent_spike,128,191,oas,1.6088731530614107,0.053317597505855074,0.22593925504549486
tangent_spike,128,191,spiked_known_floor,1.5661762476759504,0.010620692120394987,0.1693707407562951
tangent_spike,128,191,oracle,1.5555555555555556,0.0,0.0
tangent_spike,128,192,projection,1.5555555555555556,0.0,0.8333333333333334
tangent_spike,128,192,empirical,1.6420178662207787,0.08646231066522307,0.24396936125198088
tangent_spike,128,192,oas,1.621081757448217,0.06552620189266148,0.23177987305686862
tangent_spike,128,192,spiked_known_floor,1.5996553149613908,0.04409975940583513,0.1737005822834656
tangent_spike,128,192,oracle,1.5555555555555556,0.0,0.0
tangent_spike,128,193,projection,1.5555555555555556,0.0,0.8333333333333334
tangent_spike,128,193,empirical,1.6035742145642022,0.048018659008646755,0.2338371029449081
tangent_spike,128,193,oas,1.5909254397750379,0.03536988421948241,0.2289389001343508
tangent_spike,128,193,spiked_known_floor,1.5635626644299578,0.008007108874402176,0.15367507571466005
tangent_spike,128,193,oracle,1.5555555555555556,0.0,0.0
tangent_spike,128,194,projection,1.5555555555555556,0.0,0.8333333333333334
tangent_spike,128,194,empirical,1.6399980624294759,0.08444250687392026,0.2577394657511149
tangent_spike,128,194,oas,1.6132735307823687,0.05771797522681316,0.2792631212458065
tangent_spike,128,194,spiked_known_floor,1.5767129647217097,0.021157409166154148,0.2028347176593612
tangent_spike,128,194,oracle,1.5555555555555556,0.0,0.0
tangent_spike,128,195,projection,1.5555555555555556,0.0,0.8333333333333334
tangent_spike,128,195,empirical,1.6153930073414982,0.059837451785942686,0.24070804278741179
tangent_spike,128,195,oas,1.6007627747819961,0.04520721922644059,0.21367683923422412
tangent_spike,128,195,spiked_known_floor,1.5635624516019564,0.008006896046400931,0.14179183808748566
tangent_spike,128,195,oracle,1.5555555555555556,0.0,0.0
tangent_spike,128,196,projection,1.5555555555555556,0.0,0.8333333333333334
tangent_spike,128,196,empirical,1.6226217316322278,0.0670661760766722,0.2698647203356478
tangent_spike,128,196,oas,1.6040428883949729,0.048487332839417314,0.281012430076315
tangent_spike,128,196,spiked_known_floor,1.576887966550583,0.021332410995027466,0.2132210178861799
tangent_spike,128,196,oracle,1.5555555555555556,0.0,0.0
tangent_spike,128,197,projection,1.5555555555555556,0.0,0.8333333333333334
tangent_spike,128,197,empirical,1.6419120025213116,0.08635644696575621,0.27954736884774695
tangent_spike,128,197,oas,1.6213055490851476,0.065749993529592,0.24252733265140924
tangent_spike,128,197,spiked_known_floor,1.597673150023692,0.04211759446813652,0.20431221944533418
tangent_spike,128,197,oracle,1.5555555555555556,0.0,0.0
tangent_spike,128,198,projection,1.5555555555555556,0.0,0.8333333333333334
tangent_spike,128,198,empirical,1.626846983226258,0.0712914276707025,0.3513616422358117
tangent_spike,128,198,oas,1.611281701430519,0.05572614587496332,0.289781936192324
tangent_spike,128,198,spiked_known_floor,1.58274854795724,0.02719299240168461,0.2753471989737117
tangent_spike,128,198,oracle,1.5555555555555556,0.0,0.0
tangent_spike,128,199,projection,1.5555555555555556,0.0,0.8333333333333334
tangent_spike,128,199,empirical,1.6102973157264857,0.05474176017093013,0.23205582156872098
tangent_spike,128,199,oas,1.594519665561582,0.038964110006026585,0.2594974498005034
tangent_spike,128,199,spiked_known_floor,1.5688047415263524,0.013249185970797038,0.18533870081427747
tangent_spike,128,199,oracle,1.5555555555555556,0.0,0.0
